40 50 60
398
9 50 115 0
38 69 122 0
39 51 119 0
11 70 122 0
20 57 140 0
17 54 106 0
36 66 141 0
40 78 109 0
31 57 143 1
29 65 114 0
3 79 105 1
15 44 139 1
10 53 131 1
39 55 137 0
16 66 100 0
3 42 101 0
3 73 111 0
19 83 140 0
5 47 131 1
24 65 91 0
5 63 99 0
4 41 113 0
28 54 138 0
4 83 98 0
12 56 95 0
37 63 140 0
25 74 94 0
1 84 132 0
33 86 139 0
3 80 149 1
4 49 103 0
27 90 107 1
24 62 99 0
6 58 135 0
10 54 112 0
4 41 93 0
35 89 99 0
33 57 143 1
14 74 106 0
24 60 148 0
28 58 124 0
11 74 132 0
14 50 110 0
35 74 128 0
16 58 144 0
25 48 128 0
20 72 146 1
34 66 121 0
14 66 104 0
40 86 120 0
12 78 146 0
12 88 100 0
4 71 100 0
17 90 127 0
37 89 136 0
4 81 101 0
4 71 134 0
1 75 146 0
25 41 120 0
38 75 105 1
28 44 121 0
9 54 114 0
4 84 131 0
9 74 98 0
40 60 106 0
18 57 121 0
31 52 91 0
38 84 93 0
18 55 96 0
9 85 99 0
24 69 134 0
36 83 93 0
32 46 104 1
24 82 94 0
22 42 137 0
28 78 116 0
29 57 128 0
38 61 133 0
13 71 131 0
32 55 101 0
3 41 104 1
34 73 94 0
15 61 134 0
6 69 120 0
9 73 149 0
29 67 100 0
3 53 141 1
20 76 139 0
7 56 126 0
32 57 117 1
32 57 95 0
24 90 123 0
25 85 115 0
34 46 92 1
29 65 101 0
13 84 96 0
16 68 95 0
25 49 113 0
23 61 94 0
6 45 149 0
38 81 108 0
27 78 141 1
17 76 98 0
28 83 109 0
40 68 138 0
30 49 100 0
18 86 106 0
31 46 110 1
11 82 131 0
11 57 93 1
35 57 146 1
9 66 98 0
25 53 122 0
29 67 99 0
38 67 93 0
22 56 125 0
16 54 137 0
40 76 150 0
37 45 96 0
35 76 122 0
29 46 108 0
31 56 143 0
39 86 140 0
40 86 150 0
17 67 142 0
10 61 115 0
22 82 124 0
16 74 150 0
36 57 95 0
22 63 106 0
14 66 97 0
9 72 101 0
5 71 125 0
36 48 148 0
3 87 93 1
27 60 148 0
6 42 126 0
21 86 125 0
18 47 121 0
27 61 123 1
4 59 142 0
24 62 134 0
34 61 116 1
12 58 134 0
13 42 102 0
12 68 98 0
19 90 111 0
7 76 104 0
6 41 119 0
16 76 108 0
29 82 148 0
26 44 109 1
30 55 119 0
21 60 134 0
2 72 121 0
13 69 116 0
33 88 100 0
20 47 105 1
10 56 130 0
13 65 142 0
33 76 113 0
30 51 130 0
1 43 134 0
7 88 109 0
39 73 129 0
14 67 143 0
35 80 143 1
40 42 150 0
37 89 92 0
34 89 126 0
33 78 97 0
5 69 113 0
25 82 126 0
8 54 140 0
3 51 135 0
18 56 130 0
18 83 111 0
13 75 149 0
36 81 124 0
10 79 104 1
13 46 100 0
24 66 111 0
39 41 126 0
32 57 149 1
35 90 101 1
9 74 111 0
37 68 144 0
10 85 135 1
35 44 102 1
20 56 100 0
1 65 150 0
30 67 136 0
39 70 128 0
18 69 145 0
37 58 99 0
34 70 93 1
30 81 138 0
29 86 140 0
13 47 108 0
8 74 100 0
3 49 149 0
34 87 148 0
4 69 140 0
13 84 119 0
29 58 121 0
22 75 149 1
30 45 109 0
12 59 134 0
9 81 126 0
4 73 133 0
14 86 150 0
38 74 95 0
20 48 100 0
34 77 144 1
33 63 103 0
26 53 101 1
7 56 134 0
37 42 132 0
1 66 95 0
1 82 121 0
3 62 128 1
17 65 107 0
23 74 126 0
4 82 120 0
7 50 126 0
31 61 109 1
9 56 135 0
28 83 94 0
33 80 118 1
31 70 135 1
8 55 115 0
16 74 133 0
38 43 129 0
30 55 137 0
28 58 114 0
14 65 108 0
38 57 125 0
13 67 148 0
18 75 125 0
22 41 96 1
25 60 115 0
2 61 107 1
25 70 95 0
34 83 129 0
3 90 136 0
2 67 111 0
24 69 100 0
23 70 118 1
38 60 107 0
36 82 114 0
13 69 132 0
31 75 104 1
2 85 138 0
25 56 125 0
18 73 141 0
30 47 122 0
5 81 122 0
38 52 127 1
30 89 126 0
5 47 135 1
19 58 135 0
20 44 113 0
12 70 140 0
38 50 125 0
19 85 92 1
19 47 146 1
2 45 98 0
10 45 119 0
19 80 150 0
7 51 103 0
38 71 143 0
38 48 116 1
31 52 112 1
25 88 138 0
3 66 110 0
6 59 134 0
14 58 98 0
9 59 117 0
6 51 103 0
17 67 91 0
22 69 133 0
1 66 145 0
10 62 101 1
26 90 144 1
40 65 98 0
3 53 135 1
18 55 124 0
6 54 137 0
29 84 95 0
33 59 143 0
21 79 105 0
40 87 129 0
23 41 137 0
39 68 138 0
19 80 112 1
34 52 92 1
15 46 130 0
33 78 124 0
26 83 116 0
31 43 118 1
14 82 126 0
34 77 127 1
34 87 131 1
18 56 103 0
14 72 101 0
16 89 133 0
33 57 127 1
37 51 136 0
35 54 113 0
22 75 118 1
12 71 135 0
17 59 91 0
28 83 141 0
1 62 106 0
26 87 93 1
40 53 138 0
27 52 108 0
37 82 113 0
5 88 118 0
3 61 102 1
36 54 148 0
4 83 104 0
5 79 149 1
36 72 93 0
27 52 117 1
19 65 91 0
4 67 103 0
23 48 144 1
13 81 98 0
18 74 132 0
10 52 142 0
31 79 107 1
2 68 112 0
10 53 147 0
39 68 147 0
10 75 139 1
35 45 143 1
31 67 136 0
1 46 98 0
21 85 138 0
17 54 138 0
36 80 133 0
32 61 132 0
39 56 100 0
23 62 139 1
30 68 108 0
15 81 127 0
34 41 145 0
30 51 107 0
6 54 138 0
1 58 103 0
30 89 91 0
16 79 92 0
19 62 92 1
10 63 149 1
24 79 95 0
14 60 107 0
40 47 142 0
21 81 124 0
7 53 101 0
16 47 136 0
16 65 140 0
3 47 127 1
40 55 98 0
32 85 107 1
1 65 121 0
28 50 112 0
38 83 94 0
32 75 110 1
40 50 118 0
18 57 135 0
37 87 124 0
20 66 111 0
24 58 113 0
8 79 109 0
34 49 98 0
9 90 134 0
36 65 150 0
20 46 120 0
27 54 115 0
17 50 105 0
27 82 137 0
29 58 133 0
22 64 141 1
16 67 138 0
31 73 127 0
25 84 101 0
3 50 144 0
40 67 115 0
11 89 128 0
40 80 120 0
22 41 104 1
11 48 118 1
23 53 114 0
17 79 133 0
19 69 102 0
11 65 101 0
23 48 126 0
