60
38
78
35
30
28
31
46
135
50
34
54
77
95
104
144
61
69
143
112
139
75
145
122
5
76
25
33
103
43
53
9
127
148
140
29
90
6
116
101
64
142
129
79
108
27
74
49
26
125
1
94
3
51
152
109
141
96
66
4
93
117
72
138
105
106
52
115
10
150
133
160
159
157
123
118
73
7
36
111
15
14
70
131
17
59
16
97
146
48
67
149
119
155
154
98
85
87
158
20
126
58
99
45
37
21
130
89
57
92
110
12
136
128
55
2
88
11
124
156
71
40
41
62
114
132
113
23
102
82
13
107
32
56
19
134
91
39
121
42
100
47
120
80
86
83
24
8
81
147
151
84
68
153
63
65
22
18
44
137
