20 40 30
79
20 47 71 0
11 22 63 1
9 47 79 0
7 46 76 1
9 36 72 0
17 29 73 0
18 38 69 0
5 30 83 1
17 51 84 0
6 26 65 0
16 25 90 1
7 28 66 1
6 22 63 0
1 58 90 1
14 26 89 1
2 37 89 0
17 31 62 0
12 27 61 1
11 57 71 1
18 55 78 1
7 60 77 1
6 23 88 0
17 34 62 0
10 32 79 1
4 53 88 1
3 42 85 1
8 44 84 1
20 46 62 0
6 54 79 0
17 47 62 0
14 23 62 0
13 50 88 1
9 25 80 0
13 31 90 0
5 38 70 1
16 51 82 0
6 27 65 0
20 41 87 1
12 33 65 0
14 43 82 1
7 39 81 1
1 21 81 1
18 56 84 0
13 24 63 1
6 25 80 0
6 52 69 0
8 30 80 0
17 36 76 0
15 47 62 0
14 56 75 0
17 43 69 0
19 31 75 0
15 37 67 0
1 34 63 1
15 49 69 0
14 23 65 0
2 52 73 1
17 46 68 0
19 48 74 1
18 59 79 1
4 36 73 0
7 59 86 1
14 21 66 1
1 45 68 1
4 33 73 1
9 54 76 0
19 22 75 0
9 31 62 0
2 36 72 0
4 23 68 0
15 29 82 0
9 47 61 0
9 37 72 0
5 23 62 0
18 30 61 1
12 40 70 1
1 49 61 1
8 35 64 1
11 56 62 0
