90 80 70
150
72 144 177 1
22 91 238 0
21 126 225 0
77 165 218 0
49 116 198 1
21 105 202 1
62 120 228 1
32 133 228 0
62 153 206 0
41 131 187 0
1 104 240 1
12 115 189 0
69 144 221 0
44 122 179 0
6 96 188 0
1 91 216 0
28 166 221 0
67 160 177 0
75 136 198 1
21 145 234 0
1 153 189 1
20 151 193 0
74 114 212 0
42 123 209 0
70 118 227 0
46 97 233 0
88 129 183 0
16 136 191 0
36 108 229 0
45 169 191 0
29 117 234 0
77 118 228 1
35 135 194 0
78 163 219 0
2 168 234 0
2 149 227 0
31 138 226 1
49 104 213 0
23 157 232 0
76 144 189 1
29 144 171 0
26 108 191 1
76 123 204 0
39 102 205 0
82 135 177 0
53 143 175 0
52 122 220 0
82 123 177 1
75 107 233 0
7 108 233 0
20 91 208 0
26 103 240 0
46 169 221 1
10 153 240 0
28 153 189 1
78 137 232 0
87 123 226 0
66 165 205 0
75 115 236 0
39 158 215 0
72 91 233 1
6 162 229 1
67 91 211 0
46 155 175 0
56 118 226 0
29 158 221 0
68 146 227 0
66 122 172 0
37 95 198 0
40 108 190 0
80 157 233 0
20 147 175 1
60 164 189 0
83 145 171 0
59 108 228 0
83 129 173 0
67 128 181 0
14 123 238 0
9 100 191 0
80 143 174 0
78 144 210 0
18 138 233 1
53 136 227 1
64 115 191 0
3 105 191 0
86 115 197 0
70 112 195 0
48 133 227 0
47 124 178 0
41 116 226 0
34 136 229 1
34 109 194 0
77 115 200 0
40 115 177 1
46 146 209 0
76 109 232 0
29 99 178 0
4 116 191 1
24 120 221 0
60 130 231 0
14 135 173 0
24 97 206 0
78 97 188 0
79 166 229 0
9 118 234 1
51 128 174 0
21 150 229 0
28 121 221 0
40 94 238 0
73 151 177 0
55 99 232 1
26 161 240 0
34 170 221 0
2 153 221 1
19 133 233 1
18 146 227 1
70 106 211 0
67 144 232 1
14 160 191 0
53 104 226 1
9 144 183 0
5 128 230 0
40 105 201 0
33 108 191 0
4 125 198 0
25 92 236 0
49 146 173 0
74 123 227 0
17 128 229 0
37 144 238 1
55 93 234 0
90 120 240 0
37 110 232 1
29 151 175 1
17 130 188 0
4 141 226 0
60 157 228 1
19 96 198 0
46 102 175 0
27 146 177 0
66 144 233 0
32 126 220 0
55 124 226 0
8 144 177 0
17 165 229 1
32 159 183 0
76 151 239 0
86 116 228 1
70 156 238 0
5 115 229 0
