80
400
0
0
0
0
0
0
0
0
0
0
0
125
0
55
0
0
0
0
0
0
21
0
0
40
0
0
0
0
0
0
0
0
0
0
0
0
57
125
0
0
0
0
0
88
30
0
0
0
0
0
0
0
0
0
0
0
0
91
0
0
0
0
0
103
71
0
0
0
0
132
0
0
0
0
73
0
0
0
0
0
0
0
0
90
31
119
0
0
135
64
0
68
0
0
0
114
43
152
0
0
0
0
65
0
0
0
0
0
154
0
99
0
0
0
0
0
0
0
0
0
100
0
0
53
0
0
0
0
32
0
0
0
68
0
0
0
0
0
0
133
0
0
0
0
0
0
0
0
0
120
67
0
0
0
0
0
0
106
0
0
0
0
0
0
0
0
0
0
0
0
0
0
0
127
0
0
11
0
0
0
0
0
0
0
0
0
0
0
119
19
0
0
0
34
0
0
0
0
0
0
90
45
0
0
8
0
0
149
0
0
7
0
0
0
0
0
0
0
0
0
0
0
0
0
0
0
0
0
99
0
0
0
0
0
72
0
0
0
0
0
0
0
0
0
0
0
0
42
60
159
7
0
0
0
0
0
0
30
16
0
147
0
0
0
0
0
0
0
0
0
0
0
0
0
0
0
38
0
60
147
0
84
0
56
25
0
13
107
151
0
0
0
0
0
0
0
0
0
0
0
0
0
0
111
0
0
0
51
0
0
0
0
0
0
0
0
120
0
0
0
0
0
0
130
126
0
0
0
0
0
156
0
106
0
0
0
0
0
0
0
0
0
0
0
0
155
0
154
0
0
0
0
0
0
0
98
135
0
0
0
0
26
0
0
0
69
0
0
0
0
0
0
0
0
0
0
140
0
0
0
0
0
0
0
28
46
0
0
42
0
35
0
0
0
0
0
0
0
0
0
0
