194
114
103
160
167
140
137
66
101
158
107
76
116
122
56
117
67
2
180
102
36
89
40
190
152
136
3
6
33
86
35
120
130
171
88
10
20
143
55
198
98
12
72
131
73
164
49
151
91
79
181
172
43
156
21
53
169
18
144
186
13
128
65
139
177
162
174
25
92
154
165
62
31
150
61
141
129
29
182
15
173
115
54
58
83
94
26
126
41
96
191
70
163
17
27
187
7
147
178
37
80
100
57
77
5
42
60
146
47
176
93
168
145
14
112
195
196
161
133
104
8
125
46
48
193
184
81
197
118
68
170
38
166
59
121
28
4
11
159
108
109
95
124
119
85
157
148
75
132
52
22
9
16
30
24
105
189
63
97
71
45
110
90
78
44
127
138
1
23
64
106
74
142
135
99
69
50
32
111
123
34
134
87
155
19
84
192
149
51
39
188
113
153
185
179
175
183
82
