99
700
52
0
0
0
0
0
0
0
0
0
0
137
0
24
69
0
0
74
96
0
0
0
0
105
181
33
0
0
0
27
0
0
0
87
159
0
0
183
0
0
0
0
117
0
0
0
0
192
0
0
0
0
0
0
0
0
110
0
0
0
17
127
0
0
0
0
62
0
0
0
0
0
0
31
0
0
0
145
0
0
0
92
187
0
0
0
0
0
187
0
0
0
0
191
0
0
0
87
0
0
0
0
0
152
0
0
0
118
0
0
0
0
0
100
0
10
0
0
95
0
0
0
0
0
0
0
0
149
0
0
0
0
0
0
0
0
0
27
91
19
0
0
0
8
0
0
0
0
0
0
178
0
0
0
0
128
0
0
0
0
0
0
175
0
0
117
0
184
0
0
0
0
0
0
0
0
0
0
0
0
0
0
0
0
0
0
0
0
0
0
43
0
0
0
0
0
0
32
0
130
0
184
0
0
0
0
0
0
0
0
0
35
0
0
98
0
0
0
78
0
0
0
0
0
34
0
0
0
0
0
0
0
0
0
0
0
0
0
121
0
0
0
0
97
0
0
0
0
0
119
0
0
0
0
0
21
0
0
114
0
66
0
0
87
0
0
0
50
0
0
0
0
87
190
0
0
0
0
0
0
96
0
0
0
58
0
112
0
157
0
0
0
0
147
0
0
0
0
0
0
0
0
0
0
0
0
0
0
0
135
0
0
0
0
192
0
76
0
0
151
0
118
0
0
0
0
194
0
0
0
0
0
0
0
0
0
56
0
0
0
0
0
0
0
0
0
129
0
0
0
145
0
0
0
0
0
165
123
28
0
28
0
6
0
0
0
0
0
0
0
0
0
154
0
0
0
0
111
0
28
0
0
0
100
0
184
0
70
0
0
0
0
0
148
0
0
53
0
0
0
0
142
0
0
143
0
12
0
0
0
0
0
0
0
0
153
0
0
0
0
0
0
0
0
105
0
0
0
0
0
0
0
0
0
0
143
0
0
0
0
0
0
0
0
0
0
171
0
0
0
136
0
0
0
0
0
0
0
0
0
0
0
0
113
0
0
0
0
0
0
0
0
0
0
0
8
0
0
142
0
0
0
0
0
0
0
0
108
0
163
0
0
59
0
0
0
110
0
0
0
0
0
184
0
40
0
0
56
0
91
0
0
173
0
0
0
0
0
0
0
0
79
0
23
11
0
95
0
0
0
0
0
0
0
120
0
0
0
0
0
0
0
10
0
0
0
0
0
0
0
0
0
0
173
0
0
0
0
0
0
0
0
0
79
0
0
0
0
0
0
0
0
0
0
0
65
176
0
0
0
0
80
0
0
0
0
152
118
0
0
0
0
0
0
0
0
0
0
0
0
0
0
0
0
0
0
0
75
116
0
0
76
0
0
0
0
0
0
0
0
0
0
0
2
4
0
65
0
0
0
0
0
0
0
0
0
0
0
193
49
83
181
144
114
185
23
0
0
0
0
40
0
0
0
0
0
0
118
0
0
0
0
0
34
0
0
0
0
0
97
0
9
0
0
0
172
0
0
0
0
0
0
0
0
0
0
0
0
0
0
0
0
0
0
0
0
177
0
0
0
54
