100000 100000 200
90066 70011
25622 56627
26869 7512
22310 6589
86831 48362
3854 74304
53783 22836
93743 64956
73559 22836
81240 56627
13650 52197
25026 52038
48269 68065
46061 25836
44263 92879
67134 84842
22310 56627
47779 20802
88343 30589
99228 91219
77334 89805
27011 60223
86450 7512
40544 79913
76544 39864
90066 87057
48674 35330
79500 14111
90547 132
9658 24692
48269 20802
81698 92879
73559 64956
94817 25836
47779 79913
47779 64956
73559 20802
48269 1
58645 48362
91021 62486
75602 30605
99886 30605
46061 132
64746 62486
94404 39864
89546 77955
29169 56294
76803 1
46061 48362
13650 30605
62873 91985
86610 4789
100000 40226
24615 50116
14837 88568
87862 40226
76803 50116
62873 81692
29845 20802
25026 84842
13468 48362
85871 60223
94817 37347
32363 22836
83661 40693
93743 20802
70169 91219
77301 77955
66585 50116
85871 43865
73559 56294
39128 40226
29845 64956
76418 84842
14814 81628
83029 81628
32363 64956
1700 89805
24615 56294
32409 87057
53007 25836
62873 89805
68720 36957
39128 132
82198 52197
45404 91219
94817 53176
24615 68065
68103 87057
32363 30589
70205 35330
5073 87057
3854 91985
88343 22836
47779 68065
1198 58731
68661 25836
59215 4789
66585 22836
71717 36957
1 56294
77334 62486
82991 25836
1198 87057
9350 39864
25026 62486
24252 91985
88343 20802
23847 71956
29169 49048
21189 20544
26869 4789
86831 84842
71717 89805
73559 68065
29845 50116
21189 73875
67134 71956
9658 52197
6586 92879
41151 37347
90363 89805
48269 79913
16486 30605
24252 43865
90547 25836
48491 91985
80794 132
86450 52197
1198 81692
70205 71956
65678 84842
86610 48362
25622 91219
85876 40226
16160 39864
80794 60223
83791 68065
66585 56294
34021 91219
53783 56294
68661 20544
83791 49048
32363 79913
65013 74304
53783 50116
88343 50116
29169 50116
88343 79913
68019 52197
22310 132
53783 30589
45060 25836
34021 88568
40544 30589
92390 43865
48248 30605
45404 39864
76803 22836
63886 81692
86831 74304
32363 56294
90066 81628
48248 71956
5653 91985
90363 81692
85871 91219
65404 132
47779 22836
75818 53176
60230 88568
73559 79913
83791 30589
85876 20544
79500 20544
14565 37347
75818 43865
24615 64956
40544 56294
39128 4789
55695 28613
76803 20802
15320 36957
83791 20802
68661 70011
12504 132
82991 84842
77334 4789
53007 60223
68103 100000
24615 49048
77301 40693
58645 53176
53783 79913
65404 37347
68019 62486
91021 28613
70205 87057
1198 52197
71717 4789
