100000 100000 200
80114 100000
29512 6567
81023 66212
56407 94987
2 83695
39138 67583
80114 67583
96189 73252
81394 34328
81394 73252
29512 5050
49422 9160
81023 94987
81394 19022
80114 12554
56407 43880
56407 12554
56407 1
49422 34328
49422 93065
49422 48758
2 9642
81394 27571
96189 48758
80114 1
81023 1
49422 12554
39138 93065
80114 5050
29512 67583
80114 93065
100000 27571
81023 9642
81023 72272
81023 100000
100000 94513
100000 19022
81394 93065
2 72272
39138 6567
29512 93065
56407 100000
96189 66212
49422 72272
80114 73252
80114 34328
81394 100000
81394 67583
81023 6567
29512 1
81023 43880
2 93065
81394 1
49422 67583
2 9160
80114 27571
49422 66212
56407 27571
80114 9160
29512 94513
29512 100000
56407 83695
96189 9160
81023 19022
81394 94987
80114 9642
80114 72272
49422 100000
2 1
56407 9160
80114 6567
56407 66212
29512 48758
39138 1
81394 72272
29512 12554
49422 94513
2 100000
80114 94987
2 94987
81023 93065
49422 19022
96189 67583
2 34328
49422 94987
2 67583
81394 83695
2 48758
49422 83695
80114 19022
100000 94987
39138 73252
81394 9642
29512 19022
81394 43880
2 66212
29512 27571
56407 19022
96189 43880
49422 1
81394 66212
100000 72272
100000 9160
81394 9160
39138 9642
81023 5050
96189 94513
81023 94513
39138 94513
39138 12554
39138 27571
81023 73252
96189 5050
100000 12554
100000 73252
49422 43880
49422 73252
39138 72272
29512 72272
100000 93065
39138 83695
81394 12554
96189 27571
2 19022
81394 6567
100000 9642
96189 9642
100000 67583
100000 5050
29512 66212
96189 100000
100000 83695
96189 72272
81394 48758
81023 83695
80114 43880
39138 66212
81394 94513
81023 9160
80114 94513
39138 19022
100000 43880
96189 34328
81023 67583
81394 5050
56407 5050
80114 66212
56407 67583
56407 73252
29512 34328
56407 6567
81023 34328
2 27571
39138 100000
49422 5050
100000 48758
29512 94987
29512 9642
2 73252
96189 83695
39138 43880
56407 34328
56407 93065
29512 83695
56407 94513
2 94513
56407 9642
96189 19022
49422 9642
49422 27571
29512 43880
2 5050
56407 48758
39138 94987
49422 6567
96189 1
81023 27571
39138 48758
100000 34328
81023 12554
100000 66212
100000 100000
81023 48758
29512 9160
2 43880
2 6567
96189 93065
96189 12554
39138 9160
80114 48758
39138 5050
96189 6567
29512 73252
2 12554
96189 94987
100000 6567
39138 34328
56407 72272
100000 1
80114 83695
