100000 40000 200
90204 23928
100000 40000
92449 12961
41444 10684
23216 18413
94575 27048
14079 12522
4772 17606
24896 17606
64040 16036
57246 29058
14112 37550
57622 4760
30662 33919
35726 37923
8076 27605
79256 34127
18625 14607
2567 23928
90924 10390
78901 7741
10665 14232
24216 5098
37407 26703
79053 2496
514 38632
6554 28364
59248 25887
59293 12790
61042 9761
71846 21028
62642 34385
24216 36410
81021 9218
79811 18352
23947 37462
53650 6062
39495 5904
43592 2056
94575 26174
100000 7741
6155 24232
56188 17592
14079 10090
15508 19818
53976 9367
83554 26071
1536 11855
32273 23635
27230 22733
74194 5189
9594 11357
79306 6962
1242 25887
100000 37462
41276 864
1536 38632
80656 1459
63755 8389
89277 16036
79511 926
9201 20074
33498 5882
2756 16010
76533 10923
64040 9217
24894 20204
4772 26847
20075 14595
76756 22590
33226 37789
97223 25058
74664 28476
75313 3376
43592 40000
88897 13894
52149 13113
52149 9217
23216 37923
18263 36707
58743 8389
74712 17500
76533 4114
66845 37828
20075 4885
35726 38811
9998 17817
53612 7085
8076 38811
89239 28994
39485 35822
59248 5707
24566 5707
79306 14232
32096 9737
22991 13959
7811 3629
27058 6058
74703 10721
67286 31436
18263 26174
65280 30903
1242 27737
38005 33969
36303 13914
52947 17261
1 389
54303 34035
68500 39419
90204 22142
90004 35321
25243 20584
73472 31560
53503 389
24896 6962
60442 10090
7550 27605
93366 38578
60442 4885
4503 34127
69535 22142
21524 5617
33144 785
34031 18143
7550 36819
57511 12614
79256 36819
1 39811
40037 36707
93093 37089
37407 3323
24566 18413
43592 19418
18625 13113
64303 6017
88173 32048
49728 38990
80582 39501
53650 39811
21174 7741
33179 24145
45982 8945
55770 6062
16447 27048
514 36410
29238 13673
4680 27401
21174 10923
44658 26703
45658 29884
99930 10204
89277 2056
99930 12522
59171 33986
56772 18363
78768 13005
76388 18966
53503 8945
35903 22733
13983 3656
76756 5814
40037 298
45982 11855
58743 39574
55770 27737
37661 14595
69061 28076
63755 5814
74712 3323
21930 2050
35363 15302
33144 4114
63889 5935
2567 39557
69535 785
67101 23763
92958 20650
14728 18199
10665 22590
57394 21035
79811 37462
39877 26847
39877 17500
7436 4690
44213 12086
4503 39557
27230 9367
44658 10204
16447 14607
8664 3076
37661 18352
41657 352
19731 24657
1029 3470
78384 26564
97855 22573
1 39574
33473 449
53976 298
35903 5098
