100000 100000 200
96271 4889
97331 81353
20820 15948
18436 96627
82752 93662
84980 46219
68027 21511
79632 81849
79711 52101
32501 44928
71848 13977
14040 4135
36492 67407
26908 47152
87203 95071
54620 9116
6832 24103
97165 16454
81148 17747
71672 2915
88022 66599
34829 90872
27163 34633
84188 77285
77821 25103
71805 81356
27163 77295
37607 46219
31370 68180
26059 19268
26908 39616
50646 68538
37694 91735
13205 37507
68844 43762
53503 62764
49570 49206
29777 91330
52708 57239
100000 81356
79076 7519
21349 47720
73623 80255
47863 5910
27072 77160
81148 5558
21444 83097
52708 16051
44739 92261
87454 15304
55166 48330
11014 39359
93485 23931
21349 68180
44510 9148
3297 66599
41749 62764
76485 85014
2971 73995
73332 85030
100000 97041
70600 49206
94236 26575
36940 7519
41749 5910
26344 69466
625 59722
85973 3232
62291 11960
49140 47152
1792 66599
91619 50968
88022 25063
23130 16051
87875 4585
87733 6620
13205 63818
68767 72205
54038 16113
19462 58416
4197 28596
87698 92500
41739 49654
63990 55463
2637 97041
4338 83349
50864 4436
26821 50553
44361 44092
3297 53181
37916 78403
79828 615
68767 66795
28534 28596
37378 20280
3297 38793
2757 70475
57857 53584
28949 95060
97165 57239
87698 44928
73623 92500
39225 21511
60887 16449
57546 12031
39225 58881
3780 49654
53503 77295
12838 71204
82752 58881
100000 9116
34397 43434
63617 78566
47066 20936
95681 80058
32501 72205
37607 25103
88430 53961
62450 63780
74145 10275
77821 66599
56412 30614
1819 97041
23660 81356
68027 80255
1492 97043
86423 51842
78643 84623
57857 48114
49570 25063
1792 11415
70736 38734
82626 11056
33396 47403
70600 39616
80387 83780
23105 22987
27041 72950
58016 53181
92670 87054
39892 4713
50102 76979
44470 60479
23130 53584
79076 9116
71805 17747
58016 47720
84980 85030
22249 53559
31370 66795
14113 5249
64766 52482
47863 80058
10316 74659
13206 94640
97331 81849
39109 18138
1792 50968
79632 48114
60887 17860
95681 81353
80145 17228
9165 70388
80723 33953
92084 72145
4197 5558
46681 27785
65754 16172
49140 67766
13206 52101
1968 70243
92109 72162
70906 59316
43439 8706
36940 67766
93724 99974
45840 61595
3780 93662
78563 3372
28516 43157
95182 59557
41739 15171
91619 16454
76485 37507
79711 66599
93654 1121
1 34633
45183 39864
10002 34804
5720 91935
54237 74351
1 15171
2637 85014
631 36105
28534 94640
67409 55130
38186 77873
87918 92991
73332 63818
80233 23356
