40000 100000 200
17361 28944
774 66125
24719 48486
40000 29937
29888 4539
13399 36650
33520 68588
33771 1
8046 66125
8243 91037
22568 48486
684 71500
16268 68915
22568 19470
16328 77706
25782 78211
39476 88160
4235 58507
21102 35799
26248 79850
505 47254
22794 16950
10553 84380
5030 79850
15967 77951
13557 1064
2683 96799
754 68588
12524 30885
37188 55117
21722 69483
29888 6057
25668 14906
19450 1064
8243 95045
26305 92652
21040 84804
6608 78475
2321 58406
24719 34748
8046 4248
18218 67085
26181 95381
12318 66191
12162 68915
3661 13201
8028 19470
3961 67085
33437 4539
13557 77706
32535 33158
27558 73051
29657 48567
34821 98380
16477 47254
505 84915
16328 57325
32535 6133
7671 75833
12524 43165
30249 39481
24401 48582
34821 41365
12083 81935
27852 81430
4873 80802
38493 84915
27852 59198
33520 31717
2321 92652
12665 26262
27821 85327
13313 63269
12162 75833
16477 35799
8028 97202
28952 77951
19333 95381
6815 32476
21722 77785
5880 46270
13583 80802
33469 70555
2273 48086
16209 29937
6072 26565
26305 63269
15967 21928
19804 34187
38117 99456
30249 100000
13230 96186
38117 88160
33771 81430
27078 50338
10553 37963
27558 57325
38800 15369
13313 25845
22946 34748
26248 59222
10467 79061
34774 60185
33402 56758
13560 77154
27616 18366
17879 31717
3627 71500
7671 13201
22946 26612
33437 81935
21102 39992
36881 62813
17879 48567
5030 26565
13557 39992
3854 79061
56 67938
6815 59811
12665 28944
9223 84380
20951 73051
10467 98380
33469 30885
37188 48384
21512 96186
36893 70555
19450 89858
13399 59198
7123 69483
5783 59222
25668 99456
19389 26262
5880 57103
38493 78211
19804 29937
4873 67938
27078 75618
36893 12100
19333 89858
17471 99722
4069 37963
13583 26612
6657 57103
56 6811
4069 75618
16268 48384
3854 62813
26860 32476
21040 58507
6828 77363
684 59811
22326 58406
754 430
16846 41365
3627 14906
26181 28801
1 1
29657 77363
6657 34187
4235 46270
5783 56758
774 50338
33328 77785
26860 25845
18811 77315
3431 1
18218 60185
26917 565
30249 43490
21512 17663
33328 4248
34774 17663
36881 43165
4750 55888
34420 26216
21975 39992
22326 28801
20951 430
12083 55117
30393 33158
13557 48086
16846 6057
17361 36650
3961 84804
34420 12100
12318 39481
39476 25685
28952 48086
3661 95045
9223 6811
13230 6133
25782 91037
30393 46811
3431 26216
19389 97202
33402 25685
7123 21928
6072 66191
6828 46811
