40000 100000 2000
20224 23971
20868 4219
32516 11475
17260 76915
11785 69667
35835 48990
32053 63183
34066 3698
11883 51742
13490 91056
7073 14877
9662 68216
7883 26058
3451 17400
5022 2956
30438 4352
37176 76915
17905 44937
7877 3590
16807 70288
34942 95948
39007 7481
28291 77348
39490 61747
26657 35982
25518 14543
1394 73217
7567 50532
2812 38285
6829 52118
10209 38065
13817 4304
25025 65418
17013 40128
20707 24546
26721 36844
2704 73684
20083 53099
29136 40139
12740 74835
512 67442
30234 57185
39898 37850
910 28292
13174 68869
19204 77069
12068 68421
38096 73065
30737 48504
37921 65222
35661 19199
29201 68275
20918 6501
9840 50526
18744 90096
24024 27932
38918 26389
29280 10043
32860 40989
31215 16192
13776 82548
21765 37390
13607 81251
38391 7481
12168 44426
20224 93200
17340 85068
36452 55140
4486 59200
15480 84268
27782 37295
30884 90078
38672 67955
23122 44238
27694 30892
28600 8484
19875 53348
20882 19294
6277 50418
33792 95524
29591 21234
17101 1535
32988 83291
30259 6954
34823 71735
16405 33399
27424 99828
16202 4034
30251 44049
24315 78825
36970 37589
30934 32409
25891 40244
18555 5800
38634 43674
2582 71596
19324 38010
30249 19237
28186 27817
39408 76788
17649 86543
30259 89457
24677 99744
7145 31518
19385 18815
25866 67812
21509 97790
15490 90125
29058 71735
29174 53033
34491 87529
36563 51872
30978 70288
16879 45532
6523 14350
34397 19336
20711 14350
22654 29487
29893 76401
8423 89280
1893 55945
5733 33906
6594 30211
19044 52727
23132 72547
11717 6501
22429 56548
38096 11331
3048 50526
23622 23620
3188 64195
24147 13339
5684 94599
10965 44072
1746 54448
21298 72364
1893 18159
5193 12638
26918 32043
5291 20429
31854 30865
29712 34993
36266 89399
4343 51000
23541 75184
28305 16898
20788 49331
33865 14569
24089 81508
31023 15813
16347 72569
27658 44624
36971 36021
4063 14877
10756 50992
26348 88626
8423 4884
18786 52181
7598 44259
1600 29377
22265 21588
18457 1941
12949 34328
32939 892
882 89399
32547 20487
16369 13047
22007 24385
37810 87095
35114 86187
7073 34328
18199 43533
21205 7798
36080 53709
22878 55086
25230 51941
29557 28270
36819 31764
30275 91377
22944 45915
24766 34288
4739 83622
30842 62358
8830 56868
31075 60121
3720 61086
12453 33073
25185 47105
31752 99034
6025 38907
1712 50418
37706 55811
14472 54491
30900 74739
1794 90986
38363 34690
493 65556
8409 22164
20936 77709
26127 76593
8562 85297
39088 75026
23266 84625
34066 5110
39772 6084
29448 5110
9633 23466
36093 8024
20994 105
26493 92487
34977 61393
38213 53983
7553 16765
16755 2960
16306 37638
39114 28292
7877 60357
34151 95513
17680 26917
35321 24221
33938 87957
3847 39851
8316 31518
13 41815
16347 38699
35535 10813
12576 61399
12740 8039
31148 90364
9483 49177
21798 8625
17649 48504
11789 3981
34955 64334
29111 2946
3178 51373
11508 65615
6153 79157
36819 32476
3838 89933
30863 99797
36695 4537
19272 76358
13760 11322
25882 39181
27337 58365
33566 24021
24723 3796
34638 90148
28422 96272
12398 26593
21928 30994
14990 32473
18193 69713
38472 30236
32841 7974
20349 14656
38977 115
17155 89466
16639 55032
13000 53526
36391 51401
20624 64921
16353 52118
35464 52729
10306 78656
15120 74701
331 17613
1290 34288
17904 40144
6662 86645
96 95271
9185 93691
11210 23350
31951 26935
12672 11477
1 95683
19071 55811
37719 18663
7334 37525
16480 4573
2088 5226
2395 52942
39554 29487
356 14468
35049 40227
34483 69318
3054 88720
27885 45123
26348 76358
22977 13010
35414 77901
26692 4676
38803 35107
37631 15737
38472 75619
34578 54371
12672 73990
28760 25660
2470 89068
17904 54382
13760 93584
20606 32514
19536 55140
30992 72375
39088 11331
20557 39762
24570 33132
23956 90598
39434 58620
31987 70575
18811 61886
34483 98358
1405 69436
30265 63460
6117 72699
12468 10622
17002 89616
26577 3526
36577 91695
1321 92681
7004 89187
14730 65069
19863 12129
27518 44713
11762 28047
25628 12288
21341 17090
34025 30674
1266 39349
26459 56295
6739 91350
1685 89409
1394 63192
6852 24610
27819 51714
37049 12775
32011 54448
2470 15686
36835 62935
24451 19684
13581 69329
38686 50802
22152 70161
8956 99801
2745 97763
25284 31764
4116 65845
35523 2086
33498 33132
12449 86543
12857 87095
39738 7253
11750 35848
4143 8906
29712 57405
6804 63348
20170 59809
32988 80786
14925 3887
36236 61606
12362 40139
23004 86219
31209 54522
7047 93200
16139 99981
12783 50498
24871 69005
19556 73034
29844 87441
32833 61079
28768 26935
13163 68391
23016 45915
26955 81508
18605 27883
39141 44624
331 89702
22450 45973
6660 34395
2942 52727
14201 88944
26990 7410
1266 62367
22213 38699
15532 8039
11410 78509
27215 90106
35582 12173
8081 2086
16786 86137
21213 64275
38876 1323
30884 90173
36484 30354
20060 7755
33731 81814
7428 92412
11972 43783
11177 77069
11177 18116
24290 40134
13070 46572
18811 49161
5195 95428
2129 36551
19147 78901
30143 28599
28996 3472
9185 45131
8957 37572
7881 43905
16209 23874
38133 89616
31571 17575
5684 38418
24666 4090
38554 40227
35252 246
26508 57042
16306 92412
16478 47868
22729 56735
2088 8705
26459 31643
22894 29495
12449 30303
5495 82896
10193 24040
1963 47552
12886 56506
22735 52088
9773 22
16247 30730
19147 45251
15230 77309
16209 74835
5201 63912
28870 63797
14040 91569
23494 66416
33595 19548
33071 50505
21907 69584
29512 95948
32579 68869
7630 15686
18336 94897
29275 85857
16239 5456
20711 33152
23956 72569
24346 43522
24303 49526
31144 71062
1712 56506
34563 99466
26220 19806
13098 17418
22753 71961
14760 41800
12702 29418
32847 35249
36324 15791
34923 39430
1 54522
1413 4741
25068 38285
17811 11322
20979 37782
20826 47048
28686 10744
29049 16169
27737 80065
22894 87529
1290 77492
9275 41800
15197 52582
17892 39349
34757 15696
25209 57563
38739 7644
23373 80147
27820 8395
5763 59470
24831 54244
31104 67875
24789 51742
31129 59492
30274 97341
35276 54382
21324 27511
37771 17575
497 14418
30570 11251
19454 95869
2840 80434
33226 17440
28734 62935
32194 50268
18242 36606
8227 73433
26532 70870
24581 98533
6404 76116
24223 36021
34991 22827
25185 2561
24746 65891
9551 32257
9710 61424
31063 93097
9022 4884
8987 96758
35770 92914
34117 89993
6824 25108
6508 23811
19865 58469
38803 33833
13174 85416
31148 23851
12561 50793
32927 15579
23543 43778
39908 92647
26908 52582
19272 70528
12041 15737
11750 62407
34928 66218
32187 78077
20083 16270
32939 54582
10602 72375
29701 29253
32659 2113
25747 52845
32663 69841
6404 3698
34928 38024
12598 22561
25873 73006
39077 69502
14463 62407
31467 91604
31529 16090
35582 87957
7235 9350
26131 27249
10448 69584
30978 17712
25284 14816
8409 44049
21108 93691
7198 94793
14201 80561
2913 52094
14457 53400
1619 72547
34397 3900
317 2682
12992 95573
31987 58987
11455 19555
32465 26016
34275 21299
10043 19555
6102 64864
23275 38065
29794 71753
38056 73065
13068 62367
28878 3097
40000 100000
5284 89358
21680 1466
23000 35966
39077 65891
15296 93488
37206 5569
8830 6836
11542 2336
21671 45222
32579 37525
13962 2090
38247 25531
39537 51860
4739 11669
26577 54751
16807 44072
26393 97295
5220 75369
7288 67258
23696 33924
6996 23021
12069 36099
28 4677
2191 56125
31153 76305
20994 25018
25882 32696
21203 19806
23334 51433
17850 25018
24996 81366
13581 59200
25062 39175
12886 18714
25230 21793
5498 91062
7288 51373
11066 78842
29114 63850
3152 63851
35567 49059
28305 4274
29136 89933
37771 82896
6977 71238
31144 80949
11604 10116
35009 33906
2573 68882
31382 71297
18716 96294
24075 10359
30400 54028
19108 51927
24987 95962
20768 54152
5284 16410
23896 26917
2127 35902
22429 23570
13245 39798
38848 94701
38910 69318
10954 16082
12004 86553
17772 36606
6804 93652
24570 51927
2116 57510
6852 10172
6678 25242
12130 39430
34853 12833
6538 51110
29592 32741
18342 58604
23132 35729
38324 35902
24905 47901
12311 94576
33479 15446
1685 4222
18305 32696
4420 27771
8010 59122
15142 52561
3376 76116
3857 79163
435 68730
38942 75379
23203 23774
8356 49015
1240 8233
9042 15034
40000 52942
7598 72281
34151 72470
22213 89409
36563 61257
18908 91774
16502 51983
19843 5714
24789 67636
4116 4339
24646 50030
39772 70202
10043 88944
16502 42638
36423 60021
7185 82703
27601 74267
11278 27992
20352 57276
24766 69502
21896 2050
7675 53099
18285 60357
1823 73574
28427 48773
34205 6362
6662 92898
39434 80142
5748 93105
14760 66168
17105 81535
10763 95825
17074 65702
39480 23135
20962 67721
35869 24031
15120 45251
30842 70528
22153 77890
21773 42021
6966 42703
30900 36567
15506 83187
13680 3833
37133 41396
29857 77735
7630 11617
10905 20462
1378 52927
6678 42901
26218 60743
13469 84501
32752 44153
2116 75905
37438 46038
19716 83257
8421 10116
1785 83232
38071 8233
15142 1904
27919 79077
17048 59529
31547 49109
8460 43941
33329 42013
25205 42233
26378 57332
38686 56237
14072 25108
925 59122
34991 63175
12433 47784
11508 84643
38745 69713
5495 88338
2587 50505
9654 4676
1829 6069
8407 8847
37396 6954
39398 61424
36507 18815
31683 66663
22184 91870
38755 9776
14350 53140
11785 35698
20332 19541
17469 9473
5413 73929
24400 30668
11342 91463
21633 19253
19597 95649
15128 23851
7136 52490
6645 34082
33200 71120
14406 64459
33462 55010
29807 1206
15532 77890
39490 37589
13695 4339
13671 97242
3206 9350
17002 97295
31683 25594
20665 97291
30645 71789
30153 49234
24268 11003
25874 95869
15603 35881
38324 83622
12448 85746
30863 53400
37810 77203
25180 59331
1817 49159
28427 92914
36080 8964
993 41537
20724 19819
13068 60781
22654 11301
1853 14694
16193 3854
21907 24264
19204 53702
15990 22659
3054 84643
33884 62039
12453 67258
33212 10273
37874 18428
29895 42703
3847 43674
30240 28342
26464 17926
11278 10733
15480 1956
27334 57009
5282 32087
33617 95374
30287 57358
3206 14694
10809 24483
5156 30789
24832 94338
6579 95715
37729 56125
17772 33048
3452 69008
38893 67160
6977 15061
32752 74701
24282 33963
10209 78446
32152 29526
18537 79396
18568 83187
36585 67584
29449 7782
39007 7105
36452 48990
31075 22659
34640 18577
5761 11207
34387 55581
31530 5936
7553 76401
28006 88452
35805 5739
6026 81227
23000 24610
2510 33984
12311 55086
18285 18159
29156 80561
1774 4456
24380 55010
12041 71832
9006 14253
30992 29418
2180 3900
36266 74267
37017 17269
35177 19541
31603 92916
13463 90078
8083 79856
17219 48935
17225 89457
10756 80978
35270 51732
28236 42920
21896 57617
39157 22538
36473 17440
25390 9473
30877 84438
20302 14600
18193 24021
36578 37469
14543 19819
19872 69008
16747 23375
12076 26714
31171 10813
11353 95513
26304 10878
18070 68931
36289 94338
20826 29816
37396 38766
39537 49161
11520 55581
12004 80205
36209 29810
10771 69456
33711 73987
35763 95544
29592 53983
2812 43778
27276 42638
26955 34339
10965 33833
26777 61331
1083 61563
10951 26198
8512 41798
21213 59301
29922 61334
8736 44780
10786 33404
19292 29385
17045 70161
21596 67408
24655 8912
32520 26843
20423 91496
22807 46846
32159 74132
16748 31776
26769 55070
36289 58819
37438 58016
8383 68969
34942 77142
22753 5715
6538 8484
32520 75665
1327 58954
39699 23021
11342 50802
12822 71961
31316 97350
12613 587
435 1996
6042 17239
3722 4628
13609 56058
19597 35881
13924 3472
10905 52364
7833 17331
25037 59331
33104 32257
38056 75134
21644 17879
12591 32741
3152 77203
25048 32476
13070 12513
26493 18570
12468 67870
9812 27196
6824 61288
29058 72244
38075 72635
24223 77395
15120 17440
5133 80963
22450 18116
35709 52088
13136 85684
3548 42233
38910 53196
32749 28628
5133 56016
25866 6836
29119 26484
1378 71654
34147 11276
13333 93652
30877 55502
9378 97242
27618 98828
12717 99919
16736 47408
15100 91134
17985 80489
12500 69871
12499 70264
18305 83541
11542 11112
20236 89280
36003 67584
9042 13190
30445 11241
8449 50244
23125 52809
37729 75026
6416 41825
2249 77534
26692 72364
16144 78776
32215 39429
27215 43503
23506 37810
29825 25325
15602 10178
27765 63192
32860 35739
364 53061
19493 27161
33014 80425
37237 89993
9773 93508
14797 90173
35270 97350
5423 73355
16829 18713
8711 94239
11866 7760
15879 10625
19885 12093
29737 17869
20764 25729
6078 68413
39935 32257
19385 19237
16743 37629
25079 35729
12541 80142
17555 17055
22977 4403
20439 71366
24746 37
27424 70836
13368 65001
12237 87686
22807 96438
5368 65556
38608 52284
27526 50824
39464 19199
9262 7105
17928 57510
12717 99828
7432 72770
29218 65615
21777 35698
22007 16270
16171 42931
30442 40804
4432 5715
22103 15813
20436 45123
10828 20870
29111 34690
20979 42517
37205 63919
39429 27511
20671 52888
37730 72677
21298 86370
5720 95239
31171 61236
31215 75134
38494 92032
31063 48919
39632 2561
8010 24191
16691 58469
27232 24564
30645 53055
15183 43681
7222 43128
26042 95500
34640 34157
22536 80465
23373 4219
33146 34395
34387 32213
12130 10592
31129 41537
24192 89068
6660 60781
24281 13883
27601 17400
38906 53865
8512 17269
20936 27804
6883 88804
4808 96478
20284 65823
20788 23874
12783 39344
39898 30594
3322 82509
39892 65933
25747 40144
2691 58987
33938 86667
31734 12784
23941 60850
33800 37629
10215 50532
5385 51407
29449 57405
28996 57196
24359 83541
19536 61399
38133 23620
4732 83001
35633 90298
8212 5569
37034 94370
6966 28686
18222 94352
6829 73433
35464 75491
19493 27804
7334 12288
12172 83188
36898 19294
13163 39851
20423 37047
16303 56473
3691 81227
26522 44713
6593 94793
39127 66663
29152 23660
18181 35146
403 47065
36681 362
12591 52094
24467 5199
1897 52066
26872 230
2180 80699
30366 5966
24467 91569
8449 83027
16113 1853
4887 12186
6593 77510
39141 35966
4081 40341
4369 7033
3519 60725
2702 48736
13095 68199
15674 39929
11740 28961
35535 47749
22310 53702
6996 25325
32159 80949
24451 88683
34145 20462
7098 7036
5442 4274
25025 22
39429 65702
29338 5535
16113 24191
7999 88894
2760 70836
24209 45446
24624 2320
37840 10157
34297 88080
1800 40804
34180 15709
3178 86137
2942 44153
28056 11477
23543 11669
4440 89702
8559 57358
4512 77527
39699 91350
497 29039
6523 68315
35892 79322
29106 89215
22944 54582
3567 95691
24871 36697
35523 4034
7766 79322
33200 69005
38075 53097
7198 90001
24700 47301
17928 71677
32757 30303
9208 9489
16918 68701
6959 93584
36746 10755
31764 42517
902 64179
33479 32136
541 21777
1794 20193
24433 80978
29119 72244
37173 75665
24964 67636
35869 93097
7854 2803
8957 11469
21798 18577
29945 68730
6739 91798
24433 69439
17680 36567
733 4090
22080 41589
32011 43905
5201 57042
24964 67870
9553 91463
3452 94398
17693 24791
21777 54244
35864 94370
36473 8024
34117 11112
31716 35446
34578 77492
17960 27603
30275 6597
22393 8625
15688 105
9710 83188
29280 86370
19688 20242
14990 21588
29454 57487
38071 17712
24380 73034
8481 56117
7047 80963
23893 67042
30570 61086
10892 78029
34768 87838
7084 4856
8227 99797
23166 15579
20965 6818
7185 32136
38213 39344
9028 61886
29893 95428
27089 59809
18342 73006
7006 38042
35770 24031
24024 86645
25628 90986
32927 72470
17353 86747
6880 48744
4924 68741
28725 52561
16595 71789
28285 75905
27708 41590
8464 30236
6880 10625
35421 81134
31547 15284
37017 50498
33625 49574
3188 27992
29347 39339
2691 56117
8060 21561
12809 5936
5195 88338
24941 64260
29946 90607
17340 25079
6909 25930
7194 64275
39448 8705
15100 78446
14072 43503
16952 71734
22152 46572
22153 59470
3608 47263
9614 51860
22103 51732
33421 67858
1318 48919
38353 1853
26022 10157
36507 18936
12541 71832
20707 21950
6471 10178
11972 34082
38942 11475
25874 27196
30573 61763
1600 50305
11740 23466
23751 56058
22310 66965
16119 36297
24290 90049
17318 34050
19454 64459
24671 23570
35835 48773
16353 67630
7675 63912
24471 10592
14065 65105
17850 21950
1746 21793
23268 44554
16786 7644
16480 5226
2099 75491
35009 46609
2127 98994
3720 4628
15296 32213
29799 31659
38893 16765
20872 46876
20236 77395
36835 83339
22265 4403
29857 91134
3838 33048
25033 19554
21103 85112
20284 36697
1 19432
36093 43585
35298 58877
16743 49059
21108 78796
13463 99100
13609 12513
3220 22148
14463 37782
1771 93868
4486 13923
23134 42131
5200 96438
38560 47048
31281 11470
867 54751
31951 56201
8700 19205
5763 95683
11015 67042
38560 2336
9355 54729
153 57797
30249 90852
31320 2090
38071 94327
1853 29495
12611 66160
13189 99438
27526 77510
29448 49015
38700 40480
38554 50244
7979 69925
13962 58819
26497 93102
13924 46038
21123 18166
2966 24791
12500 16062
8356 15284
12857 9776
7235 24264
35892 24546
20095 84774
33684 2397
16829 45301
34188 25242
8421 67630
19277 52432
32177 78096
7145 68916
98 59640
32659 44857
19556 80205
4414 65221
3451 27932
25852 8233
16035 12563
20436 51835
12822 61334
1936 77760
28768 84774
26464 10622
5442 57196
8305 73141
26650 27089
20095 1904
23942 2050
34728 68916
12224 65893
18199 36844
33498 57332
13202 87467
30026 69549
317 60850
1681 51950
1978 53865
23751 12912
38247 24571
35177 37390
20504 41461
15602 24782
9532 24995
2136 87840
17289 20743
23844 59111
25873 33192
36578 18965
15120 28292
37205 55502
35069 21717
23941 49238
30791 53097
8168 68415
29470 74242
10898 55474
9367 35107
39632 58976
33344 85442
8906 56237
14805 63796
18454 77011
37631 42575
21929 23653
9606 45553
14797 8395
31764 96478
14 23091
35209 28342
16235 3486
20170 10916
35864 94462
38800 3661
39448 71120
19108 30576
19872 22827
19292 49109
24666 15034
29106 40134
17892 56201
12875 76326
4130 12173
10954 12775
5333 94599
16405 892
38391 27786
1406 4440
20404 7988
24831 11301
34928 19336
21678 12896
26508 7782
34491 21112
35727 71677
45 59242
34923 10733
24528 11406
30492 81540
11473 67856
31951 19083
10358 43944
34561 86074
14699 25764
8702 97878
35727 55945
14749 51941
8159 17564
15128 84147
11520 64195
34791 21892
24905 87968
29313 65823
5333 59301
33041 93508
10771 52364
31209 68741
34896 24385
19166 16740
35960 38937
34145 78796
38906 36029
21245 39859
7766 91798
29218 11251
24624 51872
23016 34157
35241 6804
18103 3952
11883 91496
39398 69214
16138 75970
4808 49238
32244 12296
3691 71232
28870 65418
4448 42131
37414 2027
10215 81163
23062 74364
21324 67858
26095 26685
37840 1941
38494 98994
27276 15446
7428 26484
31616 61431
32185 43378
34147 21299
27089 69925
36577 99919
15861 16891
23134 90001
5761 16891
6645 92898
15603 69456
35709 82703
12576 12912
31462 44327
9551 13190
17225 90598
17560 75983
20918 54603
2191 75619
16137 78901
21338 43680
15615 13923
39908 87092
29025 58968
26220 115
38745 68969
15688 13883
13202 28961
31529 50824
867 77011
21033 230
28428 19152
30287 37676
22079 27235
13162 18965
22393 95962
11189 57715
27337 22219
36134 29213
29313 22219
9143 31659
24346 30211
20332 85254
35276 62358
31011 98361
27 2113
14192 52809
27232 86334
9553 19471
19428 12951
21400 45044
14040 49331
28285 22830
36970 94398
15781 89284
1619 55388
23622 89358
27888 98350
25390 13328
24359 86553
30400 8072
14618 20336
1318 37638
24192 84501
38363 56396
31985 10916
22912 78316
9633 65845
33071 66218
9028 18154
27 44652
36898 29336
15861 54371
7588 55614
1896 84438
25326 51835
19209 2441
25037 39175
6026 69329
27658 71232
9785 26262
19875 8072
34478 19684
4066 11320
31804 97249
38731 33152
14192 90852
16736 58016
37237 44780
24209 93488
25068 23971
31985 88683
27885 19432
8310 85567
25386 72635
36046 55587
8781 53196
4924 4856
31555 33325
8731 96645
39554 54028
31734 24698
7432 93105
25326 45973
19044 2946
3600 31950
32678 16410
34188 11253
36003 2320
11480 78391
23125 47901
34015 80699
493 92032
13695 11253
2975 43585
9367 1943
35661 18570
31908 24221
9143 15095
33626 48039
17104 61257
38977 63796
13817 77735
37774 72850
35241 66965
38353 67204
9812 68315
13469 1943
9840 96793
34183 74028
33849 89520
7222 30594
30329 54293
35241 58976
19865 80147
29174 12784
16137 37
2307 11361
8559 11668
8781 90106
15934 69072
12168 52888
34823 87784
15120 4676
23896 22164
27518 4573
24671 14816
5200 85416
25180 69439
23166 22830
25795 44327
34549 25079
23423 51760
13112 3590
33566 77142
26908 61236
17469 94576
34549 99100
18242 10043
12801 76741
3722 49586
15506 90049
17155 86667
1978 16062
14749 1956
7194 42575
1396 10345
10469 38021
8464 70575
13942 50300
1800 45446
34275 24782
33146 67812
6277 94084
17105 30674
7940 19245
7780 1147
22341 64133
33104 38158
15674 30576
17416 7759
2053 78181
16118 74886
32749 52927
14990 100000
28056 90364
16895 79243
8316 21112
20882 35739
6598 37676
4130 2682
2662 74432
27820 28628
37504 41450
24062 69907
10602 33245
6213 2211
2975 99606
31908 80786
14805 16898
31316 45301
993 69871
18584 85254
26872 76319
15615 51110
37706 81163
37719 56868
29265 60121
2587 34339
7979 70202
4305 45251
11189 81535
29922 4222
8702 28599
21669 24897
26769 54259
36585 7033
2748 39929
26798 11406
29895 63797
28444 37850
20724 38766
31530 37469
22536 41825
29825 57617
31462 48744
9443 49510
3048 89215
5733 47105
32678 59640
18457 84147
22878 52729
9385 15406
25386 18154
13162 5199
30240 11668
20671 67204
40000 17575
12542 17613
38739 16082
12172 72770
15197 11617
26393 52942
32516 43128
36971 99606
35049 74400
34896 20487
39101 79765
26522 35848
31320 63851
39851 66648
21033 15061
1114 12042
10390 97637
39114 59492
2913 18713
26953 92647
8906 19554
33078 11306
8383 11469
28600 6084
26657 20467
29265 16192
2760 32098
23942 33245
29945 73217
12542 74739
9262 91774
25795 77709
6594 63074
7765 12872
7881 71062
18278 95291
2190 77693
28725 94462
9275 97878
18584 71238
30383 87090
34478 68663
21569 80403
17260 33773
39242 1164
25852 43533
30737 56016
3548 73990
19598 74121
7588 68421
9849 13047
38376 53061
364 15095
30442 50992
38731 50305
17104 31643
9849 8287
25315 29211
8212 13328
882 80465
38755 87467
9022 37047
15879 63074
13671 82509
24832 11276
14039 53488
35209 69214
36169 47749
35567 46609
6416 33773
1840 98134
4432 61079
37173 84268
30251 96793
17045 41798
6733 30274
11836 8019
32757 55070
23275 76326
24528 36029
30274 68663
39127 63919
7736 72281
25048 35982
33041 74400
9378 17926
878 14418
5368 88626
14488 65715
13112 28686
20404 63175
24089 52490
24471 38158
20868 4882
35983 73354
98 58365
31013 7123
16202 51983
13333 38418
2748 97341
17388 39798
35812 67160
11455 18714
6177 2774
32740 64921
18450 40263
25079 44426
37403 21365
7598 70319
29898 50963
925 3526
1896 94084
13245 86334
23264 15847
8481 46846
32833 1996
28067 71077
23893 71654
32740 49586
6598 88720
25062 3661
6471 19819
34670 95288
215 6597
19468 73964
3376 53055
15990 52845
4063 61747
7567 10878
11717 87968
37049 26843
33852 66478
11015 57715
16610 7495
3322 23383
5748 29377
17811 29385
17074 92487
34728 87784
34015 47408
10448 33399
14065 55388
38634 8964
25616 34417
18908 83291
10100 15799
26022 20467
878 44857
4440 24571
29156 24698
25305 53033
215 19471
29799 27161
12068 54603
38266 86854
37034 27331
1631 24469
26304 83339
31699 97003
26953 29039
35567 12832
910 29816
27765 29336
6959 87092
7136 27786
26378 56295
25033 25531
26122 97197
32547 83027
33800 58620
14406 40989
28444 7988
16410 6080
24987 18936
23446 31678
35321 33192
12875 76319
33462 20193
37206 13010
34025 8287
20624 4304
20500 35645
27679 18341
37196 91377
4747 24548
33421 68391
30791 61288
12949 43783
26721 34993
13690 93776
37549 2513
28433 18726
37196 37572
32510 96492
11353 27331
1646 82651
12702 43522
28734 55614
18510 62362
7327 88521
16595 10172
12734 22570
7736 56548
31362 97084
16691 54259
7161 26667
18568 24564
2240 74376
38376 69667
22735 56396
7084 33073
17388 11207
25305 4882
38800 91695
33826 41997
2099 25594
18340 62138
19071 16090
4369 39181
8736 44652
21203 63348
37176 48099
13305 835
39323 27000
9614 58604
39527 91681
8081 64742
12362 85068
35812 53709
31023 64742
24281 89466
34082 42342
26798 66168
13034 35714
4448 45131
16701 12418
16369 65105
18454 70319
21765 23383
29512 98358
14457 74132
6285 68283
39464 32098
7152 15515
38901 68875
11604 75379
733 95649
25205 48099
30143 18663
36169 53348
12809 42901
