100000 100000 2000
79495 509
94897 75381
32960 54441
99155 31174
66265 7414
18982 3067
53136 34229
24769 31465
22138 8136
38817 31174
21250 26564
57608 34078
44705 30154
84747 22255
1 6222
74428 98636
75137 32463
57120 37803
25893 46541
17074 68132
36596 52
67837 70599
58515 50333
34251 79333
64878 33633
58665 6331
59196 544
59592 54351
86570 50218
85081 26910
91761 100000
6292 66391
62384 83927
18946 80858
58188 83511
10892 75559
19824 17329
99824 23295
56391 44235
34559 58300
61767 91709
22415 81437
40682 45099
35088 76326
52236 63465
62413 31903
36893 38751
42202 2120
27061 48566
38654 35876
26862 49295
84944 20117
12600 62712
3362 54074
88026 18296
84086 48989
40082 60022
58774 24899
80636 47777
90511 26956
77424 60321
23813 38829
15193 87829
93073 628
27072 62514
98943 67821
5022 22372
54464 89913
24957 51798
51123 37574
71598 9666
514 21366
35895 41930
98823 26564
39891 86781
80023 306
58697 52915
93442 84961
19525 84899
39929 48876
72707 54412
43316 79333
98462 34433
32271 80404
41650 68903
7176 55310
97053 94494
81998 11049
85065 22709
74091 46587
21358 22366
98249 19213
94730 68247
59402 80817
84747 31727
91717 76052
60331 56694
59939 75473
88979 58788
39058 27897
29609 84626
9831 95100
42330 70954
64421 51031
88026 65255
69125 73897
37469 77321
52145 14233
94867 35876
71492 47446
32478 15252
95188 80102
8335 96022
39762 97247
57462 7892
2192 3208
47346 32675
39697 96537
8051 16077
16315 58096
1125 10090
36596 12954
66592 76122
51027 81198
79903 47049
94837 41644
2599 94287
35447 66409
88175 50507
65071 59095
47388 24320
17817 84522
15761 87455
75527 61972
10106 55652
79204 57794
17267 25958
8520 95895
49531 86384
5646 8433
98249 16132
5919 58727
26196 53537
97144 34542
25672 73787
74976 32757
44075 11579
7746 97574
25895 39678
73040 40270
61559 74881
62844 14707
83419 80225
94857 40031
53342 70125
18669 43087
42752 42882
56662 32907
88533 66077
61945 82900
51583 97520
91284 75898
77136 31727
48804 40884
13941 54357
90679 71779
1632 1262
2192 87965
13243 18931
92340 51405
14026 53365
93321 98265
87039 31792
3857 46730
58764 26094
36808 79423
37068 94724
61090 57376
59627 41733
84070 17963
42330 68693
66409 31651
64871 19213
76289 98073
31610 33844
37080 93424
50923 28875
57108 32269
57739 70749
45004 80598
67384 8221
59402 42035
8406 11246
53852 42142
32596 94829
51849 7701
37620 37939
99054 74509
73160 11049
59627 66289
61664 50687
13243 12868
44514 20342
16559 60578
39067 71393
92767 17074
13282 14219
22478 50648
69310 81292
43825 45661
61105 78906
36450 80598
32684 28776
20319 61478
83255 10705
1527 50974
31350 39541
60143 80246
37834 93028
51183 83780
57492 34229
88175 6346
36098 22791
6118 19465
47852 65558
22844 54121
36970 84065
32387 65355
36032 51325
88626 41176
16315 50812
81934 74102
3495 70671
32596 93604
84461 95824
41310 48741
19343 48854
87437 74791
16030 35855
96954 8221
53054 1018
19057 95635
77318 25051
69238 21488
61559 43903
92354 3005
73040 91251
86074 32212
90277 17175
83631 13037
61362 61945
50993 61637
52884 33287
72879 32437
83263 23320
24210 90227
13684 86944
13348 80781
51465 78999
27219 31803
85458 99006
9570 16087
62384 26094
514 74418
45142 56722
22329 88868
24203 12055
50754 23451
51263 80858
29945 48358
72773 22192
94134 15907
98904 58819
11753 87950
62499 14408
74916 72262
55896 96699
7877 86408
18801 10639
68733 71221
53356 29896
17775 82215
70873 80418
58522 53627
69293 83413
80924 85913
34251 91727
43927 5529
82623 93969
93518 55271
51101 93550
16355 18124
78611 87640
42563 53380
38603 46119
49954 78018
69684 50226
64464 32726
39578 90077
2599 48741
18359 72005
63292 72743
23248 97310
93913 49226
28505 11251
29942 23744
49954 21215
24482 89763
53412 17388
90460 16115
71190 8327
94492 3349
58567 48518
57825 74974
98691 28515
41532 49977
77504 91875
88308 34426
70873 9621
40076 46887
53109 65355
49556 41427
15621 10721
64123 98404
46295 56557
21527 52628
53132 53533
18721 82214
32679 2423
93913 66326
5188 4263
90756 63008
84097 3242
99658 76418
28074 75270
17837 78757
22514 92598
7417 80995
56129 19784
8595 81342
1437 25957
59196 39593
31483 30998
12679 75594
96844 94408
12050 38497
44961 74660
69794 40270
88723 53854
40103 63456
76196 13158
84061 65255
18743 24451
26730 93701
90847 16633
34559 63691
83448 67399
17330 37574
28380 24366
43402 46654
73407 46824
69470 56844
85737 21141
64497 2341
34087 5529
98050 84961
36808 54074
70325 93550
83062 25743
63472 97051
58567 49438
9798 5840
51465 75270
41532 16796
88979 36236
58210 36389
18619 43562
10944 5183
67503 97206
74889 56733
66916 79102
26949 48610
76186 63067
62136 7764
98823 54072
49060 27129
48270 17388
60331 29138
26862 23836
9209 16132
78632 94822
53114 99635
84072 56411
86840 56192
90511 82902
64106 70954
60679 97051
61722 70620
74973 66792
51534 83831
15581 33276
63335 97206
22329 5890
99331 67806
66812 42991
80294 80817
43903 86362
85258 8680
82289 44583
52744 27093
57391 96494
85438 6360
39985 58725
76042 10090
65903 64121
95857 33921
80154 95895
64835 27365
79204 53711
33158 57109
50057 31986
74999 16669
87067 35046
17165 86289
78475 62499
88629 21821
94857 66567
27096 11579
31108 27447
93187 62494
97855 6416
65092 48301
19577 52565
13373 78959
67807 61459
38387 29896
13348 80610
52958 26604
69244 81526
26949 17684
74992 31766
80889 35407
23563 78977
61482 97493
97865 15417
65775 32212
54116 33007
98898 89913
99437 5267
67268 51386
9827 27897
52802 37981
21284 85105
84526 30269
72052 72411
18946 28242
11563 72473
84973 34832
91805 38208
722 33472
6051 1003
2667 46541
26730 57045
12395 35274
78116 33921
84078 97964
87067 2445
55470 18133
89382 73345
95072 35183
1476 8136
98050 89130
43058 74881
92820 82902
32993 19272
88405 94033
85374 40310
51846 38088
25554 21557
41310 14408
29679 28459
72475 19272
76864 91191
52449 15627
53731 13600
43058 75381
36384 95680
69216 30206
21810 66249
48591 64992
58904 53546
32960 78257
15761 95264
42232 3599
94213 445
2208 30438
72491 26787
47849 95149
52228 46223
12162 50218
94335 66979
71034 75807
36970 5584
1920 6151
67979 43886
90060 25680
44142 24926
73005 54441
90756 10356
62499 69108
54138 46587
93719 93411
26294 75564
59302 11362
10297 23320
90679 35625
91508 79696
28028 39154
32842 99879
84170 60578
30477 95818
69756 78592
43042 77525
11596 93110
36978 43164
18821 93604
53097 54072
89945 80500
58764 63372
95618 5730
93024 80954
80636 75254
13408 24660
18619 42469
98513 21082
69734 91394
41702 19060
19409 52720
22415 55227
36169 87481
8335 75830
68548 82971
13684 2166
60501 37404
27214 36478
75877 51419
78133 63915
38806 46982
19409 45516
75207 3212
87039 94829
82799 13528
53203 31484
91250 26787
65022 3208
3513 26917
59199 6222
69156 84418
14026 78319
4732 31803
82325 1323
65514 96537
53199 16074
21742 34998
57608 28875
6827 84573
43626 43826
18982 78461
93153 16783
47556 53546
89605 60693
22032 49070
98163 45661
11443 43834
76513 80610
61854 55332
33225 71893
25441 24320
34429 69454
34880 79033
76313 71103
2025 56557
28333 78257
10757 65927
27993 62695
63277 9621
82292 85272
88308 26269
21527 57785
74406 52900
24159 81552
51123 10089
37511 89204
8937 11652
82352 35199
75263 93349
40749 19280
41970 18087
79859 30608
37725 60556
36384 8509
85065 25086
82288 70038
45093 53854
34874 81613
65457 79033
94867 16796
71034 17329
42060 149
24482 7895
89643 71258
14204 10721
24163 14881
75527 56411
22185 94587
90585 82620
10297 14972
51630 36750
43927 12868
33049 99958
66265 92598
51835 49612
44660 30998
92354 46918
29945 59405
64286 51945
50210 67294
96932 54671
37511 51619
47852 38208
39762 22599
60605 34306
94492 90701
5077 43539
57120 2445
79738 593
47388 13656
56391 58990
95995 39938
36931 95635
77755 38582
93153 74740
86483 40876
85864 6501
36486 13656
30479 86492
14204 89591
22878 14641
27138 47307
72818 84580
35895 43087
40268 55871
93226 214
64543 80489
4816 22342
40460 53777
71628 93424
30883 11246
53199 40487
67807 33097
61362 38088
12600 74442
95913 97584
90060 12055
10872 85578
29627 63731
89455 74660
18786 44053
42060 1428
62641 35446
3964 7892
48751 28425
84751 56596
94726 16641
84061 80246
771 62818
7064 52628
82317 72663
22478 17947
23915 7792
32522 3850
20188 47871
27421 75594
60910 86362
87548 60793
87530 23175
25895 28490
81377 86720
16499 56492
44999 88702
53356 56596
91761 63826
97965 40244
30578 55029
30415 54560
74408 97048
97865 54560
57264 61194
7928 8387
76042 70038
76925 5892
84461 52381
61551 68394
45642 28448
1307 14233
71290 61840
37770 42309
99155 81342
21769 23295
9296 24730
70461 79491
68418 89625
99415 42622
66812 93530
4180 36236
51846 93456
70189 41733
89096 80522
84420 79675
54739 32309
56202 54466
82136 79914
41702 10263
69866 42035
18801 91538
18743 69722
36486 32907
22892 64920
31350 73002
42326 55332
28017 54904
91284 52623
79697 76091
19246 25392
85816 76476
70768 22632
28380 91401
39420 4798
33297 8433
77136 24723
64310 9506
94958 72513
39762 25222
80075 35407
35578 87536
59237 54351
26339 65746
79204 31465
73185 83484
32271 34832
43316 9628
82423 41607
65514 52720
66409 57603
1778 11651
41830 77316
83238 21949
48532 95157
62641 35784
94897 26065
31450 61972
38821 94287
27249 24298
24210 6964
76482 21541
24769 25680
37531 91124
39647 21431
55872 17074
39058 49295
98358 29512
19550 70781
27219 48566
23593 71995
26908 95264
64310 98404
16701 3242
5839 29725
5589 83822
67217 86759
9827 19125
23248 26715
13941 95149
69734 34078
93367 90086
59501 32546
74122 47948
73243 99886
62206 1145
37725 72899
12316 79588
57967 69535
62136 77841
19680 33669
33297 78999
86811 17769
97892 77174
90092 27821
51183 22219
36999 77760
54773 1469
40899 98798
64738 33301
3964 73812
67063 41703
44660 8387
28074 24362
26196 57040
27341 89130
24839 42991
19057 63686
27421 52762
84657 33375
32522 12757
36954 71115
42693 33221
52145 62109
84170 81636
84072 98386
58210 72930
68548 72042
40749 61579
81588 26476
87868 22709
53525 5840
5648 67456
72220 37806
64421 50730
79859 79967
44705 97536
39909 92623
64882 31792
202 50634
28523 11337
52958 19991
17214 60685
35447 42469
88723 79696
7877 5160
37068 5330
77565 3005
38806 16115
15621 88194
45093 28425
43193 98466
1214 34306
80374 90077
74122 6964
79470 4263
56701 28465
22138 84065
57806 67350
15193 34433
56662 5227
10361 53365
1061 49184
50956 68917
49243 18334
18265 55834
37080 96541
29609 46690
80788 13600
75932 96022
92767 32221
71628 44053
48804 42171
94040 64423
38603 44521
82317 12511
95913 90227
53132 22970
71966 4193
60479 4602
13012 56155
42338 45533
89423 82058
73003 70721
63589 44392
1061 55847
24707 94269
5646 5183
36896 74102
44514 70194
52050 99986
60367 17321
8595 89591
80740 42647
39052 35784
39762 21541
76241 42622
74889 21215
36896 32401
8844 93715
9344 39942
54675 62647
31468 65483
14757 10263
49352 12921
34583 56429
75932 24298
3432 30608
48270 50448
96532 80102
28717 59614
25874 34125
86475 21366
39052 80581
12216 61361
72475 3436
76912 92597
63292 72947
73467 92597
44911 5045
10402 93605
63277 24944
11211 31973
28408 52559
60591 84848
63990 96722
50886 85249
27072 49184
85081 80442
40102 88191
17165 37038
20188 61579
3515 54503
86909 51410
49666 64839
19378 8447
17171 64474
14538 76122
38654 50507
61515 13125
19168 1350
62206 63686
67217 32577
52449 23836
15566 5330
44067 7701
49292 74158
51783 22098
11642 79416
90785 66326
467 80418
23630 41176
4102 65059
3114 51619
69216 11
87393 17652
24769 13327
68446 97389
93843 87829
90863 78319
7064 96138
89284 80781
49185 71889
3513 37704
89009 96294
85158 93546
49243 43920
47556 85272
86554 38660
14582 36352
83263 8327
63254 88962
88744 40742
82835 14129
48056 19125
16876 70125
6847 24362
24159 66430
33657 55691
30815 75898
47437 12954
94297 93605
5660 3247
60955 18334
94297 99326
55944 20605
18669 64202
37013 51405
67859 5160
81998 93701
90396 50974
91805 77174
91034 48358
41970 28465
3297 25455
87643 67910
79810 40310
78531 81014
44951 70049
72491 14248
1009 87965
43903 20698
500 1145
64131 95334
37901 278
77755 66434
31202 31766
61909 18264
91761 70194
24507 58094
59379 1160
10801 88343
62595 34197
50617 14129
6847 47871
74001 98663
80023 56349
90460 29517
69916 54357
57050 66430
80154 5584
95024 92956
32643 48413
18354 22722
22569 56349
97916 85234
41650 80842
87868 96541
36435 65483
7079 12228
39697 34197
73085 96907
93843 74446
3781 9055
65775 214
50886 76601
89448 53052
34874 24265
79470 62712
53109 59946
65112 25455
69193 81393
99398 23347
95417 26909
20184 99913
68102 27363
58385 26065
65457 74465
91009 97536
50941 17531
23324 33221
48539 92432
56401 55029
94666 68388
44254 88962
43042 42545
95588 23483
16610 65842
72707 6346
78611 573
35088 95773
72745 71742
5470 13126
96532 61246
27358 67794
30883 24899
76289 46527
81504 64820
89009 29219
19067 70749
3835 91640
56202 74158
65625 85205
1632 40487
28028 58512
21811 91709
75080 56844
68102 90086
82312 20342
18631 51798
3297 82627
92797 83461
39300 63067
16793 63350
28708 2215
52181 10089
76482 20187
96454 58632
99063 37980
5568 31855
60501 75283
84106 89107
36931 30907
73407 37803
60036 62023
80374 94033
2025 19280
86977 97584
79204 77760
86483 62647
39300 50226
63472 31651
94762 61459
80075 64202
87530 6574
81929 30383
2667 82193
81934 59095
52228 79967
149 65927
60231 91115
67533 81367
32652 18093
87119 58732
81546 13243
52201 92623
75137 87412
60039 39745
52236 61945
26967 39409
94958 82473
8520 49612
72009 88343
87162 77258
31202 50333
94762 25086
82829 74806
1 91739
46837 13008
22381 49977
55896 44521
47750 72412
52605 65059
59668 28490
10757 57020
19277 13008
45886 25547
46409 74835
1390 64121
1631 32221
10469 77841
85046 11053
56295 99714
88988 48559
94733 26823
19824 39593
36430 46824
88978 24175
37701 82058
5565 20698
99398 30383
62076 56578
84652 81334
56701 39541
88629 40244
69799 71944
58377 17201
90074 96492
79201 55227
71190 94724
50956 45099
59237 57668
10872 82214
69453 61246
90832 35309
98462 31331
62934 50348
75300 48518
28132 9666
99980 61178
24235 60685
38381 72005
73467 30010
4608 28161
28097 26095
35038 9628
52513 64820
3432 75597
55470 9937
69453 79423
16398 88845
95788 86872
4102 52437
43967 73002
70461 22255
77424 5890
90396 7091
52973 32301
1307 30206
100000 86362
39909 60556
722 52559
90785 91251
50941 78906
5589 48610
83965 78948
25672 38751
11025 7895
48831 3436
80237 41567
93367 43920
76684 52199
80788 80947
51775 17246
74007 74689
82908 72036
83329 71755
4732 75254
29228 24909
37701 15027
10868 59271
24235 23175
38456 63197
44632 56492
26613 89763
9344 33097
46143 97223
27138 72663
1125 77525
51272 73787
8844 65558
53585 26604
19816 6151
63155 7663
11211 52762
15581 70671
66592 26269
40724 49548
91662 35046
39067 71995
45004 26715
14538 24944
83062 78757
72879 52758
18122 92378
96732 25222
66063 38077
8271 60808
82288 52
22892 74446
26149 35035
70793 52623
18359 41703
74205 82661
88988 44470
29600 21141
75911 53744
86570 59405
91012 6227
69700 27407
25452 87593
1527 24265
38973 80225
49185 87412
12381 70260
32529 83511
75525 306
10298 21557
68605 40852
6411 24437
99331 91401
97965 54557
19343 91394
75786 3483
53585 85913
63254 27407
31468 14778
20803 29408
48587 18895
44255 12530
98898 32269
35844 91910
36931 8680
57492 96138
39033 14593
7093 80581
17330 17750
42430 35654
34228 56310
57462 53537
16876 90987
57391 46730
27949 92956
3716 83836
72922 58634
96133 12984
89096 96494
17753 73405
42584 54466
35038 11
49292 3067
8051 16932
96454 29253
19689 55490
32529 29517
21980 36951
37316 7569
18122 28242
72009 17947
65625 46887
7261 44392
59199 80442
94837 75564
16734 11337
54675 4695
98365 5227
83493 52900
25129 80404
53147 97819
20803 48308
40752 98265
95253 52758
50143 38205
71898 44583
58188 66289
54622 64344
17214 72947
28333 94408
34488 73098
39578 20812
50143 67350
7261 40992
34002 25547
73005 37726
12679 70599
88405 68903
61250 41744
6292 10966
67268 18931
63131 79416
42584 53125
74933 80695
84106 58990
29600 21045
79889 13148
27815 94587
72773 8822
12050 19465
98124 75508
51027 61841
29927 85868
9745 40884
14326 73785
15966 26632
58364 31238
44075 95197
73198 46091
3114 63008
48350 9946
94962 58948
1920 72899
80924 24256
50057 26956
25359 97462
55872 14972
63988 38582
26145 48670
58774 97310
47849 64344
23324 68999
76713 93978
30039 66979
34870 68999
45697 80947
9234 58851
40682 82567
22381 4
72333 98118
10361 45180
55533 99635
13956 25392
53852 75812
17817 27528
93283 82996
27096 24451
4608 93546
57050 62514
75263 6331
37020 29633
36435 18296
59592 31238
76242 80522
52802 4
45681 99736
12744 71742
89781 33234
39985 58096
31237 67294
42873 22599
70000 91228
39637 67399
38817 22219
58904 57040
5188 70260
41360 66567
36169 76005
28474 46223
3473 10422
57108 10966
32424 33660
1631 544
92506 26736
27061 81205
44961 56310
99924 95824
67837 60321
43967 66274
48831 72411
95574 26231
61854 30109
91034 76326
39471 63456
74192 46674
3480 42151
90074 46835
30868 67034
84078 88121
54227 10639
37620 57045
28097 80842
94877 34448
72818 86492
57782 38475
66008 82015
37041 19898
9209 16385
81607 86827
81600 67316
12162 29490
30159 30420
26616 85482
60955 30109
76513 55847
14371 20668
14326 20323
42316 33633
51101 40876
49870 92088
5769 94174
30415 51386
77382 27711
94279 95767
75525 17684
54227 56578
58515 4388
39471 7644
55222 85683
32034 71195
75713 43903
74916 81437
37013 47124
38973 96294
60143 57180
25900 93357
19277 38205
56401 5733
64123 6585
3362 18124
73507 90385
22677 71516
10402 49438
283 89238
24957 8509
28416 55747
80612 20187
67216 16370
79958 95833
33350 52238
24203 47777
43256 62540
52513 17652
31483 82473
50210 97964
76242 86759
467 66434
99415 64920
82272 25222
8406 98466
79513 49893
72052 59946
79889 61301
33334 81552
90863 28573
67503 93456
7184 39020
64106 57668
80294 7414
7093 42545
60331 20812
71023 96616
91662 74418
77759 1160
19816 30154
44471 16783
69827 35625
71027 69116
55533 21045
65903 3850
20892 26095
83238 96659
11025 48428
51583 13126
1009 22970
98365 149
76912 17531
8452 91739
92340 31590
11642 99667
85532 74927
57825 65925
34997 14642
14730 78311
30815 46388
82835 37981
86885 9918
32387 15417
14816 60894
48532 21821
2173 16826
32897 47307
16355 88121
76241 49226
94611 81613
75224 76074
83431 63908
20892 17750
73218 57794
58665 95197
60679 40031
44632 21949
71598 42171
36450 78018
24239 25725
94730 47948
51263 13095
82539 63522
58385 59439
16499 66274
51630 75807
4014 58326
73160 27528
32652 6227
82830 11652
85258 92378
52605 92443
19055 54412
57163 73812
40607 20590
60362 5263
57144 72042
13408 93756
99900 22791
38387 97386
53412 68093
1476 10356
6364 76601
96844 42142
22032 87640
72266 19991
45697 41607
51523 88217
74406 52381
34002 49070
69629 72476
13934 36750
5744 62089
29840 71628
82829 44470
91816 1653
48730 86408
67859 63306
22514 53711
48751 48637
76186 42702
28132 77129
95618 61251
42454 66232
34059 37404
3627 8759
82715 40079
72265 92716
79576 57955
2592 98024
83419 64953
30479 6333
12381 31942
54138 27363
95024 9918
75713 40992
70793 67806
9947 29408
57514 79624
33350 46918
84751 82015
19680 18093
76092 7989
77759 8063
98615 7792
65022 82627
9726 32577
34870 16077
20319 97386
75080 75990
91250 68917
25129 25958
28690 66090
85158 19060
53342 88194
17267 93530
19067 44235
25893 61251
82862 42196
85374 50348
36168 52915
67664 13336
28408 72709
12447 55691
40752 39942
8937 33634
64871 78323
87755 29328
27949 48308
69827 35574
47437 59439
58364 30010
8016 33634
16925 24960
79123 12511
74091 85249
36098 81636
25554 52437
59668 76005
63131 573
46527 71019
41843 11110
93321 28573
36430 82567
64464 32546
79123 46388
95188 31942
19055 71779
83329 23347
50821 29138
29218 85105
42326 68093
97855 83780
46295 61855
53525 80489
53097 93715
79958 21203
6572 22342
81929 99006
77565 57603
58697 90987
64878 61976
21284 95833
70189 77285
82423 53533
10944 71115
42873 82193
95467 13466
42316 95758
77288 72191
7417 63306
34880 36164
19067 45559
10469 20590
53397 45658
24839 90533
31801 27296
45886 13148
91009 45516
88970 98589
54622 77760
9798 58512
26616 75812
44067 43562
82289 45180
32220 13984
85458 27821
69700 31973
4816 1350
18721 6585
98615 95773
23630 53125
78475 66077
99924 63691
84820 85081
79865 95200
84814 72912
77504 99667
38821 39154
34228 64953
4607 11110
60003 53567
12744 50730
55493 2957
66149 77305
75650 39274
26486 46261
58507 40934
5565 86289
75300 78323
94611 36164
95244 16502
78133 99326
13956 35855
44471 88868
99900 34125
39637 95767
82325 46119
75460 47678
72745 81198
52625 63058
79810 63465
33334 75990
8567 15027
82272 98386
94122 35574
10021 56318
95253 14850
47914 260
62595 98268
5660 55207
72333 6333
65071 15627
6364 8822
40076 18895
63988 58300
94539 67671
67041 53480
88626 76476
32034 53052
69866 63951
42419 68247
32993 37939
63155 14850
27249 33472
48674 16679
88533 26917
36893 5733
27815 24723
87107 30438
61767 24256
85816 59512
29218 43686
66008 76437
93442 36352
65288 80540
80612 31593
10298 29377
84973 14778
26294 34426
90092 85205
99824 31590
94769 69695
49598 88470
23824 66409
75786 68693
14757 46982
16559 54557
40082 63951
26908 61478
64342 436
73218 32437
31237 29377
19140 6152
6118 52238
19246 58632
50617 5730
4607 94570
74998 21767
3857 38497
84420 16074
66258 95680
91012 48854
23593 84626
23888 98766
50821 61855
15566 78592
63335 20323
32884 40217
22185 86720
53731 1262
52219 7553
50923 1323
38647 28481
62934 83927
75453 71889
28523 46527
76925 79491
23915 97520
21811 24660
42693 37726
46837 29328
48056 75830
44142 79930
56412 13594
89455 565
11849 47124
69470 13095
87755 4695
16734 91950
98828 64791
81377 95758
37090 19058
500 93978
57739 95967
33784 87520
16030 70721
57163 21203
8452 34306
44254 91950
79201 89107
41843 72743
49943 38506
52756 9803
5470 32401
4180 48428
75453 81205
86885 73785
32897 90701
66008 9506
30318 53246
42419 77129
76623 28960
94279 83822
43193 65925
43449 91510
34059 61841
18773 2166
98124 80995
42301 59354
95857 91538
36954 74806
12447 48559
10801 77305
86977 72930
24576 55761
91508 565
18786 16932
2208 71195
39674 23640
40460 37038
83448 85482
81504 26910
74793 1848
17074 3483
14582 58788
9715 46583
67384 29725
18773 98268
96954 90533
62076 18087
83493 3349
81655 83701
52201 55207
20091 29448
43825 68394
71898 7663
70325 6037
56188 98073
39659 33276
58782 83774
82312 50812
82830 72709
97892 84522
1390 22192
22569 93756
41717 62980
53150 89955
51835 3247
51849 6416
66149 36389
80889 95967
10059 38865
7928 43686
74007 62109
41360 98118
39659 92443
69799 84580
56188 86944
86074 57020
33657 96699
68640 52058
72266 56733
53136 91727
61105 87455
9745 18133
38381 50448
26613 14248
28474 80695
19168 75597
72751 78630
57806 19058
40103 75508
89423 87481
48697 64672
9726 7091
37548 87565
13683 96492
3438 5197
51272 29219
17837 38865
78133 97247
84097 24926
80308 86273
71044 89395
64543 78461
54464 11251
87393 90385
86475 51031
26466 24090
62710 10577
69916 31986
73507 72262
149 71944
44175 32726
3167 38464
87107 85578
61090 29253
65112 5892
98384 49070
73620 22773
87264 70175
48730 61976
11849 16385
93226 48989
27341 22372
99840 57466
66258 69108
13934 32463
73932 69722
21769 72513
23305 95157
18821 94570
63589 66391
37303 77926
3495 6037
23824 28161
6285 3972
47134 93349
80261 99613
13849 47560
37962 2928
85021 66326
64882 33669
69794 41930
21250 74740
36168 71755
9947 53777
5022 8063
5839 37704
89117 87907
21225 24104
67063 91875
13683 24366
8567 29490
8188 95245
15820 90342
24149 89320
74933 68132
47134 50648
16701 74689
53114 71393
10059 48637
69756 79675
61551 31331
6572 46835
18631 63372
25874 42702
73932 4388
17402 48684
98163 89204
52181 82971
34087 57785
60605 39678
94122 62499
78116 46690
30578 59512
84086 25219
23128 39065
76713 96659
82292 61301
28505 58725
57144 57376
31450 9937
8016 25219
69684 7764
23305 74974
37090 25743
59501 79930
94335 74442
85737 57180
92820 6574
24630 87195
93202 21638
89448 74465
40607 35446
25441 41644
74992 1428
73003 75283
30039 60022
89284 7644
59379 77285
48587 31593
44175 12757
