100000 40000 2000
69693 5627
80553 35840
2145 18008
20413 16864
93210 12483
40206 37968
76036 14584
24600 30624
7940 2497
30040 30369
48938 35512
21844 13621
72620 1152
17757 5128
41159 78
57227 22579
16729 31656
16153 6340
23525 25211
13083 24492
89030 10088
5736 25902
79147 21248
48893 21973
73768 6888
56049 8356
4066 16665
51787 31476
17764 23060
20573 25142
98938 3514
71071 17397
96360 35029
9967 8198
10656 22833
74393 9955
98366 3010
63671 3595
39577 14183
77130 30020
93037 11855
22759 741
83040 16714
20422 12868
59823 14625
10389 9888
4012 39318
99157 19669
41639 14869
47944 20463
98734 14176
22712 14852
28262 34387
30865 23571
75866 27782
74281 14083
73772 22824
50941 30041
99640 31682
39174 8981
17826 31487
1287 38685
88023 35210
12524 39922
94440 1409
64821 916
98628 27636
35400 30821
94337 38940
74705 8556
89823 23247
44211 3137
55964 24824
15415 85
79432 21139
25291 14829
48578 32107
81639 7302
59886 32347
93983 21469
26876 689
5557 37519
31971 16833
41764 31832
41065 21385
95269 26161
12559 16180
40252 33252
68769 2803
4320 21017
34162 34199
76230 8418
83659 12199
62999 7579
75475 13846
51071 18126
48199 7693
30387 32650
87607 28465
55779 13002
61109 2509
75613 23063
26616 13837
18052 29965
66155 5041
92721 23664
81094 10730
21915 27986
41638 12528
2849 16864
40252 23100
60609 2068
18002 11712
14170 38235
52929 35816
66529 11712
8903 4739
76845 6290
66707 12418
74761 3251
20687 20463
60874 741
76914 27
85745 13096
77340 17103
74761 11273
50605 32913
36725 16763
49409 22288
64091 39598
2422 27485
33007 37882
56327 19436
55699 6192
42975 5789
18401 20401
71401 32173
11975 12942
70572 14825
28372 36399
35876 18868
57045 21081
52620 27610
18637 14032
72016 39598
20447 18965
35686 12113
22375 15629
49938 2036
26169 29235
37394 827
20736 22773
26791 883
37372 14272
95893 6180
86525 35512
2703 19261
38964 32419
84589 37150
26027 20341
55980 8258
63534 20674
40492 2729
80689 15841
20757 32248
57482 36957
52970 16018
33926 34566
80079 29191
68139 5789
91993 2279
26876 15258
63643 12302
71633 21983
85786 27576
75177 17711
91377 32563
23140 14041
23927 27454
6050 8491
96744 25681
9706 38989
32570 13038
62163 6392
23472 5562
24600 27478
85325 33993
57211 30713
24513 23848
77931 32568
53505 6514
32961 19551
55572 31755
57216 39756
80940 1604
58250 20984
58676 17974
73966 26937
5110 1672
3798 24908
29063 39666
43710 6607
88947 28763
47133 36026
67648 24245
1123 18511
15984 9450
32945 9339
48916 19754
14863 35482
77934 2707
9116 8760
44048 18455
46978 29131
43327 1982
52315 9742
21290 38123
11849 12121
24073 17911
34578 39756
16158 27297
30057 30737
6947 26584
1123 13012
99417 26186
24438 29866
96568 20984
84654 10946
87093 17135
85575 903
85184 19662
31417 8019
60654 28822
14523 12487
21168 978
99015 39080
92188 4786
24900 3694
81917 2586
50681 33838
4225 1031
41084 16683
51015 22467
54909 13104
55637 30778
64769 31334
89153 3822
78143 34911
2300 35013
13099 1729
28552 37271
42667 3911
53564 29818
42183 5500
64492 5161
82414 4967
74393 7635
14438 13113
4919 22032
9925 4196
59265 24172
40702 21850
88954 21667
39683 36345
94911 12113
68678 32563
29986 22143
28220 36141
85872 1520
89064 8556
23234 11981
84914 20767
27569 12276
41487 14007
72049 20287
86098 28763
44138 19466
53731 32052
1590 35714
25387 13712
94723 15366
32234 17005
94911 9970
36329 27306
13333 9046
44185 22790
51881 27485
53572 12194
74621 21250
5557 8673
96744 38076
2628 37186
93493 28782
31971 11799
17804 27565
77593 38153
18765 2928
58132 13987
93917 21628
36899 11577
30325 12445
32178 28542
58953 26132
5567 26056
4048 17359
74154 12553
98734 25793
97613 475
88201 34069
70031 30624
96731 4619
53859 39527
93853 7632
78169 23301
65955 10730
98298 17106
97340 33417
45865 21569
9660 8713
57868 4552
39577 33752
84860 14354
58369 17150
18562 10582
40322 14473
42975 34044
45289 8636
22391 7385
87621 17969
7578 28672
61750 39239
4705 16562
62238 16068
77773 22281
70445 8097
63671 17352
43575 13621
32030 4619
97636 20401
8903 2511
67053 24824
38823 36767
79057 9159
15279 33487
4538 16829
60883 16066
19189 14465
77404 24690
84860 35679
71224 12218
85867 9814
56319 19467
36993 32394
72224 34686
82181 17135
96222 12374
87908 23258
70445 10704
5289 7170
95148 26514
87621 21664
92672 28207
13965 21081
4705 8527
46708 27831
10945 9773
76210 18126
29947 8017
41398 29438
51890 28561
71157 37571
13321 34103
79489 34039
57329 7774
99133 31669
5395 13918
37628 15167
14514 3312
64635 21102
99980 17572
38192 16562
46164 12075
24800 24676
38131 6338
73555 11251
29332 31756
24249 19551
24248 17362
54309 32395
98858 21168
54476 14102
49653 34786
13077 5272
56737 25178
63107 3739
7210 28742
4325 23096
73646 12199
72246 4902
10674 31955
12559 32454
10171 26997
90727 7187
66529 38727
87406 22167
71780 4566
7751 5140
81770 34933
82083 7187
22388 5387
58706 30724
30325 28822
53590 9339
5889 38641
26361 5794
85786 33979
95548 39109
8295 28593
92916 559
53394 21584
38904 12109
90504 8669
58343 9371
30111 18252
1096 27544
18418 25809
12748 11377
22610 15118
12329 37465
85593 8454
77130 6846
8684 7988
1536 5769
3748 20678
33435 29440
18002 15656
92769 306
44177 8172
50988 38330
51629 28575
41167 21250
48256 21286
12256 11580
7588 32488
7751 6340
54373 2803
92173 17974
10389 28726
37262 29844
26791 27437
35722 24837
18505 31173
83757 36370
38389 20834
11003 36824
16968 18312
43197 31985
31998 689
65410 28042
36993 21607
49833 5289
54373 18511
91034 22639
88196 17257
8882 20152
97305 762
80910 35712
13641 37273
29881 20361
1740 16395
72978 4151
31373 21486
58664 33244
33925 5604
41756 15517
12256 9133
96457 27549
16945 25651
48132 9541
71409 21172
8072 34525
83980 35382
24020 1060
976 31682
65786 5520
65357 38814
5960 36380
57227 36141
45949 13785
78801 35158
63705 37319
87093 32975
88698 17404
94685 29777
68139 7121
58250 36310
42935 2855
59532 38525
73418 14447
58871 827
45289 21983
62289 3289
3630 4469
37168 34361
60034 6596
21844 10882
48199 35320
38002 36024
59484 20583
94282 25600
24356 24214
2998 5604
85761 1520
98366 15800
16968 29440
15743 15297
48960 7911
92022 29248
68279 38915
48327 29905
62284 13002
43197 3764
83187 9812
20490 24109
60816 20005
2998 34567
94421 13958
77329 21731
1107 2575
99417 3244
95614 21060
61629 12818
40758 10889
44751 1415
47155 7837
27422 8992
24249 37210
19270 2511
26569 30181
92899 7385
78421 39169
18765 34413
79323 39796
83434 31602
65267 27936
45373 7027
5981 14632
78169 31173
24384 39302
76223 33838
65189 33993
18870 8419
58405 15258
22845 37740
13641 4281
86196 39483
75720 19934
9095 23492
98449 6108
25130 28233
61110 12104
5110 34567
28221 10023
74705 15118
68678 8960
67503 14961
18924 35945
86557 37350
85037 31791
42139 978
44765 18702
11346 26062
32570 2016
88415 19769
26368 22531
93457 37296
90727 15656
76166 20431
20422 26004
31823 20516
80930 13918
45410 2016
19545 29944
22031 917
45251 23780
4255 22929
51683 11856
25608 29440
94889 37629
76316 3919
36071 4444
30569 8810
35228 12360
79081 12121
3862 39587
75430 33692
34124 27108
10419 32667
91006 38921
2068 17854
7983 33623
15589 13610
5884 26989
58795 9534
6487 36227
99893 18967
39524 19561
78409 29217
1285 22718
89767 21102
59040 14388
37117 17775
24825 13712
31027 9148
92916 2762
3331 6887
14324 883
10999 25829
60883 6223
74505 18783
869 6842
22388 31955
60272 3367
7210 34677
55810 4151
57375 9722
73755 20066
59192 21385
8626 1912
21255 38727
28552 4469
47186 19594
90297 7094
16803 17399
11652 39344
35164 10830
23570 37158
69706 12064
62844 78
40855 33179
39297 14928
32208 2922
16300 15405
36005 28665
53827 37589
62977 29944
61459 5280
52870 473
80685 16862
51089 14473
87607 37355
4266 19913
23012 21128
68769 3514
71157 12194
25515 5915
99186 17555
52315 10882
59484 5054
5887 28746
41149 7003
2897 1152
2066 30956
37196 7568
4558 26808
5884 34044
20493 5161
40848 9916
60824 12209
68633 14848
8295 15505
60874 2331
84914 3470
78665 7406
80893 34922
1817 28963
82181 5783
51638 17813
73031 473
32883 7027
13301 38883
68137 26035
14523 22929
39505 31682
39505 3312
73555 36123
62289 39943
51921 23100
37587 28513
72694 9753
22972 34344
79793 10309
41167 22691
83012 38245
29393 23456
41237 2297
36624 34174
98838 1626
15776 15501
47748 1073
51881 14076
63194 27576
65189 22824
65671 7911
63643 10424
82414 30964
1 1
54191 10023
66141 20329
55593 7600
66155 4078
41093 2762
25049 4281
86192 15505
8388 22639
38904 11712
19182 19748
96365 31794
96832 34677
85207 39435
61334 6290
49653 20170
52204 18455
49659 24337
75093 10670
20073 18230
62618 11416
24372 3595
58676 11855
64462 18753
97332 12424
75983 21716
19405 8203
38411 26071
25387 36932
80606 28534
2591 26833
58908 7172
56154 389
87406 23850
69157 32152
78761 6287
31704 7800
24020 30523
54219 33561
24668 6822
75557 38980
14495 15833
89968 18942
83159 4256
49938 21920
91992 1032
79732 9698
95490 22823
2628 28158
58871 9684
81094 9019
12247 25427
9660 3470
33215 6692
77737 9379
11624 14541
79620 16974
69693 28593
82376 31694
87919 33897
97304 12064
73772 27454
95621 39500
3639 24493
99842 9046
71172 37763
38131 31057
99098 29225
27937 9970
86098 37136
1534 34053
47776 20767
74621 7095
7149 16473
82453 12967
21027 36823
90482 2085
14678 26106
68656 28111
30111 38263
1287 10424
98790 27798
1107 3822
58658 12492
49890 29800
8388 5627
88698 29905
44864 18969
99186 28726
86168 12802
28667 21802
36185 10266
76845 35962
42292 25007
52542 27292
2628 20925
43111 29055
24805 21469
49195 5590
100000 6399
66011 17277
91331 30737
12748 15253
94254 1512
41811 10957
16112 8889
3043 17813
93491 9812
74526 902
32633 34911
44084 8550
73392 27549
98728 23314
3043 306
64839 23301
65191 19907
73681 35999
24825 3471
3630 14183
81770 37330
48093 30606
24900 17711
11346 6959
11849 2137
63705 22242
42292 33503
48182 24320
21952 6689
60824 9529
12080 2297
9114 11714
76812 15822
30921 36310
38667 34722
29944 18379
62075 20446
99098 9774
72731 26989
20757 13698
49402 902
96457 2331
2068 22177
39401 30593
74526 17352
42543 14664
88149 34267
70717 8706
42428 29620
71398 6494
93983 9529
62844 2137
1 39852
29490 5111
9095 29777
54470 14936
22610 32667
25253 29844
58943 306
52276 28247
4505 3694
60952 15059
35250 27518
83980 38915
99991 28076
86800 13624
32961 39080
44153 31848
59848 28842
98938 13837
44602 1825
73418 7807
95975 25133
35859 26292
14603 32849
11008 12730
23012 1078
66810 3244
63029 22312
36341 38076
69068 39169
4943 27325
99425 27575
21255 24172
54909 21150
2253 7987
31555 16446
36243 2881
11668 10670
35228 17452
4882 37134
4048 33785
82734 17362
53394 2497
63018 6897
16153 38641
90991 24338
64492 25911
59192 24249
41159 59
69315 21595
41576 11539
36408 23281
5048 36254
12682 12302
28221 30369
10656 2173
85958 18630
66011 9133
36408 3471
85430 36691
6419 441
36030 3013
13359 14447
4066 35962
42332 32105
25940 5274
51638 6399
10603 17374
51097 21168
90017 21716
56144 6897
76554 26648
86196 33558
26104 35648
76509 9825
8593 881
80708 4196
59848 37989
82692 17577
15279 26142
84666 6567
19297 25207
39483 4271
32172 25040
9114 20446
89968 26619
59292 38745
84246 25793
80940 37065
62334 12290
20493 25681
51097 32962
6847 34347
54534 37989
6413 29271
87714 25257
97497 7976
97332 16066
9247 4687
65760 21416
50397 9324
74800 22773
67199 8474
66529 21463
89146 21858
40322 12424
38159 33826
25467 22629
43360 4104
54414 38244
59603 35645
90332 11462
74955 12000
79581 18472
2849 1078
76459 23550
20687 21340
48026 37355
59040 11856
53377 11714
35484 27782
21168 19561
70457 3738
29861 1409
88593 3730
50484 16833
69157 18281
44320 6338
61412 26600
64635 12694
11224 39483
37918 2256
29354 25062
9202 27610
62584 26394
40087 19235
34862 34832
45453 35035
52910 16821
26935 5412
18379 39024
30243 28967
94685 24109
72620 36275
25131 19907
49890 31996
22204 2278
22768 38876
66528 8635
73137 9152
57371 11463
97418 9005
75350 36640
4114 6178
31517 33499
24969 29019
39622 15456
44153 8258
47186 29799
25940 4991
87178 33785
90245 34566
976 6887
79943 4030
95899 7807
13333 8527
88276 35046
63641 24210
73646 30895
87348 12487
88131 21172
68974 19978
88763 18211
60654 513
24372 16841
55779 5156
23681 29509
10935 32849
51735 14852
9116 19807
29878 22981
33638 765
57553 28842
77593 25911
77172 865
99893 2729
97320 26186
30040 9722
40954 21562
83040 38685
3007 33561
32945 33979
96806 268
27737 26997
14324 12104
55034 18028
42333 37267
12995 22833
4919 14388
91324 27640
11839 25093
63873 30066
1532 6136
73959 19435
97120 22242
47048 11451
23652 10166
3331 35238
37304 32886
45976 25847
38848 22179
41737 25344
99664 18967
899 23088
68753 20798
14083 25053
15303 26648
10419 35712
42428 35047
37020 29366
7718 28541
80689 29377
51482 6250
12220 35069
8593 29725
43385 21017
25255 29623
16419 2965
28568 18212
50681 19974
27139 14744
2263 406
52336 9045
60059 7239
93560 26889
87360 11599
40041 38370
43427 2662
1 22032
72267 18793
93608 427
32500 6850
77546 21664
28692 2060
71517 16841
87178 4552
66528 2516
61834 32394
11224 33670
89064 17359
5227 6023
82606 15447
12247 13811
91324 21607
90245 28967
67199 3935
94334 35621
57027 5140
93385 2360
99015 37968
85430 20355
90176 33818
390 15330
29453 10261
22712 5156
8013 502
35923 21981
9298 17540
18052 6733
6050 23492
50863 31691
61334 8760
5889 25211
8072 17804
17986 29366
80708 35477
83363 38539
84636 13597
57868 18942
34162 12209
37262 36275
96832 38785
54779 33260
53273 35029
76914 36635
9310 3010
8253 35619
2672 19807
78739 15888
95684 16809
52829 36153
53572 881
16429 7335
33342 9595
49064 17572
97606 39315
59400 30523
71633 23803
62262 25007
4029 338
52200 24707
95893 19769
10610 15183
57216 24894
69447 17980
83659 13000
57027 37740
41487 6494
3617 38284
22391 26247
41893 9705
14495 19662
75093 35047
94936 38531
1817 37065
27081 12206
68843 17477
26124 37010
14552 13542
32172 28158
39483 28538
73578 15907
73305 34870
16450 31618
47244 9571
38585 2125
16419 37629
28742 35146
36056 11173
72016 26086
8498 2265
48209 28005
97092 23086
1221 18312
97630 27550
10674 8377
91377 32627
62284 35351
89618 20583
85872 37571
12411 35013
33926 16195
68014 32152
70962 9942
12080 26292
53273 35351
3529 31539
95016 39944
44211 38614
50863 26056
12220 20170
64839 34417
48545 7096
37587 9019
89638 27440
66810 1672
61874 16983
74864 10792
44789 25585
38192 13475
92899 4791
9833 2891
42472 29894
14768 5587
48150 25040
21548 32886
72560 38919
22210 5086
15597 10275
87574 5461
79057 16692
92022 2383
9202 39443
88833 17095
96222 32107
57375 7693
22510 24185
70985 12244
9819 11563
92173 20346
32639 33144
96113 13072
21548 15822
10767 11830
73966 7699
61610 38263
13722 29580
84517 3013
83174 37898
14678 9753
7718 37330
85394 34178
28562 33811
14031 33535
19022 2516
4255 39943
79081 28513
73768 4078
49402 38153
6383 31532
75631 26391
95459 16331
32633 17804
97092 37150
13155 27478
45865 12492
62262 12276
1 7635
63194 5673
35002 20965
41887 34222
63513 13536
19022 37130
34449 25427
58658 26247
76377 24170
89096 27831
48327 39443
4943 32248
86313 28895
30372 6016
27937 5111
68942 37656
99854 24687
21329 30315
13162 5272
11775 36096
71856 15253
65868 9272
45902 2173
24668 32975
18002 13336
2599 17704
31998 6180
20413 3739
38649 35296
96113 29799
72605 2308
40069 24239
41639 5673
13946 12621
82083 11251
61110 28233
43000 19166
51921 37519
32547 13072
34701 17397
64813 6131
85666 5583
49686 20606
48077 7410
22452 10830
64583 28576
80837 31519
22289 1579
85184 36957
29261 35282
84636 22709
44170 22286
52128 20341
10248 20373
32883 21150
56907 36105
31107 11513
32668 36548
93037 26937
70649 21920
69706 13700
3007 14176
10324 11712
66784 33606
58405 37210
40206 38216
76414 3251
48460 22734
28081 28742
19279 9488
8613 28255
65602 26584
41833 34582
99133 22691
17757 39796
48026 35320
58143 36635
51071 18753
5297 11712
11393 8266
52675 2035
72694 16180
77404 7699
33007 16195
23326 32685
51488 698
28220 12868
45350 14829
56916 3205
69068 25034
18319 33842
26935 12000
22513 6772
86906 15179
98905 39388
2654 39318
13693 15023
99400 6349
65955 24690
58706 33252
64219 38768
49482 26112
94889 4996
29319 15833
90120 36509
42406 28247
99980 34901
44320 18252
36749 37010
13077 19578
11418 36123
4505 22709
25072 14117
43732 5412
5297 6959
70031 6178
71822 34933
14665 12879
44487 16926
73620 17896
26124 4791
9925 26942
95162 19363
14514 15760
89550 36806
60144 13881
35896 39806
65270 7978
86192 26924
17264 30539
28892 10424
97895 11358
15726 4271
89254 28902
96360 5086
4012 26142
57553 19756
20736 7894
57651 25762
97842 34325
10906 11395
23652 15841
73553 13034
18562 8636
24679 31184
37286 36806
20705 21774
13359 30895
76697 35170
70649 268
25702 11011
91331 13104
89618 2724
18334 34440
61893 2196
74522 33558
2672 39109
76461 16041
3598 4991
25130 34645
42406 34676
23927 11115
85849 11173
75106 13544
66792 37373
65671 5274
41930 13045
77546 5054
93282 9682
42543 38363
80079 17854
9989 25669
48081 26403
2654 2762
65602 15629
27569 16274
8882 10266
74522 7713
18470 31550
56673 26062
38009 14384
2897 5783
93870 33776
49064 1604
48081 35477
58132 34199
6693 23700
12707 35382
81568 38049
20073 7042
18924 9742
56867 5580
65630 11088
94683 24707
44900 37504
43575 26470
1411 12013
56673 4902
69953 5041
25747 6993
64926 33740
19545 33842
89215 39402
89764 14202
27089 28092
36015 13698
11317 13811
30511 11712
37138 4661
75631 7082
41081 559
66745 7805
65549 13700
96258 5191
26275 20074
64091 9888
34892 1823
53377 35816
84513 35310
23799 20346
72731 6022
55681 22894
34672 32766
42139 34645
37088 39893
91034 37255
32249 27513
87389 8960
72267 16665
47646 36437
80837 14664
50790 8746
32611 6822
39524 26334
22381 20152
38697 22167
54054 5128
1751 38363
91064 19965
47253 35755
99842 39852
76812 39199
36015 3935
61610 1342
48960 36862
68817 249
43984 31083
32030 34676
7581 33905
42252 26697
24494 20155
1751 21286
85872 2844
18645 4994
87348 13881
85023 22183
11536 3796
43306 249
32611 5387
55810 16692
6214 15183
85994 16790
82452 4739
88131 28465
37020 12528
96806 26403
82818 13102
24805 9684
76414 13597
72978 37500
68135 8410
78421 14869
95409 6839
42667 14076
67343 19674
41398 30964
54054 3764
54362 31665
68279 17404
29319 26106
15042 8052
28081 14354
49168 26310
9550 7345
55099 11583
22210 23086
18280 25978
57045 8673
88947 7713
24248 20355
84517 12882
10324 19326
56994 28897
34701 18281
45902 24249
71409 159
63900 20133
18401 34901
57482 4967
84513 19578
65826 32040
55470 22177
99664 33812
8164 6838
12777 35561
40270 10275
65270 24257
81757 19756
51735 513
1221 37255
44170 1912
95899 18230
18537 29652
11317 12553
99679 15376
76025 25916
15303 7876
66263 8474
2943 6109
55724 9340
31605 31985
77784 157
12682 5035
99159 1103
35164 28576
100000 10088
23525 33670
76223 13850
97636 10088
45728 13624
12075 26924
81332 25034
22972 12109
83802 21671
92672 19594
65630 28534
17905 1734
44201 187
9349 28996
28692 6888
65551 23184
52531 5266
32500 34786
13155 11115
53115 5464
22759 8635
55964 24337
48182 34091
25253 33503
37968 13000
55657 12489
74154 31476
49686 27440
10935 8377
14603 27251
15597 34417
84074 5794
51787 29438
79901 994
52955 32442
16623 114
52128 7876
48938 11803
23381 39298
53648 1208
64954 15334
86182 5611
19929 10419
93538 9426
37624 29806
19465 11380
84503 18471
78483 28730
85761 3055
21090 15967
35686 33812
8190 31602
86713 28059
36953 17881
12075 13096
81332 21340
71401 24257
43732 16072
92909 14649
39622 18196
93747 10423
88288 22776
24867 12941
47776 17555
76554 34525
11418 15800
34620 28158
69711 711
5304 21806
58289 21602
68817 3289
8626 12736
82734 25107
36185 29620
61834 36932
47748 8615
54488 38468
2422 33487
36056 35238
14210 31074
87389 16833
67053 36705
26027 14117
78143 27437
54219 2965
63729 31564
80551 36407
6947 24894
75983 26050
30243 31057
32547 23481
62977 3137
40356 7292
55321 34161
65126 13987
76459 35310
94491 34250
64847 13045
74955 22143
74800 13012
18888 31681
26510 12870
6214 27251
73392 6223
69211 32296
43890 11342
36030 9955
10610 13552
35484 15504
84246 10704
25582 18047
22381 16981
34239 11803
2463 3423
87827 37923
22845 39298
82452 32173
63018 29800
36376 1347
22375 19321
91766 12891
38607 17406
17994 9719
3617 7978
35859 32627
18924 18126
88415 1073
68570 27988
13162 27
38475 34788
18738 16575
84358 13552
80337 15777
30511 39543
37394 25107
50131 21584
52200 22286
68014 21802
71856 23281
31027 33752
21486 22044
33925 17277
95548 26334
97320 6063
12707 12882
45373 31691
8315 30344
73451 19871
45284 6399
94683 28541
54113 37501
45728 31996
40492 2060
64847 35945
98858 5035
52823 8522
57329 22794
29353 33978
97418 37124
39174 5633
69709 12856
18505 34344
89638 29377
56144 32118
50564 9556
11233 35945
10526 17685
15483 6709
29490 9774
4320 19321
10420 27928
59400 24214
41065 12360
85849 1060
70254 13566
87852 21569
54441 19974
85105 33424
85325 16981
95471 15456
84589 9825
34239 32040
48589 13788
96731 389
39201 36862
52929 13272
57106 15760
43385 10582
56745 15870
84632 35161
36794 3111
16018 25278
22727 21933
22572 5465
16069 13673
80662 23720
28801 34290
5395 568
75177 37130
13965 29965
94440 16714
25381 29563
34449 28092
4558 32118
27737 21128
51015 37186
84318 17097
34578 39199
48150 32962
45410 28746
80930 18196
11668 16786
59952 16015
79850 1284
84407 4438
7601 11951
31605 8981
51332 37025
82606 38216
37649 18025
45939 14649
70206 7422
99726 24307
10324 21806
7940 11799
80910 16274
75866 27325
45939 8203
54191 37273
10171 26470
56327 23850
79070 18456
51089 2575
27015 34509
55173 8412
72049 19477
12411 13475
25049 1103
11497 18186
38697 29225
96568 29725
44048 31669
7523 23753
63196 26279
12878 2903
172 80
49659 26808
66263 7121
56795 5672
12995 31848
62075 28207
24356 36691
96342 16998
69428 14429
56154 2928
68131 25829
72190 8468
90017 24320
84074 12374
19270 23481
19405 34091
18318 5420
20490 8713
1984 7064
54441 12445
87852 13272
52939 38573
33737 13306
10006 23969
22452 12736
31555 36705
86187 37931
52620 19436
97120 9005
95173 6850
69074 24640
89096 7774
53590 31519
29986 10436
7016 16712
27089 35679
83434 37124
86093 6947
53341 14420
25747 30724
3598 37271
41638 7894
89153 37319
4593 36663
71398 1650
8190 37882
58143 16821
28667 14207
24659 24499
90170 28153
92020 33756
30057 38284
18319 3911
14759 6731
84358 11377
4114 16446
15726 16786
52276 20606
30886 26086
49940 20575
65826 22794
50131 6846
89018 12923
99159 14007
59265 23803
37304 32817
71517 16072
50086 4253
85561 1041
26361 8097
38903 10735
64462 11580
80606 12694
41930 15447
54534 26619
72498 26752
47944 35069
83187 37500
65549 14071
36341 22467
23799 18793
55980 23164
91210 11671
48114 22333
51683 15668
73031 59
66197 26050
25608 17969
41237 1736
79323 38785
54877 34781
37968 916
52095 1097
48578 39543
71071 3055
52204 30020
97304 568
43306 9159
69953 6022
89767 15668
36749 6063
19954 16202
76509 6733
5304 10166
22539 30798
9310 14071
52870 1736
66197 23550
52910 8615
21212 28988
549 26868
64583 13850
41081 159
95173 10436
86525 7042
85745 1489
43625 35564
81757 32817
6892 9037
93491 28963
58943 38614
30921 1342
5887 17452
21800 12738
57106 8491
2300 27640
72246 37136
33808 29988
29861 6993
35646 14587
23381 14207
71822 26004
40270 13038
39201 15504
43522 4714
24054 31991
14211 27403
55470 23164
74752 20253
54962 2392
65126 26942
95272 17268
95471 9148
92909 11273
64821 29191
63107 1489
18924 5673
48256 7095
30886 11088
97688 35309
53269 30064
25072 1650
86711 32879
85453 9742
60144 22579
10999 34413
86800 2724
5849 3630
5567 5633
17986 4996
26616 32454
3437 38880
31120 15069
68131 2036
55170 7733
46708 28538
17971 13880
