100000 100000 2000
32259 57294
21850 38999
22395 46954
13377 243
50677 82056
2259 99864
21413 61521
6839 27903
75652 3049
14071 58265
97807 47222
15207 45109
72399 35644
55733 64970
70539 59818
37728 65592
11082 65491
80196 58984
6701 99004
79373 14004
39710 6885
86385 23956
52254 77813
37015 29759
21413 35670
26001 58969
11446 57486
40617 20376
27966 96450
33915 507
23372 88694
76071 57613
8226 86410
79373 40162
76166 87671
29845 16703
81524 18995
53612 90821
56737 45796
53944 7446
69224 63922
84599 71630
32650 87543
73577 70718
22106 52435
39546 67010
22106 90126
39419 88211
76341 67135
2103 71779
55253 9698
49231 52713
22527 82056
52254 32372
51027 52917
60502 45954
64295 6092
25185 48530
84678 98433
14104 54876
44079 12109
53944 68344
71796 14004
6847 59348
16958 97777
53507 14123
18421 54811
57437 8707
87443 45581
13377 33135
78188 94370
38738 74582
21850 97376
32650 13490
76341 19460
88068 44823
73744 16918
92085 15221
946 66017
67443 10548
77412 81754
97177 78227
81470 87189
54569 76703
94072 43171
51145 23229
84599 74582
68852 42238
8128 55758
56737 65697
68852 85540
85860 95427
39710 86377
499 29348
86385 5423
26688 99001
54569 14518
76097 95297
42724 95732
57290 32033
92762 29649
55473 49093
48377 91381
94297 80659
11082 51325
53944 55758
74795 29661
92085 57484
1645 23481
49968 8986
37015 29205
36264 7289
20305 84051
84678 18150
60168 99850
99087 42390
51145 11757
88682 45607
59678 66950
57786 46753
33682 57613
60730 32987
38464 949
81470 47348
38464 19209
16385 130
55123 33266
8128 85789
32877 20528
25359 61882
25061 94234
69721 69114
80968 90223
58017 84838
49397 76082
11669 89841
29122 85700
59678 62906
8428 60323
55253 52917
35056 45581
35056 42978
21578 97530
11004 40002
33085 12040
5068 79228
81524 20909
49968 61015
42724 79759
5206 10803
2296 61876
35085 75371
99968 25527
41386 87343
32509 94189
42861 45925
39710 14777
76511 48244
37523 72300
39119 7389
52882 45331
97177 28073
11865 45796
32509 74218
42793 30427
39762 92129
4389 3849
51145 40407
86385 69323
15207 83720
22601 99001
3167 41644
48751 88290
84678 36870
76097 45772
55473 14337
21578 60156
9764 20324
75154 35692
86786 51082
78579 59348
24183 46121
22103 51339
40635 32120
40453 83853
60773 12497
67164 86092
66492 49093
42861 59114
45596 39770
72867 44719
81648 68699
56245 34421
161 42601
59072 7885
25061 38988
67443 38847
52882 96373
25359 38752
66492 35603
5076 65491
11004 76140
11865 68790
75652 34689
4870 43674
11004 36338
8128 15972
21578 49395
87563 29702
50570 27903
45596 60767
53877 34537
48314 32356
23372 85540
9713 43989
92762 32372
8128 34418
47338 65174
21428 65595
71192 13936
32603 80024
85860 12533
88068 76868
76097 39073
47267 33194
51480 61015
4870 2181
42904 47423
37523 83264
77412 67289
78188 34431
22395 59322
59072 60336
40240 24731
4870 23322
71192 83564
17477 8763
21428 74967
6847 93844
42021 90203
1261 40280
6839 67010
15647 57821
9279 29247
71192 92841
76341 83800
50972 80214
4870 4034
33565 16375
15207 36393
60467 4866
40635 80525
94297 95270
94072 88628
161 6837
74993 5744
59678 26155
75154 75363
34566 48530
26001 32334
1645 62621
55123 20904
48377 91901
42692 29348
29845 28073
65115 63436
44079 18352
60502 63511
24281 62003
16958 28625
3167 71234
5068 37647
39119 18091
58684 66630
34043 4687
65115 41101
82353 20904
93132 11975
5068 43989
60467 4687
32650 11928
85860 68726
11446 42185
81089 75009
53677 85398
84678 79835
21578 39287
22106 14831
72608 33238
87563 80574
46484 63516
84222 83264
15207 64090
6701 67215
73577 68414
31848 26346
18405 28931
49685 57891
946 7823
51027 17044
37804 31713
95755 11974
1 45105
8038 44468
58827 55410
66163 70422
8428 22835
11082 77701
1 13166
62339 38016
22103 65697
8128 62703
74194 6932
47045 6205
8128 83999
75652 94827
72867 25429
40453 38991
65115 11757
39419 78073
42692 60760
17477 80840
58017 63098
86422 23588
58684 62724
11669 27130
79603 11497
11669 12109
71796 79814
2296 15689
8997 33266
60467 80353
57437 26019
33310 12500
24146 25346
9764 64030
37728 55489
66492 89739
25061 39854
76511 28698
77412 15972
25121 5413
50570 1964
49685 73222
37523 5905
1855 40525
51145 26230
78579 37610
39546 11399
2103 56873
86786 31296
25061 28698
20909 39349
37523 83705
93132 40525
97807 85789
33085 6092
50570 75101
47267 24090
80196 79493
66492 69218
54445 28144
25098 28597
9764 32668
16848 41132
81524 15830
92762 57891
52572 23588
35085 31965
68852 12726
16385 68969
21428 79193
499 18146
35085 17189
6847 96373
69224 25364
60276 28931
39710 23697
42724 38664
58017 84920
45596 76966
48377 73989
20305 86077
99087 44833
79603 73586
42724 77484
86786 70422
82353 80747
14104 20104
5206 36051
34664 19274
60502 97372
41933 86643
52408 16533
47267 26154
72867 63098
4793 83353
2296 87671
52408 4277
78188 35603
31848 3714
99087 29893
26001 62703
3167 20652
32650 4621
53877 93608
87443 36663
9917 52825
32650 68214
39119 12143
25071 13619
80191 5130
33682 91715
87215 62767
49685 15590
33310 97376
11446 48201
5076 79189
49602 95898
56245 19812
86190 13292
44603 74643
29845 73010
32603 27003
10189 7885
42904 18733
71796 11757
56245 19404
87369 81457
9279 7560
42822 1
22527 5606
7322 96125
44069 49176
62339 66017
33085 53884
69721 82141
58684 83081
5076 34614
42861 7180
499 74786
81648 23194
10189 71630
55253 60455
25185 92937
40635 9513
29817 45000
80196 40128
22109 75009
49602 73010
39119 20112
40122 3677
41386 92129
42021 34318
36070 99001
46484 62579
51480 19952
88068 85313
58017 80353
50972 34418
42021 24634
76511 67149
78701 87963
87369 62906
75154 62447
76341 2818
95926 58969
58017 47471
26688 70718
76511 15106
50570 65595
44048 33467
25359 89580
66478 82550
52882 13453
13377 35440
72867 44828
1855 45796
54445 34897
22395 49395
93132 41428
82353 29224
97697 16703
79373 80658
499 43008
51002 20652
9764 33444
49231 29657
57786 42185
25359 53693
60168 17128
94072 49027
6839 66912
60276 13453
56245 66829
81648 17481
30945 92129
36070 64273
11865 55996
30945 6952
60200 53451
64236 38999
75720 53744
55123 28625
55733 43735
11004 64937
25098 4621
40617 69970
54569 84041
49201 87219
78579 35340
1141 94233
74795 462
22601 35776
25185 65150
78193 64747
65115 26904
51002 57820
71796 44355
57290 30442
42692 40589
22109 57827
76097 9984
72102 10543
5198 89369
33614 23588
946 44609
98046 66829
51027 12263
25061 30773
51145 70883
863 39606
17477 65964
64295 16046
49397 89369
1141 11137
33565 96739
59072 52515
60168 8692
9917 26650
38464 57638
57437 94368
3167 28747
1141 7318
69224 19487
35085 63784
76097 22835
39710 67095
60874 54165
53684 76966
74194 46862
67443 51382
65237 3677
83062 47226
65115 15726
17477 5769
36264 88183
44292 71260
50570 4034
56737 23122
8038 40162
71910 77875
34566 6203
50570 52764
95926 50247
19713 949
80968 949
40453 54021
5068 71013
78188 9019
42021 38022
4389 32640
29817 57891
76166 81826
45049 11497
53877 97322
52254 57402
36070 73568
16848 98287
21850 76140
94072 73542
43265 76347
25359 93608
67443 20423
60927 17087
47041 507
24183 7142
11865 80882
72608 67289
51027 589
36070 36562
26688 2809
77412 85001
53612 86077
49397 97440
62600 46039
42861 39506
14104 28747
11210 21703
76071 83999
76097 44719
76511 38999
17864 79376
32650 41597
25121 43735
74795 14123
52572 47708
54295 3646
65237 85398
50570 64970
34932 243
87215 84045
72399 64656
39119 79461
39119 73989
40451 76868
53684 70738
84678 43735
9853 94827
28609 11974
11478 19547
67443 76330
42021 2732
72608 54491
40724 29111
50570 28027
53507 32120
18580 16375
86385 19274
99087 70883
78579 59792
1645 43735
16385 40819
75154 68699
52408 29111
1645 91785
75720 79999
11865 72559
49685 64958
75720 32882
43633 82568
62339 85712
40859 52825
52254 25915
5198 11399
2259 33310
51002 21237
11865 4544
64236 37214
32603 29205
72608 30411
94297 16720
975 83705
20471 18809
9279 73056
18405 14831
1855 29224
64295 59818
80968 84160
42021 50128
53507 12497
58684 3880
34421 88211
59280 65330
8428 40653
43633 49329
8128 29661
25098 81890
7107 18102
60773 89573
11210 49816
8997 34646
93132 46275
85860 41597
73577 86182
55253 61521
64236 76416
7117 19952
4870 26844
25098 84062
69721 59212
95428 37404
57290 85523
81470 69147
54569 37610
53677 42536
42822 14606
81524 34537
59678 52825
26022 76693
25359 30434
99968 2241
93132 62621
44603 1315
39419 94194
72867 7289
94297 29919
22106 24920
87369 75035
56245 46828
44292 31713
44048 59322
16942 43087
3093 79309
22601 66983
78188 75374
49231 33238
30945 88175
78193 32076
29845 67077
55473 77793
26688 26512
49602 90821
60200 24772
11082 14543
41933 92301
86364 67215
47911 42963
25232 81512
60467 15221
6839 80574
53612 89841
86385 94370
22395 4715
11865 60760
18580 38224
53944 55501
34932 35905
29817 88273
86364 12533
75154 91381
50570 27458
15067 4715
161 52435
20909 58114
84678 63913
34043 44111
72102 26154
40451 32156
9917 62906
54445 41914
37015 52219
57437 88319
45596 51958
60467 41273
35056 15456
77802 83705
32259 15288
26022 83264
86786 20742
34932 29657
27966 98258
44292 89580
55473 1608
73577 23194
59072 52082
59072 59322
76341 77799
17477 52435
4389 88290
18421 54006
37523 100000
84599 14337
39119 80574
39762 35761
9853 284
946 89847
2296 41273
34043 20904
25061 16304
38738 28625
51145 15916
34043 19965
8428 39606
63319 54957
2259 65964
80196 21147
58827 30160
14104 89369
11004 49274
21850 91288
69721 80658
6839 43674
4793 14543
80191 12387
65115 2429
42822 36663
32603 23955
18580 19487
946 24389
14104 21703
10189 52992
9279 81862
43657 13735
15207 67077
8997 22590
5068 71630
80968 64508
25098 44719
76511 40739
95428 35639
17477 14123
69224 47236
5206 52604
6847 90821
975 61116
39119 11625
86364 79947
58017 46121
49231 32613
15647 2692
1645 39771
51027 14777
41386 18915
32259 50556
24281 83705
54569 20742
66163 60563
49397 13095
94072 36357
66492 2683
54569 67697
6847 33266
9853 14337
1855 81961
94072 43996
84599 68440
94297 14763
34664 22752
42021 27252
81470 24770
36264 32828
74993 1739
72399 90058
96010 33704
34932 95297
62339 93447
60730 32700
20371 6642
8038 94860
9279 77391
29845 32120
13377 87189
55733 49826
40859 62003
88682 32640
22106 73056
37804 56873
1867 77273
22395 89287
95926 63922
66163 23386
863 24204
63304 25588
1261 33805
25232 18439
22106 69326
8038 6120
48314 45694
86364 78313
94072 60760
92762 48222
80196 19917
86786 55509
42861 53575
55754 30160
25098 57084
499 55651
54445 89580
16958 24860
97177 64093
60467 37046
24183 75245
34932 47222
40617 15840
88068 30434
79603 284
11865 97372
19713 67095
44292 11359
44603 18797
79457 86381
22601 13907
69721 39378
25359 32120
56554 58263
41386 84473
11004 66179
8038 27015
60874 90203
49685 23292
94072 84051
72608 81312
71192 33182
55123 52219
44048 97624
38464 11359
44048 65649
51145 78227
33565 94934
18580 39606
29845 64991
95755 42341
75154 18352
53944 7164
32259 95898
2103 74281
72102 26904
76511 95438
53677 96450
58827 6885
72867 34537
499 52025
33085 7264
5773 13095
95428 2194
21413 83331
47267 32120
42822 31851
11446 35761
88068 94370
18405 32828
86385 4828
92085 14196
52882 72066
66492 35150
11004 55109
499 47478
51002 3934
35056 4034
64295 93964
56554 83119
38039 96108
83062 51794
23761 52825
38738 64958
53612 24694
17864 99385
32650 38351
14104 35930
24183 25588
75720 59818
94297 243
25121 94788
72102 73989
499 15972
32603 90723
53612 34399
21850 10010
97807 27015
99968 72559
55253 19460
73744 3646
32877 60767
66478 1449
33085 60497
11082 70169
16848 68726
47045 9104
75652 14670
32603 10543
40451 83862
9764 73989
43265 6837
51027 12500
81089 81312
25232 94224
92762 57820
22106 58984
66478 24044
10671 63391
34664 17087
40451 16046
64295 9656
14071 4277
72399 27252
71796 93844
58827 20794
2296 29919
10671 48529
56737 67215
58017 65595
42904 64966
39419 93912
161 34615
79373 40535
22103 70350
76511 56338
58017 86978
18421 81862
60467 5441
60200 86978
64295 64544
68852 22381
39546 98747
69721 57484
76341 83853
14800 55758
75652 87688
58827 19129
11365 18046
38039 66017
16848 8450
73744 46828
60927 13095
29817 39606
94072 61756
5773 62508
65237 18638
49602 92841
67164 83999
27966 65491
22601 87963
60168 37257
43265 5413
34566 60113
50471 83264
25359 16304
78579 77391
39119 51855
8038 17894
72867 57993
86786 27127
42793 19952
5068 35340
86786 86987
41933 2429
42861 41644
85860 77813
11365 15261
19713 7408
74194 18219
5198 63959
10189 33266
20305 81348
11210 16835
69224 92841
67443 44111
59072 49705
42138 40933
20909 130
11365 81512
863 21654
59678 61015
37728 56338
63304 28625
67443 23564
49231 36393
53944 4621
34421 84663
8038 94468
4870 12263
75154 57252
71796 78227
50153 339
22601 18515
39546 16300
25232 24920
58017 63150
95428 92461
52254 86861
60200 59114
68432 54805
44292 66961
34566 47952
34043 12387
60168 57402
82353 20873
22395 30777
14071 40280
35056 49329
60730 36014
95755 40128
8038 99004
33682 84525
87563 98474
86385 33444
76511 60554
49035 16533
81648 43534
60874 49816
39762 60057
62339 17044
76071 18524
36264 83564
60927 77391
79373 25737
30945 85155
71796 93703
97807 1739
52572 62906
33682 37046
76166 60767
72867 58452
64236 53312
30945 84737
10189 21534
76511 62508
60200 13936
43265 70578
9764 32334
32259 84888
71192 27003
15207 46551
5076 85313
25121 28144
11082 74218
1837 75245
63304 92216
96010 25915
51480 47442
35085 1315
60467 26240
6701 43534
34043 53105
58827 1739
11446 46272
58827 94237
35085 32700
58684 50556
67443 32120
29845 54379
15207 18797
86364 25924
20471 58062
50570 15830
62600 81271
61922 80525
53507 94860
33310 18515
78701 48357
72608 63511
49968 6952
11082 30063
27966 71811
18580 10543
4870 51264
60276 16715
60168 18046
20371 74319
78188 74782
64295 77484
84678 67077
71192 59966
95926 32033
34043 19209
15067 41132
5076 75038
42904 16373
33682 16373
97697 67697
93132 79946
99968 1315
40724 13292
44603 43172
49397 50539
9764 63568
38738 84907
33310 84071
33565 32356
69224 33135
86364 28597
1 38004
22109 25429
21413 12040
32877 18219
99087 7442
11669 42765
42904 36276
60874 83862
44292 52423
43265 21002
33614 5606
22395 15261
4389 91059
47338 42390
89805 88290
55253 23481
8128 78227
49035 19404
27966 37786
99968 11197
94072 18504
8997 27726
38039 34399
49397 37472
40635 56623
2103 84211
32877 85026
22395 96108
15207 11507
5773 21159
60276 1670
1837 7164
1855 21534
52882 62659
49035 88065
75720 34615
16385 37046
35085 15916
33085 87067
43633 58847
95755 74643
82353 51082
2296 81945
10671 63511
88068 79298
37015 64544
14071 18102
54445 25588
41933 76140
38738 59114
76166 7655
9764 98637
13377 68319
39762 48990
25098 70256
9279 9486
45049 81348
18405 86462
80968 39216
2103 3714
53677 74967
70539 17044
46484 6950
58684 59966
31848 99607
34664 76868
60773 61271
1837 48851
42021 29584
72102 52154
42724 94368
1837 29661
69224 44111
34932 88319
161 44355
2259 11359
78188 5896
68852 84838
97807 83192
34421 40002
68852 48851
25359 92461
49685 43169
76097 39770
86385 94468
79457 92354
55754 15106
1855 16067
3093 8002
99087 36897
69224 50579
29845 42341
39762 2694
24183 71260
21428 24920
53944 6642
53944 57898
87563 95732
52572 84473
43265 70386
47045 52349
1141 12057
9279 45109
17477 49802
60276 11507
8128 23442
55253 53744
84678 61869
42822 61521
7322 63243
74194 49176
49231 94224
74194 94347
36070 48099
66478 284
77802 47708
1837 90466
9917 5905
74194 87067
27966 98701
42692 19274
32509 17028
1645 21842
55754 70437
80196 19704
18421 61125
22109 21534
60502 87230
51027 75374
54569 18011
8428 35383
8428 3676
76341 31087
82353 28234
5206 96298
95428 90595
66163 96125
22601 27127
11478 86215
78188 23502
51145 23564
58684 3714
93132 28027
1141 94211
81089 63098
21413 91423
67443 25544
86385 53312
34043 18504
42692 87688
42692 39216
97807 14667
44292 81214
42822 13166
79373 3880
18421 39190
25232 60563
11210 75363
5068 91706
499 50034
18421 97322
37804 38988
32650 80574
86786 19114
86190 25346
21428 14831
4389 47708
32603 29056
2259 97372
9713 6950
47267 26424
88682 14366
25232 6533
25185 2421
58827 93912
53944 88662
32650 26512
23372 46920
80196 61809
79603 94468
72867 5264
60605 45607
2296 9100
47267 19010
43633 27487
60200 27130
51480 34996
16385 89238
22106 28027
25061 24694
71910 97376
76511 24204
47045 82550
80968 27649
1855 38813
32650 91477
16385 71779
29817 72066
45596 34646
29845 37341
39419 93357
14071 23588
29817 57762
74795 95438
25232 47348
9853 17908
53684 82317
9713 56152
53677 12987
14104 50539
14071 82253
64236 35669
49397 39606
97807 7442
1645 40407
87563 39378
78188 2114
87563 79189
70539 66301
75720 70256
53612 15106
9917 99722
60168 12246
33614 14366
26688 4446
6701 92204
10532 12109
33085 80453
31848 58446
38039 96450
85860 60148
60927 20794
14800 70878
9903 84051
73744 34421
23761 29111
49685 57294
75720 25737
51002 59114
45049 20939
48377 31713
96010 73925
81089 7968
15207 55286
22395 78729
22103 70386
60467 35708
7322 15024
11446 95722
81648 49940
57290 36357
20371 52254
61922 58976
41386 88175
83062 53100
81470 91715
11446 67571
25121 96411
87443 18011
32603 63150
11082 15288
43633 2194
9764 38559
32877 61080
42822 1909
60168 25915
49231 82550
25185 19310
11365 59966
38738 57827
52254 17087
72608 41273
81089 7655
25359 63730
33310 54330
96010 74596
161 78313
79457 52467
80968 70893
1867 82890
14104 67289
25121 11838
2296 40819
11446 86410
99087 24044
87215 38999
71192 45599
66492 45155
26001 63236
76071 60148
11365 7655
72867 46920
73744 339
49201 79189
81524 7560
34043 77225
34043 86077
9279 14518
36070 526
27966 83013
72867 60113
39546 24044
87563 17908
58684 62007
39119 4723
50677 19547
6839 49027
8428 68790
32650 98283
82353 1497
61922 70256
1 63568
21273 86215
27966 45772
50972 85369
33682 18150
84599 15654
51027 69266
25121 58169
58017 49816
42138 13771
21428 41132
88682 72300
60467 15288
23761 48990
42904 43095
44292 29348
92085 4475
99968 82
14071 13619
58827 83862
863 90595
26001 5062
5198 28046
9903 25631
64295 55410
40453 78748
63319 3676
33085 64544
40122 20794
10671 91381
31848 34689
39546 50957
10189 54957
35056 64370
59072 87671
99087 61876
53677 29172
53944 39216
32603 45484
66492 48691
55253 1092
34664 33266
64236 61900
40122 59578
97807 12387
97177 839
38039 93964
75154 77553
60502 69323
77412 80353
26001 90223
71910 23386
78701 11325
42904 4749
45596 14543
88068 62767
60874 54876
97177 60497
24146 84737
18405 94194
21428 69914
28609 19460
37523 45291
42021 15242
72867 20647
62600 28250
60168 26346
37523 80308
72102 4516
5076 15806
41933 27903
17477 47471
5068 54116
2259 25421
11446 82890
22109 62447
59678 81404
42692 90223
71910 14865
81524 94211
42793 42716
8428 36338
49035 46753
11865 17908
56554 7655
60773 36141
3093 81512
75720 45772
37804 70256
42692 69147
49968 17190
60927 54006
47338 95804
81648 77484
11210 36562
69721 29576
72608 28327
87443 26320
2296 54021
4793 33907
63304 66179
55473 2725
74194 36051
5773 6567
18405 39349
95755 52349
26688 86077
24183 43172
11478 76693
78701 19228
97697 32379
20909 80347
17477 13216
64295 91381
39119 70169
34664 10732
55754 44397
60502 88694
97807 52349
49602 23292
68852 43024
75154 14794
52408 62469
38961 25346
67443 76144
38039 6077
61922 57762
64236 79989
52572 63052
86385 2074
33310 26591
81089 64937
86364 41273
67164 50952
53612 60497
3093 65021
4793 61210
58684 93357
14800 52467
47045 77553
22395 13735
39119 17627
25359 66550
55754 6598
39710 85313
39762 20540
27966 94234
63304 30434
49231 9165
38039 70578
51480 24731
5773 62223
15647 59114
44079 29893
62600 35692
36264 80108
39546 49329
36070 43024
56737 5441
60168 46862
11669 51855
22103 46551
80196 20794
39710 60554
1 83999
89805 33805
76097 67135
81524 75038
25071 19404
55123 19274
60276 6567
82353 22752
78579 89607
55754 94827
76341 71260
75154 52823
72867 87338
9853 49869
81524 92326
34566 89238
43657 38022
49397 38004
55754 26445
1855 25650
55473 66983
43633 97777
72608 36289
34566 12143
71910 59330
6847 39643
70539 23322
74993 348
24146 46272
35056 89739
44069 43024
84222 81457
1837 67083
62600 23442
24183 30687
71796 36864
25071 85703
58684 71234
38961 92129
24183 57776
34566 10548
34043 91288
44069 70883
33565 28291
25232 55109
79603 69114
44079 97139
62600 61224
57786 29111
17864 82056
34664 92301
60168 31296
24281 88290
94072 65697
55253 95898
161 12040
8128 23956
71796 1739
946 39643
78701 79999
22103 1338
16958 5896
2296 12726
44603 73183
92762 94237
36264 92301
45049 83013
36264 58969
32650 26346
22109 87189
52254 43171
50972 3049
33085 5136
63319 73010
54569 55996
33614 99385
54569 77734
22106 37404
37015 45694
9279 80400
95755 65836
32509 51624
80196 69323
53612 80214
39119 67621
59678 95722
51480 42963
5773 92275
37728 19460
1837 28508
38961 63052
80196 89847
14800 81214
39419 42341
64236 12109
5773 76140
74795 22517
60502 2273
32650 56586
26688 7139
10671 4768
36070 83850
69224 70437
1 60348
56554 1338
71796 61756
36264 35670
56737 43735
60730 62447
21428 38999
3093 88193
60200 84051
18580 66630
49968 48990
60853 66829
42904 97504
34043 62435
14800 21482
71910 4621
14800 88637
38961 72300
17477 38999
3167 39349
33085 44355
15207 27458
80968 76868
84678 6885
20909 4749
80968 20112
33085 33351
9903 38752
7322 37995
49397 47478
72867 83853
60276 36123
78701 94194
42138 39612
11004 79309
76071 6642
76071 90723
62339 71732
81524 39216
37804 9513
39496 95804
63304 5928
22527 94470
69224 37341
65237 41273
52408 62906
50471 81457
72102 85398
13377 86098
11865 44828
34043 5062
5198 78450
31338 38122
499 44432
97177 6950
44079 40597
53677 32376
93132 82751
18421 16304
34664 14337
71910 91145
2296 36353
49685 98815
79603 84045
41386 81404
33565 85001
15651 94470
86190 20540
49201 243
11865 43087
65115 13735
25098 41644
92085 88183
49231 43171
81648 94370
45049 51624
9853 36051
44048 95898
60276 57820
22395 33184
11865 27726
1855 95898
16942 56997
10671 25210
25061 71883
499 27055
40617 44609
34566 78236
40453 68830
4870 74761
29817 25915
38607 45291
20305 44974
60773 73183
18405 51082
33310 88486
42692 93215
49397 75558
97177 84920
66163 68660
53507 35639
9279 70437
76511 65592
60874 29290
67443 19487
53877 34833
16958 30008
6839 35150
29817 86377
26001 9984
946 83192
11669 14667
74993 29584
53612 19745
64295 86987
53612 35639
21428 12987
84599 62394
15647 27458
54569 66665
21850 22835
41386 20540
92085 3714
16942 93703
51145 42390
38961 3646
20371 58114
55253 88694
58827 89841
37728 57169
5076 7389
74993 91313
42904 79647
54569 53401
78579 12143
94297 59578
58827 20422
22395 6642
16385 37023
67164 12533
21428 25177
75154 12987
20909 43087
15651 76693
62600 13936
8128 25631
25098 96125
43657 80840
21850 43169
27966 33238
23372 32532
40122 84525
50570 35639
25232 47478
22106 85369
44079 27055
97177 74319
85860 91875
39546 74319
99968 20694
44079 22069
68852 83119
34932 97446
54769 45291
87369 42716
81524 46551
36264 89607
5206 56152
99087 45698
42861 18219
55473 96808
21428 75071
8997 53429
5068 20652
87563 14943
28609 63959
60467 6841
47045 10271
8428 89797
73577 12987
19713 19228
10671 40739
97807 38847
86385 29919
1837 23954
38039 29124
56737 89573
36264 2467
53684 86640
67443 67083
42822 26719
16942 81826
75652 85523
21578 20873
32509 79118
24183 61125
66163 7616
39546 2725
72867 32033
60730 52899
38738 10271
17477 85398
17477 24297
72399 47478
39762 90356
4793 28625
39419 25544
25185 97139
1261 83264
21413 21304
63319 2715
53507 300
81470 79570
71796 20125
44603 18219
22109 3049
16958 20376
78701 36864
58684 18638
66478 62767
96010 70578
3093 74596
26001 96108
39546 4687
87215 33266
33565 42238
68852 97322
44069 96450
42021 32379
10671 15923
25098 15916
17864 84473
6847 36014
84599 49093
5068 66301
71796 79963
80968 34625
55733 89401
97177 63098
49035 45607
2259 3934
42138 40739
27966 47348
78193 32640
39119 17603
74795 81214
8997 31069
86364 93912
34421 2692
44603 68790
22395 16720
48314 85540
73577 89287
26688 8707
2259 83013
86786 4544
11004 77261
65115 14670
53677 12109
33682 61869
