100000 100000 2000
4723 13181
16954 13181
2610 30042
2610 26887
8571 87745
46767 63898
3805 65620
62058 5318
69122 36799
90208 12610
28898 97685
1661 5287
18090 78206
3805 97685
2 26887
10176 40188
38457 78206
10176 76887
42009 80096
45131 80096
41650 79003
61452 16429
69122 63991
41650 5318
1418 40188
2 41224
90208 99482
4723 5318
67562 49638
79668 5287
62934 19886
61452 30042
61452 12610
75376 87745
1661 26238
26066 78206
79668 9728
90208 13181
4723 30703
75376 16429
86292 5287
98578 40188
1418 36799
18090 76890
10176 28815
100000 97685
86292 16429
28751 44627
74192 5318
38457 97685
46518 24987
74192 13181
10176 30042
90208 26887
29378 76887
7839 56193
41650 44627
75376 60185
50143 22527
42009 5287
75376 26887
50143 11708
91547 11708
46767 44627
3805 30703
54812 93610
28898 36799
1418 79003
74192 26238
74192 10299
18090 60756
100000 44627
10176 44627
2610 51181
39929 69233
100000 78206
69122 82849
98578 65620
46518 5287
54812 26887
54812 26238
46767 82849
38457 40778
27581 60185
75376 97685
90208 95140
46767 85569
69122 13181
39929 36799
28751 5287
3805 97285
90037 11708
18090 63898
86292 80096
4723 76890
18090 44627
28751 26238
50143 26006
1661 100000
67562 12395
90037 22527
10176 93610
45131 65620
62058 95140
74192 49638
16954 97685
100000 24987
100000 5287
45131 51181
27581 3086
4723 41224
28751 19886
7839 28815
3805 82849
79668 49638
41650 41224
90037 78206
4723 99482
42009 49638
69122 5318
16954 22527
1418 60185
74192 63898
100000 60756
75376 9728
62058 60756
7839 76887
67562 78206
86292 26887
2610 44627
46518 26006
54812 65620
45131 10299
4723 5287
75376 28815
67562 80096
100000 49638
16954 16429
54812 5287
39929 1
42009 16429
28751 51181
86292 13181
45131 1
39929 76887
18090 80096
46518 97285
3805 40188
2610 40778
54812 76890
7839 93610
38457 60185
29378 26006
8571 40188
98578 28815
91547 69233
86292 22527
26066 12395
27581 19886
41650 60185
100000 87745
74192 76890
100000 99482
46767 13181
67562 44627
50143 51181
10176 85569
62934 5318
46767 26006
10176 76890
3805 22527
74192 100000
26066 4083
8571 65620
1418 65620
38457 60756
1418 26238
62934 30703
50143 41224
4723 95140
46518 79003
90037 40778
38457 26887
46767 26238
3805 12395
69122 76887
29378 41224
50143 93610
90037 63991
1661 40188
61452 97685
28898 44627
1418 10299
10176 82849
18090 22527
50143 1
1418 24987
75376 5318
90208 76890
54812 3086
2 40778
18090 12610
62934 3086
90208 60756
28751 82849
3805 60756
2 62742
38457 4083
67562 11708
50143 99482
79668 11708
41650 28815
27581 78206
18090 40188
100000 22527
79668 30703
7839 1
10176 4083
61452 79003
10176 97285
50143 100000
62934 30042
1418 85569
50143 85569
2610 41224
91547 12610
46767 99482
41650 5287
41650 93610
18090 3086
3805 41224
61452 9728
67562 87745
38457 22527
3805 99482
28751 69233
38457 13181
55105 97285
2 97685
4723 62742
10176 9728
39929 76890
10176 26006
1418 30042
61452 76890
8571 16429
10176 80096
79668 12610
69122 16429
1661 36799
90208 62742
16954 60185
26066 44627
98578 100000
7839 30703
100000 76887
28751 9728
38457 76887
46767 76890
86292 63991
74192 97285
54812 30703
42009 60756
86292 87745
8571 9728
28898 65620
3805 76887
29378 26238
42009 97685
46767 5287
62058 49638
86292 62742
41650 40778
1661 3086
62934 26238
4723 51181
50143 5287
55105 36799
46767 16429
41650 11708
91547 3086
29378 40188
91547 93610
46767 3086
62058 99482
18090 63991
69122 51181
27581 24987
2610 24987
55105 40188
86292 40778
28751 41224
2610 65620
100000 63991
75376 93610
3805 16429
16954 78206
90208 26238
1418 49638
7839 100000
67562 62742
62058 40778
4723 49638
67562 40778
50143 16429
38457 11708
62058 26006
8571 5287
69122 3086
91547 79003
54812 56193
90037 19886
90037 41224
45131 95140
4723 93610
90037 60756
75376 30703
69122 80096
91547 63898
55105 51181
8571 1
90037 63898
100000 28815
62934 9728
67562 63898
67562 26887
10176 87745
28898 40778
100000 51181
2 49638
26066 30703
28751 28815
91547 60185
39929 51181
26066 26238
27581 44627
45131 56193
29378 63898
69122 12610
16954 5287
28898 56193
67562 22527
46767 97685
79668 63991
1418 69233
29378 13181
16954 51181
8571 22527
50143 97285
100000 97285
28898 82849
50143 76887
8571 36799
3805 63991
79668 24987
98578 63898
75376 63991
16954 44627
18090 1
2 51181
16954 87745
10176 24987
75376 82849
38457 62742
16954 26887
26066 16429
2610 85569
74192 4083
62058 5287
46518 28815
75376 51181
62934 60756
1661 13181
45131 40188
79668 40188
46518 65620
90037 13181
45131 4083
67562 100000
91547 40188
46767 30042
91547 76890
1661 93610
29378 56193
26066 9728
100000 76890
91547 30703
62934 78206
29378 100000
2610 69233
86292 85569
4723 100000
54812 51181
27581 87745
16954 100000
38457 40188
29378 3086
62058 12610
90037 28815
39929 78206
7839 85569
62058 65620
27581 12395
1418 87745
28898 99482
100000 11708
74192 12610
50143 87745
28898 97285
62058 60185
2610 1
1661 69233
90037 36799
61452 5287
39929 24987
2 44627
28751 36799
46518 60185
39929 56193
38457 100000
50143 79003
46518 36799
61452 12395
1418 1
54812 95140
2610 13181
1661 4083
39929 95140
41650 97285
75376 63898
42009 11708
2 65620
42009 78206
98578 76887
62058 79003
7839 12610
28751 12610
91547 41224
50143 9728
91547 22527
7839 40188
4723 76887
38457 69233
18090 93610
1418 40778
90037 40188
39929 9728
90208 76887
91547 82849
2610 60756
18090 19886
28751 65620
46518 26238
28898 13181
2 16429
28751 5318
90037 30042
42009 76890
67562 26238
29378 95140
42009 10299
79668 76890
98578 78206
42009 63991
54812 40778
28898 85569
10176 60756
2610 4083
2610 60185
90208 26006
90208 97285
10176 63991
75376 22527
4723 65620
69122 97685
55105 62742
2 100000
39929 80096
8571 60185
100000 63898
27581 97685
39929 82849
7839 78206
26066 87745
4723 56193
45131 97285
42009 40778
91547 85569
10176 26887
86292 63898
79668 1
45131 3086
90037 12610
75376 40778
1661 22527
18090 60185
55105 99482
46767 12395
45131 5287
28751 26887
74192 95140
29378 30042
2 26238
50143 4083
2610 97285
42009 65620
46767 79003
74192 51181
79668 80096
27581 12610
86292 12395
39929 26006
38457 49638
45131 99482
50143 65620
79668 26006
91547 16429
50143 60756
69122 4083
3805 62742
1418 76890
74192 19886
10176 19886
18090 95140
39929 10299
91547 97285
86292 36799
38457 95140
26066 1
46767 69233
16954 93610
26066 79003
4723 1
7839 24987
4723 36799
61452 85569
46767 11708
10176 65620
46518 10299
100000 30703
67562 63991
55105 16429
16954 19886
42009 9728
75376 49638
55105 100000
4723 87745
1661 95140
2610 93610
67562 60185
1418 13181
16954 1
28898 4083
4723 60756
90037 16429
10176 69233
79668 79003
100000 26006
4723 11708
39929 44627
26066 24987
55105 69233
1661 87745
98578 26238
39929 65620
45131 26887
98578 99482
91547 26238
86292 1
91547 65620
90208 49638
50143 30042
7839 12395
55105 44627
74192 63991
3805 1
10176 62742
79668 60185
55105 76887
61452 40778
2610 16429
4723 16429
90037 3086
41650 30703
55105 40778
98578 10299
100000 30042
46518 93610
62934 79003
18090 12395
50143 44627
26066 3086
69122 19886
1418 22527
91547 44627
39929 60185
67562 12610
46518 1
38457 44627
61452 78206
62058 56193
46518 40778
91547 63991
28898 10299
29378 36799
74192 26887
28898 62742
41650 95140
42009 79003
75376 12395
46767 78206
46767 97285
46518 12395
16954 41224
91547 62742
2610 76890
2 76887
62934 26006
54812 24987
46767 62742
8571 30703
54812 19886
50143 36799
29378 26887
90037 85569
26066 69233
8571 19886
62934 28815
18090 76887
74192 12395
90208 30703
26066 63991
26066 13181
7839 40778
67562 5318
28898 9728
74192 78206
2 69233
79668 97685
2 63898
8571 78206
27581 22527
69122 28815
98578 30703
67562 26006
61452 95140
7839 87745
28898 12395
2610 12395
1661 19886
55105 56193
61452 41224
86292 19886
42009 95140
86292 60756
28751 30042
28751 79003
54812 13181
16954 10299
26066 65620
61452 93610
75376 10299
46518 30042
54812 30042
1418 95140
29378 1
1661 63898
98578 80096
50143 56193
26066 40188
90037 26887
90208 40778
74192 26006
90208 51181
1661 78206
4723 69233
75376 60756
1661 63991
62058 30703
100000 13181
98578 82849
18090 36799
16954 40778
74192 97685
45131 41224
41650 26006
16954 26238
26066 30042
41650 76887
75376 65620
29378 19886
28898 63898
38457 19886
86292 60185
42009 26006
16954 4083
41650 3086
41650 60756
98578 1
1661 60756
18090 100000
41650 69233
16954 49638
27581 56193
26066 51181
69122 63898
28898 1
18090 26006
29378 5287
61452 4083
16954 12610
98578 40778
98578 12395
29378 9728
41650 99482
50143 13181
62934 22527
45131 78206
18090 99482
4723 97685
45131 36799
3805 26006
75376 13181
18090 13181
7839 5318
45131 5318
62058 87745
100000 26238
2610 19886
39929 30042
28898 30042
54812 82849
28751 26006
74192 36799
90037 30703
98578 30042
90208 19886
90208 12395
46767 10299
69122 26887
26066 99482
26066 12610
1418 12610
61452 97285
18090 79003
1661 82849
26066 26006
41650 40188
79668 4083
45131 100000
45131 26238
28751 24987
79668 36799
54812 79003
39929 63898
2 4083
46767 80096
1418 63991
46518 49638
28898 41224
2 82849
62934 40778
7839 19886
29378 60185
8571 10299
50143 40778
61452 100000
90208 97685
79668 44627
91547 26006
79668 63898
54812 85569
16954 63898
29378 87745
91547 87745
90037 60185
28751 62742
39929 97285
2610 100000
79668 82849
8571 11708
26066 10299
54812 28815
67562 1
79668 93610
50143 82849
8571 56193
39929 93610
38457 82849
74192 93610
45131 12395
41650 76890
2610 40188
28751 3086
28751 10299
1418 28815
46518 63898
1661 49638
50143 76890
69122 12395
86292 10299
98578 12610
41650 16429
45131 16429
74192 85569
41650 12395
69122 22527
29378 63991
41650 12610
90037 97685
55105 30703
8571 28815
2610 78206
2 93610
28898 30703
8571 85569
2610 79003
62058 80096
39929 60756
74192 44627
46518 13181
42009 4083
61452 49638
41650 97685
2610 95140
7839 3086
41650 63898
8571 49638
75376 99482
28751 95140
26066 76887
62058 82849
75376 1
45131 97685
27581 11708
28898 16429
41650 22527
4723 26238
46767 95140
26066 100000
42009 41224
8571 40778
39929 11708
38457 30703
8571 60756
2 40188
98578 26006
91547 95140
41650 49638
4723 79003
54812 76887
1661 56193
29378 11708
79668 26887
91547 78206
69122 76890
29378 16429
18090 56193
7839 97285
38457 93610
62934 62742
1418 62742
28751 87745
67562 99482
2610 30703
18090 24987
8571 63991
54812 60756
91547 49638
27581 5287
75376 36799
62934 85569
18090 97285
10176 10299
55105 11708
45131 13181
90208 3086
98578 51181
91547 80096
90037 93610
3805 26887
54812 44627
10176 40778
1661 99482
55105 76890
100000 10299
1661 79003
1418 16429
38457 85569
16954 9728
55105 80096
54812 99482
28898 19886
61452 51181
28751 13181
39929 26887
98578 44627
69122 49638
8571 4083
100000 19886
28898 26887
90037 5318
69122 40188
86292 99482
10176 63898
74192 24987
54812 36799
8571 79003
45131 19886
3805 40778
90208 10299
69122 97285
10176 1
75376 62742
62934 97685
16954 99482
4723 97285
74192 40188
1661 26006
18090 62742
41650 87745
26066 19886
3805 4083
55105 93610
28751 30703
29378 65620
39929 30703
26066 22527
1661 51181
39929 87745
4723 40188
42009 26238
2610 9728
7839 63898
29378 28815
90208 11708
86292 26238
18090 30042
86292 24987
74192 41224
4723 85569
41650 19886
74192 60185
61452 36799
27581 28815
86292 95140
69122 24987
61452 69233
69122 60756
18090 4083
98578 36799
79668 51181
98578 97685
28751 40778
98578 76890
54812 49638
100000 69233
62934 49638
27581 62742
62934 69233
61452 30703
10176 11708
38457 10299
90208 9728
28898 63991
38457 63898
18090 30703
28751 76890
46518 40188
1661 30042
90037 24987
55105 1
3805 28815
27581 76890
90208 93610
46767 76887
4723 4083
2610 63991
54812 9728
55105 60185
55105 19886
3805 30042
27581 69233
1661 9728
45131 28815
62934 76887
2 19886
86292 26006
29378 60756
18090 10299
16954 62742
61452 62742
26066 85569
90208 41224
61452 19886
90037 9728
4723 80096
79668 16429
67562 9728
29378 30703
79668 13181
50143 62742
2 60185
28898 22527
16954 97285
38457 99482
3805 87745
2610 3086
62934 63898
27581 49638
46767 30703
61452 76887
18090 82849
39929 63991
1661 11708
2610 12610
55105 24987
16954 40188
100000 79003
16954 60756
16954 26006
61452 3086
27581 80096
74192 76887
18090 26238
2610 26238
41650 80096
26066 5318
27581 100000
54812 63991
2610 63898
55105 95140
98578 97285
69122 11708
90208 24987
3805 9728
46518 26887
8571 5318
90037 5287
29378 49638
54812 62742
55105 3086
18090 28815
16954 85569
50143 3086
28898 26238
90208 22527
10176 100000
28751 60185
79668 76887
39929 13181
69122 65620
98578 5287
98578 16429
2 95140
98578 9728
3805 85569
1661 16429
1418 5318
1418 11708
2 22527
75376 40188
79668 100000
42009 63898
98578 22527
98578 49638
28751 56193
3805 36799
27581 60756
1418 41224
45131 12610
41650 51181
39929 100000
100000 41224
62934 95140
27581 26006
50143 10299
4723 44627
91547 30042
91547 76887
46518 5318
79668 97285
3805 100000
8571 13181
1661 12395
18090 16429
10176 5287
27581 10299
18090 11708
29378 97285
1661 41224
26066 95140
62058 36799
54812 11708
26066 56193
2610 5318
42009 1
7839 41224
29378 93610
3805 13181
28751 93610
75376 3086
18090 5287
90208 56193
79668 78206
50143 60185
38457 56193
16954 63991
69122 9728
86292 65620
1418 99482
98578 41224
90208 85569
10176 5318
16954 5318
45131 87745
61452 63991
90037 51181
38457 51181
7839 13181
28751 97285
41650 13181
8571 97285
1661 62742
55105 82849
61452 28815
90037 82849
1661 97285
42009 40188
4723 63991
28898 93610
79668 62742
62934 82849
42009 5318
10176 79003
62058 30042
45131 30042
2610 11708
38457 1
10176 97685
100000 62742
46518 56193
90037 26006
62058 9728
39929 41224
28751 4083
1418 60756
62934 5287
50143 30703
10176 26238
26066 60756
46767 65620
42009 30042
90037 69233
91547 26887
62058 63898
29378 78206
86292 79003
7839 65620
3805 79003
1418 4083
67562 85569
61452 40188
86292 12610
75376 12610
62058 69233
29378 97685
1418 82849
61452 82849
42009 85569
62058 62742
7839 5287
1418 56193
29378 22527
8571 26238
50143 26887
79668 95140
16954 80096
28751 49638
75376 41224
62934 26887
86292 56193
46767 9728
69122 87745
46767 12610
54812 26006
28898 3086
27581 13181
29378 40778
46518 97685
4723 24987
1661 30703
26066 26887
27581 97285
50143 63898
2 85569
16954 65620
41650 65620
7839 62742
67562 3086
91547 9728
46767 100000
2 24987
98578 13181
18090 97685
7839 44627
98578 87745
100000 4083
27581 30042
69122 10299
98578 85569
39929 49638
4723 12395
69122 30703
2 87745
1418 51181
86292 4083
45131 63898
7839 4083
27581 40188
2 12610
67562 36799
91547 4083
45131 11708
10176 78206
2610 97685
69122 79003
75376 97285
61452 80096
39929 99482
28898 79003
61452 60185
41650 4083
79668 5318
26066 41224
55105 63898
28898 5318
62058 19886
69122 69233
91547 1
62934 97285
16954 82849
27581 1
39929 12610
62058 97685
27581 41224
8571 63898
41650 10299
54812 4083
62934 63991
62058 40188
54812 12610
67562 82849
41650 1
79668 12395
8571 93610
55105 28815
7839 60756
1418 12395
55105 49638
1418 76887
18090 85569
74192 30042
1418 80096
10176 22527
61452 11708
62934 76890
45131 76890
2 60756
2610 82849
75376 30042
26066 76890
90037 12395
74192 1
67562 19886
75376 80096
67562 97685
90208 82849
39929 26238
2 12395
75376 100000
2 13181
3805 3086
91547 28815
8571 51181
26066 49638
86292 44627
4723 22527
79668 19886
67562 30703
90208 1
62058 16429
69122 30042
100000 1
90208 80096
55105 10299
39929 22527
50143 12610
1661 80096
90037 62742
61452 22527
62934 36799
28751 22527
27581 26887
62058 26887
91547 10299
50143 28815
55105 12395
61452 26887
79668 69233
7839 69233
79668 85569
46518 82849
42009 56193
75376 69233
67562 28815
62934 10299
39929 97685
75376 19886
79668 22527
74192 80096
62934 80096
62058 78206
46518 12610
10176 56193
90037 76890
16954 76887
26066 40778
3805 5287
98578 24987
55105 13181
28898 76887
42009 12610
90208 63991
62934 100000
62058 4083
90037 80096
16954 95140
27581 4083
91547 97685
2 79003
8571 12395
2 5318
54812 60185
2 30042
69122 60185
18090 69233
39929 62742
26066 28815
10176 12395
46518 19886
50143 26238
18090 9728
3805 51181
45131 22527
4723 26006
61452 99482
74192 69233
7839 26238
100000 100000
98578 69233
74192 60756
46518 85569
38457 30042
46767 1
67562 16429
46767 41224
62058 26238
86292 30042
90208 69233
27581 30703
28898 51181
38457 65620
67562 95140
69122 5287
90037 65620
2 30703
62934 60185
91547 13181
62934 41224
62058 63991
100000 12395
8571 76887
90208 36799
69122 100000
55105 87745
4723 28815
46518 80096
45131 9728
42009 87745
16954 3086
67562 97285
27581 65620
55105 26238
41650 62742
46518 62742
98578 19886
75376 26238
7839 26006
86292 49638
45131 63991
39929 19886
54812 16429
1418 97685
8571 41224
38457 76890
61452 13181
38457 87745
91547 24987
55105 97685
42009 100000
3805 76890
28751 16429
18090 26887
27581 76887
75376 79003
8571 95140
62934 12610
62934 99482
54812 63898
74192 82849
46518 63991
98578 79003
27581 93610
54812 10299
7839 16429
74192 9728
90208 65620
3805 78206
46767 40778
39929 16429
50143 19886
74192 11708
46518 87745
27581 16429
45131 49638
55105 12610
50143 49638
69122 56193
62058 76890
8571 26006
67562 13181
3805 95140
8571 26887
1418 93610
3805 19886
7839 76890
98578 93610
38457 97285
46767 28815
39929 3086
2 5287
86292 9728
98578 56193
27581 85569
10176 16429
39929 79003
38457 12610
90037 4083
55105 79003
4723 63898
90208 78206
29378 85569
2610 49638
41650 63991
28751 60756
61452 60756
28898 95140
46518 22527
3805 24987
45131 24987
62058 3086
29378 5318
86292 5318
100000 85569
16954 28815
46767 22527
3805 26238
62058 44627
16954 12395
62934 1
75376 4083
1661 28815
90037 97285
45131 26006
3805 69233
8571 76890
50143 97685
26066 5287
39929 40188
45131 40778
100000 12610
29378 24987
10176 51181
46518 78206
3805 44627
100000 26887
4723 82849
7839 79003
42009 3086
2 99482
42009 30703
61452 65620
7839 60185
90037 10299
1661 44627
62934 40188
8571 12610
90037 26238
55105 30042
28751 63991
38457 26238
7839 36799
1661 65620
75376 26006
46767 5318
79668 87745
3805 63898
4723 10299
62934 51181
28751 99482
28751 40188
55105 26006
86292 69233
45131 60185
29378 12610
67562 4083
2610 80096
46518 95140
54812 87745
28751 78206
62934 16429
62058 12395
1418 3086
90037 87745
28898 80096
46518 11708
100000 40188
90208 5287
2610 56193
74192 99482
98578 60185
2610 22527
26066 82849
46518 4083
10176 30703
46767 60185
8571 62742
54812 1
1661 85569
45131 82849
74192 62742
86292 93610
69122 41224
1418 26006
18090 65620
62058 28815
1661 5318
18090 49638
7839 11708
90208 40188
74192 28815
2610 62742
45131 93610
26066 60185
86292 51181
62934 87745
41650 100000
46767 49638
74192 65620
67562 5287
18090 5318
54812 97685
50143 78206
42009 69233
1418 78206
26066 36799
28751 12395
18090 87745
28898 24987
46518 41224
1661 76887
2 78206
91547 100000
28898 40188
61452 87745
91547 60756
86292 30703
38457 36799
62058 11708
98578 60756
27581 51181
74192 87745
38457 3086
79668 28815
62058 100000
27581 9728
3805 49638
29378 82849
38457 16429
50143 40188
61452 44627
90208 28815
69122 62742
62934 11708
2610 26006
38457 9728
62058 10299
46518 60756
54812 41224
41650 24987
74192 5287
90037 76887
38457 80096
100000 65620
26066 97285
41650 85569
50143 12395
69122 26006
45131 69233
46767 24987
27581 63991
28898 26006
42009 93610
46518 30703
28898 87745
90037 56193
2610 76887
79668 10299
28751 100000
54812 78206
98578 11708
98578 26887
91547 5318
41650 56193
62058 24987
1418 44627
28751 85569
79668 41224
7839 97685
75376 44627
98578 95140
50143 95140
1418 63898
54812 97285
29378 76890
2 9728
62934 56193
100000 95140
38457 79003
8571 100000
7839 82849
46518 100000
62058 1
10176 60185
75376 78206
90208 87745
46767 40188
46518 3086
62934 65620
67562 51181
39929 12395
69122 26238
54812 69233
2 28815
55105 22527
62058 41224
67562 76887
38457 5318
91547 19886
55105 60756
100000 56193
46767 93610
2610 10299
50143 80096
62058 97285
91547 36799
55105 41224
46767 36799
28898 5287
61452 5318
42009 13181
28898 11708
46518 44627
45131 60756
42009 24987
28898 60756
1418 26887
42009 22527
74192 40778
45131 79003
67562 40188
3805 10299
27581 40778
67562 10299
91547 5287
79668 56193
29378 69233
75376 5287
75376 56193
90208 63898
10176 13181
42009 36799
1661 26887
75376 11708
7839 49638
27581 63898
8571 30042
100000 93610
28898 76890
1418 30703
27581 95140
1418 19886
29378 44627
16954 36799
54812 5318
16954 30042
79668 3086
2 56193
3805 93610
79668 60756
67562 30042
90037 1
18090 40778
98578 3086
29378 4083
90037 79003
26066 63898
54812 22527
16954 56193
10176 95140
18090 41224
8571 99482
2610 99482
90208 5318
100000 36799
91547 12395
86292 11708
42009 51181
86292 41224
8571 44627
75376 76890
54812 40188
7839 51181
100000 9728
62934 12395
2610 28815
100000 16429
18090 51181
45131 44627
50143 63991
86292 100000
46518 99482
50143 69233
46518 76890
38457 63991
54812 100000
3805 56193
55105 5287
100000 40778
26066 93610
41650 36799
27581 79003
42009 28815
61452 26006
26066 62742
50143 5318
62934 4083
46518 16429
46767 19886
39929 5287
62058 22527
1661 60185
46767 60756
1661 24987
2 36799
91547 56193
41650 9728
1418 5287
1661 10299
2 1
55105 4083
69122 1
67562 79003
39929 28815
3805 12610
2 11708
38457 41224
41650 26238
86292 97285
1418 97285
75376 95140
42009 60185
98578 5318
38457 26006
28898 49638
7839 30042
8571 3086
69122 44627
28751 63898
62058 85569
4723 78206
38457 5287
4723 12610
8571 24987
100000 3086
7839 80096
29378 62742
29378 12395
90208 79003
46767 51181
98578 63991
61452 10299
74192 3086
8571 80096
28751 76887
4723 3086
7839 63991
86292 76890
42009 76887
28898 100000
55105 65620
26066 97685
45131 85569
2 63991
90037 99482
4723 26887
74192 30703
67562 93610
45131 30703
61452 1
7839 22527
7839 99482
1661 76890
86292 3086
28898 69233
90037 95140
4723 30042
91547 51181
45131 62742
39929 4083
67562 69233
29378 80096
28898 60185
38457 24987
42009 19886
86292 78206
90037 100000
90208 44627
79668 26238
55105 85569
39929 5318
69122 40778
98578 4083
16954 76890
8571 82849
10176 49638
75376 24987
79668 30042
69122 85569
46767 4083
62934 44627
10176 12610
4723 9728
41650 30042
27581 82849
26066 11708
1661 1
7839 10299
16954 11708
29378 51181
38457 12395
10176 41224
67562 60756
3805 80096
100000 82849
62058 93610
39929 40778
67562 76890
42009 99482
4723 40778
26066 80096
86292 28815
61452 56193
46767 56193
8571 69233
79668 40778
42009 44627
62934 24987
86292 40188
27581 5318
62058 13181
41650 26887
3805 5318
91547 99482
41650 78206
90208 60185
8571 97685
79668 99482
67562 56193
10176 3086
10176 99482
62058 76887
67562 41224
27581 26238
45131 76887
7839 26887
39929 85569
90037 44627
38457 28815
28751 80096
69122 78206
55105 63991
90208 30042
7839 95140
55105 26887
16954 24987
100000 60185
100000 80096
75376 76887
55105 9728
2 26006
79668 65620
42009 12395
69122 93610
75376 85569
16954 69233
54812 80096
28751 11708
90037 49638
27581 99482
50143 24987
46518 9728
1661 97685
1418 9728
2610 5287
67562 24987
16954 30703
28898 12610
42009 82849
28898 28815
2 97285
1661 40778
46518 76887
1661 12610
100000 5318
90208 100000
74192 16429
67562 65620
42009 62742
41650 82849
62934 13181
27581 36799
55105 5318
90208 4083
61452 26238
90208 16429
55105 78206
10176 36799
62934 93610
46767 26887
46767 87745
3805 11708
86292 97685
7839 9728
28751 1
4723 60185
62058 51181
3805 60185
74192 56193
42009 97285
46767 63991
46518 51181
2 80096
42009 26887
54812 12395
2 76890
61452 63898
28898 78206
91547 40778
86292 76887
4723 19886
69122 99482
16954 79003
61452 24987
74192 79003
46518 69233
29378 99482
29378 79003
1418 100000
2610 36799
2 3086
69122 95140
98578 62742
2610 87745
86292 82849
28751 97685
74192 22527
29378 10299
2 10299
