10000 10
8046
7194
336
2003
9513
6069
6028
2032
6313
8692
2961
7390
7656
1927
7986
6722
5688
3857
4188
7671
3085
9169
3793
6263
9325
6354
2235
9136
524
6199
9392
296
746
8368
9787
2402
1263
274
9882
4694
8532
8001
6086
8455
6268
1858
9161
8987
1859
8893
3538
2364
3131
2305
442
24
9697
225
2204
2943
5622
5223
7813
8439
1353
818
4035
4010
8888
8696
526
5552
1374
8856
8674
360
2245
5365
9006
8196
815
9554
8305
393
5206
8621
8675
3398
9491
1363
5397
272
7397
2557
3287
1206
5458
2002
9243
6285
28
5577
6357
7636
9286
8629
9387
750
8811
1104
6459
8889
6193
4905
7720
241
7465
1353
6225
5777
8241
4590
9917
730
6334
9561
8220
4257
2006
1034
4858
6148
1275
3032
1843
7244
8886
8192
1857
8640
6303
7733
8856
9712
2515
91
6720
4922
9287
23
6263
3406
9201
9155
3109
4691
8763
1499
1546
7317
4930
7035
7487
7648
4063
6467
1155
5421
2469
5171
8601
7240
9821
3516
1551
757
9180
1506
419
9356
2117
9072
2743
8094
3129
7162
9392
1968
9098
3317
5684
6325
5687
5845
4709
3761
6964
1824
928
151
6984
6596
4898
3150
2656
8490
3815
5841
8442
7167
6077
8050
9977
5975
3138
6421
4423
2115
3583
4857
1693
2660
9842
8726
6997
6169
1265
4496
5001
1973
7801
3667
8710
6897
6633
8251
756
9905
3596
3507
5047
1534
3326
6763
3127
6097
8216
7572
8299
4091
9661
5042
6351
7142
9267
7341
7536
4583
4247
4096
6857
4762
7943
427
2526
1656
9388
3164
1093
1894
9083
3889
9202
822
1718
3932
7677
426
8001
7287
8825
1520
7220
4967
6952
1993
1913
8581
8299
684
6414
2915
9016
8373
9341
4457
8249
9893
3501
1581
6635
2477
1170
8440
737
6804
3651
1874
1635
3057
1242
2307
9502
3694
620
1457
6692
3344
289
2731
7701
6326
5548
4606
2826
9630
1540
5970
5276
3237
1368
5948
8979
2775
4592
8739
2328
3279
5588
8546
9748
2842
8391
6633
5766
8450
4776
4034
5513
8572
6452
3639
8833
6344
2970
8567
7271
7478
3030
7534
8638
7727
9855
5499
7801
526
1818
6457
9775
797
3366
6137
3581
3198
917
4297
5272
6716
381
3415
4083
2820
6493
7420
1820
651
3506
573
9207
1947
2195
621
2515
1237
5354
9880
8375
2266
6524
3032
8753
4918
7625
474
4695
9031
3405
7637
4971
6775
700
2392
6733
9576
5574
4226
2592
2598
397
4425
8646
4893
5527
3713
2578
6713
4273
3059
7244
1454
6727
5901
2806
1604
5062
7617
3793
5131
59
2283
5651
6083
1557
6094
7173
5859
629
8907
5008
4621
1161
8641
6925
9664
7705
2984
8969
9464
474
6375
5640
5570
6090
9439
2530
7390
7318
5930
9435
6829
6438
3059
5249
6951
782
909
5162
76
3701
6219
8222
6302
2923
978
7830
4704
7912
3169
6926
5947
5691
9507
6777
3301
2084
9414
8657
4313
547
7089
2430
8925
5713
2884
6987
9134
7618
1499
7737
7205
7497
1386
5037
4214
97
9684
3875
9567
1871
4388
2124
8954
453
2341
1495
2363
5080
5079
9339
1139
1929
8532
2651
948
657
261
841
3332
3315
5951
8328
8174
8694
761
8777
7286
859
325
4177
5774
6051
1853
9246
4178
732
5136
7984
3874
7696
5471
2364
5481
2722
8022
647
3339
1878
6070
6132
7206
2474
5244
4817
4002
4453
499
3979
6916
7706
1120
6184
9084
5060
3044
819
5668
3219
7357
3224
4133
7253
8532
1166
5183
4907
4740
9647
7851
206
5569
4907
4979
6838
8768
3888
9718
9975
3486
808
9093
8794
5662
455
7194
5877
5419
1193
4462
6057
3546
6891
2742
4659
9825
2931
7061
7091
1446
8925
1835
8436
6976
7622
8466
7863
2042
5329
1394
6993
3675
9115
9500
699
2283
6901
3945
7647
2548
4227
708
1830
4399
4679
3483
3066
9887
9349
3795
42
3433
3993
8634
6331
2101
9421
6588
101
5845
1111
9691
8221
6307
9322
4811
9313
3423
9479
426
2443
6853
2676
8088
713
3769
4256
9053
5825
2845
63
7532
8657
9116
4037
9025
2645
4729
1693
2737
3978
292
9100
9308
8782
5249
6941
9717
814
505
9510
7992
9049
3364
5264
3274
7751
4429
615
9412
1736
7614
8970
8062
27
4130
8689
3241
3358
4491
4501
2577
6168
7001
4273
7171
8482
4398
2457
5739
8070
7365
8366
4467
3061
300
8742
7705
5562
5939
8879
2955
2201
7351
9402
8263
2535
3471
6009
2819
434
2895
2185
5409
3427
7163
5828
5132
3228
1260
2665
2616
6413
3529
9807
4698
8736
8298
1688
3498
552
1428
830
6272
1000
6223
7045
303
936
4153
4210
7219
4507
728
31
4602
4874
9691
8745
4466
7391
1650
3845
9161
7727
9271
8916
1826
3286
5906
8727
5067
7657
6257
3399
8508
8789
4390
4612
8730
4030
118
9664
3782
8059
5303
8655
1844
8781
8733
6611
6981
2487
6142
6855
9013
3417
5123
75
3315
9183
9229
425
4612
5417
334
6259
7549
5639
1242
2465
6133
397
1517
119
3354
6625
1876
8822
2967
7861
6344
4642
2176
2862
1204
9875
663
9073
8801
4076
7247
762
5039
9107
6617
9936
5278
305
6583
1
28
801
9615
2571
9557
9165
8024
2893
2204
4735
1855
3104
9045
7055
3464
2340
9582
5758
6950
2053
6662
9917
3052
405
6574
8697
5077
310
1613
268
9367
9186
8622
3558
2492
7190
4757
3577
1683
7805
8884
8489
3290
2270
7331
2805
148
2607
3785
6092
5928
4388
6459
4351
6065
6262
8922
7896
651
150
2195
304
685
5785
2336
1964
1392
8092
8424
8297
8819
7828
7999
4674
5036
9089
997
4259
2994
2646
2913
4193
7457
6826
5161
5880
6667
2047
5727
1946
3045
9698
1865
9357
5332
5507
7611
5767
1590
8706
7052
5508
7369
2233
2188
6732
3428
8935
8503
8104
4155
6216
4284
6648
4524
4185
434
8882
3937
7096
9925
1318
4157
9375
1473
9038
4380
871
278
1573
4136
4805
9168
6394
1494
5360
1369
585
7462
1758
6197
5744
1655
7507
3571
4734
3277
8495
2679
8712
9011
2925
9693
1488
1675
6057
3319
471
2509
6814
2976
6559
661
7596
2250
6415
9789
7448
4454
629
5013
4173
4077
5146
269
8056
5562
3103
4263
9367
8542
3975
6072
4274
4180
7457
8408
1569
1555
8971
201
5142
4719
124
982
4019
2558
5179
5155
8689
6325
7223
666
5683
3553
7195
7931
2854
3092
7472
5687
9572
227
993
8582
8794
2536
5394
684
5522
6099
9862
3883
4553
8114
9601
1431
2874
8757
9108
6123
4690
9805
4130
364
7086
2532
406
7583
2588
2955
1260
5037
6209
8868
7190
4466
7850
7058
6553
6360
2986
2177
5182
8853
7265
4926
4607
5781
3947
5446
6693
133
4935
7813
2466
102
8896
9829
6764
4410
4251
9738
5747
8503
8846
6487
5916
256
7231
3426
1537
540
7559
2974
3775
5147
768
6328
8844
9028
5120
840
1021
9401
1872
6472
3774
5144
2997
5534
5458
4045
4516
2899
6760
6008
7613
8555
8268
1116
2707
779
9389
118
8923
7942
1679
5766
4713
7639
9610
8596
2534
7906
2541
7537
1710
8791
8649
6287
6846
3500
1588
5531
1726
3843
6900
8060
8483
5972
2415
9616
4933
1918
7297
3932
967
9274
2364
5793
1225
3451
8853
6246
6855
3769
8667
226
2117
3159
1457
6990
9878
3223
3333
9607
9158
443
3564
5201
9120
3856
9689
1320
838
680
3437
6865
8262
5953
3785
9571
9928
3279
3853
1770
3593
9710
3880
2628
3850
8225
9115
8395
8630
9363
3564
4179
8300
4914
2071
1409
8924
153
9120
8452
4276
9501
960
2258
7830
5286
8805
4892
5871
7210
2643
7110
142
4907
5747
5133
3721
7734
5721
3488
4913
8773
6068
4366
7980
2105
5222
4260
8572
6925
2392
5707
4354
5776
6758
9915
6627
1494
6862
9573
1235
6235
5356
3219
8326
9721
5026
1286
8054
4071
4514
1282
8731
5318
9889
6113
8556
8982
7147
3049
9212
1400
3131
1644
7520
3068
1304
4942
6202
1111
9845
7876
2113
7951
9859
8176
6812
6887
6160
7649
1897
3202
9784
551
3117
9402
2415
1882
249
3504
5732
128
8776
7767
5167
7540
3923
130
7821
9318
3190
9680
7624
4839
9714
3235
8319
1281
2437
1305
9155
4062
1858
90
132
9408
1010
9217
808
6651
5772
2760
2261
3184
5659
1715
9271
2266
391
1832
6825
8040
7266
8924
724
1164
2888
4393
4980
9223
7485
8155
2219
1244
9866
5126
7076
3713
5117
2731
6096
6614
9426
8454
3024
7671
3492
1861
890
7244
4231
7311
375
9861
1228
7878
8766
7912
8157
7859
578
1518
3513
1341
2805
7389
7855
4183
3096
9795
5875
5255
7347
4026
7788
3797
1945
1521
2358
3080
4212
4749
3284
3578
2439
3644
6412
8884
9066
3718
4616
4485
2991
8633
1291
4085
9146
899
3697
7482
8804
6088
9911
5769
2894
1673
2876
6092
7350
532
8141
4340
5657
2211
7695
7658
2507
4854
4903
5345
638
3625
1946
8129
5769
188
7707
484
8715
1694
7997
3185
9764
8472
1826
184
3963
6215
9517
9732
9416
2789
5585
8261
8151
6792
8572
9311
9214
7395
6708
8065
5869
4342
270
5272
3479
4214
6922
8895
4659
8610
7388
308
8263
4492
4179
7724
5642
1363
4674
1887
7423
4680
2283
5394
3930
8432
9409
274
5173
8780
3443
9398
144
6955
3111
8752
8718
3573
4378
6251
8433
954
3857
4833
4879
1969
7053
437
2287
8269
8497
472
7712
1970
1385
6138
8170
8928
1794
8129
263
7736
3316
1890
2564
6969
2367
5588
4567
5862
2687
8630
2590
1546
2261
5154
2827
6333
8305
5887
4710
7390
1814
9347
3259
2625
2595
9416
8405
7973
1081
7405
1244
9802
1391
892
6975
2919
6692
3845
4747
6145
2244
3966
468
6816
6564
660
4794
2093
5928
4003
5865
7204
5278
9845
6051
7718
2640
1788
1418
2494
5085
266
9633
616
7850
8451
9928
85
5427
6451
5466
494
9943
9650
2714
1043
9303
4089
3290
3504
5361
4942
9288
9530
5254
3431
4098
3191
8576
2597
5623
9084
8765
1853
1678
5378
6558
6755
5857
2578
1695
4477
531
2057
9722
7594
8355
1173
9127
6096
1476
8167
9823
2812
5367
6987
2724
1076
4982
2932
960
7720
8001
2353
1885
3615
6838
5
9553
3336
3803
4449
4235
8753
1635
1894
8731
5247
447
7341
3498
1880
492
560
5175
3257
8009
8119
3239
2155
984
265
855
6795
9201
7782
8956
9876
5007
207
3282
7196
4855
118
9175
2313
9412
7251
5735
1771
5807
6568
6241
1633
6408
7639
3558
6755
3864
5663
901
9427
9556
2186
6526
3533
2896
4773
8098
5535
50
3222
9080
4283
2797
2291
4458
4071
295
796
1437
1976
7556
8872
4008
9477
2869
3133
4969
4833
9406
3299
87
7421
7685
2081
1924
6314
1691
6484
4351
6118
1844
7859
928
4268
8752
4622
3464
5558
6433
1283
9590
6088
360
7081
3059
1655
5847
5483
4349
8434
2459
1933
1752
3488
4935
9749
6733
9969
5348
4995
832
4898
7718
908
7026
1581
2096
4213
3881
873
3109
7598
9675
8933
1626
3664
2520
9009
7792
2937
8435
5291
2589
328
8821
3370
660
7294
9060
6173
4704
5345
7342
8794
7525
5843
6564
7665
8573
2242
719
2143
7831
146
1796
9727
59
313
9219
4236
1290
2857
5356
2048
7040
722
4559
7941
4722
1210
1161
7154
9896
7440
6253
9526
6823
4753
5349
5466
2020
1931
2831
7804
4920
4843
7669
792
1448
543
8331
1690
95
3361
7957
4776
4805
165
2233
4792
1815
3891
3703
5627
4239
915
4033
950
1670
7403
9120
7249
7938
3495
9325
3179
238
5011
9990
8219
9319
2212
7750
2905
7107
5185
6875
2885
1432
8339
3514
2644
3934
6831
1503
1798
69
1422
2648
2759
255
9574
3352
1368
5363
5956
3622
8541
629
5784
1251
6752
1758
4802
4300
6421
1444
1367
7379
2397
5129
6495
8881
1570
9339
8338
3715
8387
8525
4639
513
7
4183
7957
9732
9710
4991
1414
4637
8732
3474
8098
6603
7930
426
9590
4568
320
6072
2844
9725
2756
2963
6207
849
9941
1788
3537
1916
978
1931
2891
1157
3273
6573
7995
6896
4504
9444
495
3117
28
5144
7877
937
8728
692
3175
7173
310
5974
2312
9878
5366
7657
5291
7387
1978
2962
4085
3851
5294
6969
6392
944
5101
2495
5624
7938
2173
7989
2597
6876
1001
4313
8933
9209
2174
6282
7484
8752
5587
1769
2749
2080
3970
429
5561
945
2287
2851
4929
2941
7163
9695
6220
3762
1073
5955
7714
8355
9733
3064
4928
1877
8898
2627
3187
3069
7894
8850
6432
9188
4793
749
2546
7382
2610
1105
4452
5431
8051
6312
2000
3893
4391
8073
8264
6991
4826
2329
1534
8917
2121
7426
7583
8762
4316
4390
2850
7555
3055
3507
1643
3245
6330
6831
4966
7471
4192
1901
1193
9101
7087
6929
1871
4300
3669
8543
4801
797
7686
3417
2062
8228
7676
3935
117
6600
4965
399
8088
2481
889
2577
1312
8498
2985
4444
6978
4576
6617
9169
4152
4396
7477
5279
7483
5798
3856
7108
6401
2265
5122
9826
2581
2152
100
5743
4496
4988
7541
9860
3206
4686
1
5305
3533
5615
9086
4803
8236
4519
8651
3353
2495
4312
395
3568
1173
8135
3844
6796
6448
953
2669
7351
2472
3580
9018
6950
225
6815
7506
4623
9246
2221
1672
49
9182
8962
6290
6692
3426
9067
195
8000
1249
4055
2813
9026
4616
9740
7453
8382
6204
9662
6039
9275
7287
6410
6616
8597
2616
4884
1482
8193
4279
3909
8888
5935
5421
9457
9808
7141
3606
1087
5756
7834
8710
3494
5737
5682
5308
8350
1108
8674
4560
2362
1856
5967
4491
8352
3695
7649
3733
8741
4175
2069
1737
8045
6768
4682
3276
6711
1487
4955
8870
1656
8695
1949
376
5360
2510
9895
1700
2093
4056
2898
5036
9107
6671
7905
5967
2726
8187
1053
1696
8247
5226
9591
4457
9604
956
1897
3754
8507
1913
3891
7777
8234
7474
6043
6925
3174
9200
7817
2665
6691
9166
7062
3823
1692
9664
8969
4659
9400
7331
7442
4438
9815
1311
8149
9179
2598
7268
4881
2551
5507
5022
5150
9559
8615
7666
7248
9439
1304
7058
6633
179
2719
1024
6939
2198
3465
6220
7018
1130
455
792
2447
5363
6615
4329
7477
7831
3930
2016
5947
7369
2908
6577
3576
7789
2502
7150
961
1219
3942
1015
9746
1951
1802
4145
836
5961
6471
7738
5064
7806
5490
7220
7918
7661
6870
1465
3689
7073
4826
5820
5298
5505
2841
1510
6872
3453
609
2844
7351
6780
1326
275
9095
8133
9648
9764
9574
9061
7096
6146
7975
1473
6473
7075
7777
4456
7374
47
4394
4312
7693
80
1948
5450
7400
2845
1999
7677
9581
7836
4177
1744
7636
5963
1475
5158
4325
1165
1765
9373
8804
7894
9572
5968
2159
5613
7139
8212
3040
9003
6237
3145
5367
8048
2173
527
6251
5473
5492
1798
8343
5962
4965
2439
7660
9041
6787
7867
9769
6913
4671
1176
1770
2464
8142
5475
3352
9690
6732
6218
2880
7714
3900
6168
4787
3421
9608
2920
3719
2206
9540
6574
7440
4479
1025
3646
9244
6859
9055
7603
1584
3233
3226
4702
4305
6119
1601
6989
136
8544
8283
2404
9174
9089
7936
9955
47
9224
2983
6287
8028
8564
6501
9737
7429
2699
9224
6553
4728
1997
9823
338
4005
5006
9
1211
9775
5894
8033
649
9835
9350
4559
5608
8341
120
4177
4839
4025
5417
1533
6329
8635
165
6739
756
9558
6017
3346
7972
8854
5323
9060
6059
4272
9751
5905
7465
8599
4181
3387
4935
1324
2092
9977
3596
8627
6334
6398
3822
2181
1767
8942
767
3194
2449
9235
3836
3487
4259
1111
7040
4429
2651
4883
9972
8516
2807
4438
4256
7778
4932
5910
7451
6214
7424
5556
4521
328
5458
8770
5555
762
108
672
13
8993
5815
2362
2717
5658
9152
4681
2671
5032
4681
2903
2948
1192
9318
45
7518
3409
7310
5460
2327
540
2183
1750
6127
5348
504
3954
4300
3195
5759
4714
5529
5434
4077
2046
3870
833
9329
7165
5363
420
5556
6083
1655
5067
7794
2100
2349
1663
3020
8037
3688
6542
2718
1653
1171
8941
1827
3553
1811
4381
9736
7714
3120
3350
463
2795
7185
9693
7150
8305
1340
8973
3443
6530
7801
5779
9956
2356
9598
6324
166
3462
5645
5326
6686
4508
2693
2621
8963
3274
4870
941
6427
7450
1726
9159
5630
1022
7971
1054
4554
4983
3518
5628
3244
7307
6357
5737
5304
2893
5530
5444
1716
5569
1417
3828
8293
6539
428
7277
6991
1272
9333
9561
123
5603
7461
5872
6954
1243
1511
1046
4028
6773
4806
6353
4479
1563
9486
4272
9795
1997
5546
4066
4886
1452
2487
8934
225
3785
1730
4488
4947
713
8877
7762
6019
6321
5073
9468
4772
762
5366
4746
6396
7967
6162
8494
6685
926
7704
5110
8274
4927
147
2970
7647
4656
5236
2876
2433
9850
4763
7848
1656
3734
6358
5519
9733
454
8607
6052
5030
9443
3542
9930
5866
8722
4097
6162
9429
1080
5226
879
689
4710
4934
2954
9811
2429
9122
7005
2270
9501
9658
2517
2153
9652
9401
3186
3116
2646
33
9908
5514
9558
7081
9800
7298
6326
2912
1972
4569
3739
9495
7088
7811
5996
6977
5550
9121
7912
6
5157
1741
4108
9857
6645
6422
6825
1691
6862
6446
2177
1131
2843
7832
4090
2199
1444
8371
5151
8889
2726
5782
887
5691
1629
7491
8323
2580
8691
1238
4955
3952
1263
4097
398
1327
6225
1296
9545
4861
5122
6850
6765
2684
6165
8967
7404
8599
9150
3119
5695
7562
380
8000
4985
1483
5988
2369
3779
7509
9865
273
650
6412
2222
2577
2001
2731
9311
2413
4823
7665
1480
9825
8188
1166
5811
5748
7670
4105
4071
846
7675
3654
8339
7068
8107
9598
1260
2917
9774
3245
1581
9952
4598
4961
4986
8079
4254
5802
8865
7621
2613
7108
4628
7214
7317
841
2726
7192
7195
8546
3464
3377
8129
9563
1579
7873
1979
8095
4636
7749
8952
376
9588
1323
8709
5676
3768
5036
3602
1027
8148
3909
4063
7697
2239
8523
6351
1198
3010
4988
5662
5595
7000
3838
8143
4300
2186
1337
3384
7985
55
212
2125
3201
9980
6272
8644
7404
4053
9468
4299
720
2106
8833
8017
3705
6344
7986
100
5731
8201
1171
7435
4523
9618
4871
8230
2678
2690
8356
2614
8272
8761
8940
7120
2380
451
3041
9212
8988
2653
6117
5262
9872
7762
2697
253
2945
1445
312
9873
1350
7801
5608
1448
2017
9619
3188
3543
8842
9330
858
2534
7688
7727
540
2419
8963
461
7171
2579
9719
4937
1917
4116
2615
8726
4450
250
924
8872
1101
2791
9603
8623
7481
2946
3961
1641
581
5092
5509
7951
8228
8592
7861
276
6713
4907
8796
1905
4710
2012
3336
784
6980
8205
4370
3851
4364
4017
2693
5212
7707
4502
7316
8967
6825
8847
6376
6444
3633
593
1389
2200
8141
9571
5318
9800
1096
3488
26
1264
6373
6365
9037
8658
1155
6127
9603
5211
922
9443
494
9535
7827
5137
8793
8796
1332
5772
3918
9248
5710
7023
1844
9578
2534
9658
4421
4294
4700
4150
7418
7167
8808
1652
2248
1224
3529
1505
3191
7332
905
316
9820
7680
2220
8280
3928
3884
2021
5520
7663
4328
5012
2944
436
1232
6131
9779
3435
8289
8265
6200
5441
178
8088
6134
8295
5909
2619
9190
5072
2021
1662
9830
6785
793
2087
5852
1055
9223
4729
1167
4841
8716
4628
564
2210
3421
4872
583
1163
8945
8640
5833
9976
5940
5033
3020
298
2354
1557
3169
3672
3295
20
6389
3190
2544
1087
246
4281
4085
4314
6681
2938
2498
3833
2475
7828
7425
1670
3792
1304
6736
61
2121
5376
5187
9416
6917
8898
1256
4408
5429
4061
188
3585
9361
8817
1795
2556
4954
7648
1743
2419
5087
8059
3342
4948
2953
9936
4451
6132
2246
8240
9446
9660
3250
6707
4750
5049
4935
2716
5397
4681
5814
8114
1936
1741
9505
2647
7091
3319
1110
5220
8556
9275
9769
5677
4628
2881
113
5060
3577
7622
8626
8238
292
5285
4813
1874
4949
8917
541
4558
3950
6192
554
4453
2517
6448
5919
1528
7639
3167
3154
6455
3307
9501
3748
3283
4353
7846
6372
4067
3687
2121
663
5416
7251
6797
9028
4497
6940
4301
6566
100
8076
1630
5233
4891
6817
7975
3329
3862
2210
2358
6760
8875
8800
8335
9945
994
7352
5589
7771
6612
1325
8510
573
9463
2386
1602
4974
2677
2508
6846
565
1807
188
7609
63
3112
3070
5798
8203
1961
7921
506
796
785
7388
3747
7136
9302
4124
4903
6826
3332
9432
813
9745
9642
4235
5080
8482
6374
2625
2183
9534
3171
6400
5716
8871
8543
1573
481
8162
5241
9823
9606
2498
9904
1772
67
1174
9870
4068
3440
1889
9782
1489
8593
794
8648
9744
490
3839
7971
1087
276
2916
1764
3897
6957
113
7293
7315
1367
7969
2076
8441
2852
5017
5099
7860
3753
9089
3411
7297
3115
9920
157
6854
6979
6172
7311
2594
4178
7019
1543
333
9872
4025
5911
7000
1054
1032
3423
3574
4542
4008
4645
6091
2198
2533
2969
4194
7336
2989
6829
4596
717
9726
2082
15
3080
675
6252
7706
2830
8435
8144
5188
671
468
1970
3668
7481
186
5342
4015
1792
5778
9686
8998
9806
4079
5427
2452
1712
7756
3350
5325
8576
5293
7057
6900
1262
5882
3247
9499
6308
6842
5229
3999
1194
2807
9469
1918
9574
6462
5407
7488
9043
1221
4627
8746
4569
8648
5490
3960
5138
4109
4441
6667
8921
2642
7881
72
3486
8283
6538
7942
8103
130
7690
1905
8166
4242
5172
6581
8897
5959
9165
6618
3894
4241
8808
8582
9519
1569
7024
9909
9703
3069
6464
7570
6839
8031
3742
3776
156
8577
3524
4683
564
3960
9831
8255
4725
6963
7621
2893
3182
2838
6862
5276
2320
7368
8307
9024
1260
9728
4318
1507
9912
6714
294
6451
8926
6875
8600
80
5638
5667
1217
1907
7548
3474
6986
1421
5923
3252
4220
2305
3736
7482
9579
1600
1699
6226
6696
4440
393
1131
6235
4135
5570
3209
5306
2910
120
6930
423
176
4881
4005
1134
827
1337
5210
5210
1101
4844
9365
8965
8256
5561
4816
8262
490
6863
5603
3944
4842
3087
5239
81
1420
9261
2631
5650
6522
5050
8374
8259
6285
7275
7721
9535
2768
7191
9610
5269
2299
5053
5630
3599
61
9155
8721
9303
6472
6950
1097
5249
2092
8923
7973
423
8901
9294
2662
1853
2825
1116
9374
3689
1124
2871
623
8617
4690
760
954
5297
2664
2071
6019
3365
1788
611
2096
3882
3511
3085
3269
4261
5824
2419
5642
9877
8585
3550
6370
7079
7317
3836
8987
1977
9371
8338
5272
9534
9049
5191
2329
2610
2834
8746
995
6009
8583
8116
8536
8996
3014
3445
6600
4925
291
4541
2137
9410
7310
1709
2843
6942
142
2672
7244
6126
1849
9252
91
3341
2643
4768
9666
9353
3622
9374
5068
4763
796
8068
1685
9826
9085
6302
2323
5628
4626
872
3775
9093
9355
3970
5006
5108
1419
145
1602
1576
499
4649
7312
8300
2202
9404
8981
7901
4694
3388
5792
6127
8041
8751
5639
4818
5904
1232
7220
9663
999
4841
8988
6610
6842
4809
7416
762
2940
7532
2164
7114
1940
737
3131
1617
7353
4042
6206
8166
53
1382
6304
9281
3464
4396
8257
5730
8118
3848
1125
5359
1284
4133
3338
9456
7999
2521
1936
1711
4496
1852
2929
1188
1531
2071
9758
4253
7649
2715
2210
1652
9422
1212
3899
3983
5068
6316
309
6919
8228
6193
3722
1807
7677
9806
6629
4240
4144
2722
3925
4486
8259
7942
4288
4178
4609
6652
3648
181
9028
7060
635
7941
8937
2536
2069
1823
1702
1903
5338
5616
3091
8734
8647
931
7461
3505
7998
3132
1744
723
2064
9249
5029
8913
8198
216
5388
5140
9424
9471
4826
5470
8243
6517
3907
6442
2989
1071
4775
8646
4315
726
9280
8830
1919
9302
399
8923
6504
2276
6707
75
8813
4651
6111
2705
520
5308
1739
3965
4898
7422
4831
7811
5368
1157
9184
6052
8635
6559
5492
4692
1143
7121
2149
8997
4290
8918
6106
8940
6916
3892
9296
7426
5521
9805
3360
2768
3374
1731
5668
7406
8828
3711
3689
9284
1437
1780
9374
7726
2503
2142
1371
8751
7992
8904
2205
1480
1012
4186
9823
4202
5591
6944
1491
5470
6726
2380
1284
1558
7590
3062
4768
9764
6090
5969
6801
5730
5750
7710
1489
8379
7491
367
286
9053
9888
4494
8316
7682
2793
2498
8508
5837
7328
2043
6133
4726
6648
7010
1377
3992
1052
1405
2223
4200
5192
4914
5787
6637
6842
5297
1782
9555
4942
4025
8583
9448
119
1595
6375
9479
7901
7268
1229
4621
3994
4501
8690
2943
4056
1085
3000
2778
3514
4808
2937
6231
8502
3182
5739
7382
6146
7682
3575
95
7394
2771
9481
6913
7229
139
3649
8345
4227
8938
3604
1661
4826
8589
7514
7632
4740
6689
3304
5791
2002
3076
1311
2522
3162
727
2912
1803
6180
6769
3186
389
8393
724
7778
2776
5784
2308
8999
9763
5037
2903
720
7318
6140
1837
8749
1462
400
39
768
2160
6894
9746
598
1470
7945
9438
1857
1604
2760
8406
3224
8062
7749
9916
5073
2420
5725
363
5966
3603
4281
6638
3512
5527
6127
2042
2985
244
5488
6056
1612
50
9160
3164
8806
8299
6189
2460
6673
225
4601
6618
3314
8062
4250
3062
1375
5126
7438
8958
6883
2060
5483
6539
299
2518
3803
9055
473
5591
5425
6707
4977
7767
4952
6203
2649
8074
4376
5707
4121
4570
5250
8651
7015
2075
2927
2405
3712
507
5473
9017
4441
3521
8796
5476
2712
8105
1891
3808
6799
5864
3372
7905
9718
3004
1365
8347
4443
5133
7496
8904
1276
6076
5548
5319
1869
7219
1406
9107
8120
3364
8554
9151
7052
1610
8946
5768
8330
3847
4204
1139
3733
7496
3199
2324
5755
2737
4288
9979
6523
3334
5189
1888
8755
3577
9596
2157
7606
4185
5328
7825
194
1862
7014
4117
2984
8606
1035
1404
1498
2796
1666
2681
4991
4157
1140
7157
4841
3635
3603
1978
1754
6953
821
1192
9468
8151
9960
1506
7300
5534
1876
4579
7567
8205
6010
1512
4992
8231
3138
3210
8813
7959
2957
8468
6130
6416
5966
5333
2801
7987
3863
651
1006
3929
9181
2675
1116
5100
3631
5326
6957
1202
9321
9294
5638
2139
2566
8512
9316
394
2142
1453
12
2101
3256
969
5332
6208
2236
948
8341
9125
2668
1591
5671
5056
880
4520
3855
4849
5199
3867
7309
4903
9245
6654
7151
9573
6267
4166
657
7798
402
3144
1715
4133
8563
773
1448
4867
4268
8035
9883
9962
1523
485
3741
6771
1842
7497
2181
9173
6424
6371
8194
9329
7594
8421
3828
1138
451
2696
9377
7245
6241
6432
6009
4260
8273
4019
1832
8722
9851
9419
5150
2210
6157
7378
4979
6856
2987
6167
9058
8648
6426
8337
8603
8749
9573
5650
6189
647
9785
5391
8952
4209
9982
5989
8235
5868
8736
8284
5057
3763
1140
2383
9191
4086
1015
5388
6790
4076
1249
3772
4929
2980
5391
6107
2707
5471
3269
9911
5851
4206
2108
5890
7117
4921
8358
8183
3963
1121
9317
1662
7199
9903
2841
8303
1132
4958
8106
6955
3827
6115
3449
7186
2674
9780
3972
6653
228
7734
8093
1096
1034
7055
2208
4980
4713
9165
2996
2703
6131
491
764
6889
3795
8602
3588
7182
266
4678
5629
8012
4546
3735
5465
7744
5871
6829
3836
6435
1241
9291
5668
9737
32
9383
6222
8196
332
4122
4810
6557
5618
3995
1170
2780
7467
8932
4587
2568
7509
7985
4257
5000
2719
4026
5917
4401
8821
7511
1100
218
3463
3292
3246
876
5000
5380
1830
2586
1471
5654
1325
4103
8597
1939
2773
135
4073
8039
3037
1063
4297
3332
559
2231
9842
9160
705
848
1919
2200
9317
2048
6628
1194
2871
6380
8567
7432
429
7742
5729
6417
4219
2033
1674
4818
8070
2846
5841
1089
9979
6474
3567
9720
8416
336
8458
2123
9022
9879
5439
4809
538
1777
6459
1748
5395
9011
2376
6022
7329
3943
976
2613
927
5869
1923
8381
2910
4778
4235
9520
1293
38
8385
164
6366
2076
7635
2104
5843
6791
8367
1399
7934
1319
7273
6580
2243
5000
4010
7381
5485
4470
3381
5686
6459
8178
7547
2105
716
9888
5686
4234
3403
4552
6454
9960
9591
9851
2566
6100
49
8459
9961
4744
2802
9973
3312
6656
1765
4920
9723
3283
1173
3158
9194
5068
50
59
6715
5247
5451
2776
1987
9558
2082
2156
4439
7249
5257
3316
1157
9440
8261
5300
9649
3190
2977
6423
8344
173
2582
7698
7754
5637
8012
6732
5916
9572
4953
6160
6198
4238
6982
3653
6087
1271
2787
4996
3056
290
5743
1162
8591
1541
9258
375
6166
9949
2304
5628
5646
259
2503
1498
5400
5512
2814
3737
6136
6098
5895
2754
7149
6443
687
7693
1271
4281
8054
9431
3255
738
4201
9705
1831
2542
9684
7466
1555
3034
8794
1189
9209
7653
6940
64
8236
6035
4597
4200
6954
6875
6810
6364
8145
182
6692
3853
8405
706
2659
4546
8845
7651
9644
8896
5042
3812
8612
2934
4752
5059
4405
7867
1340
3284
6718
5870
9648
7336
646
4449
6827
2683
5473
2670
2238
3487
5119
9351
1166
6012
8945
4150
9454
867
219
6247
5920
458
9322
4445
6684
6476
636
5706
469
3425
8164
9183
3270
3253
7900
2288
4731
6105
8261
5888
3408
6568
6148
8374
9807
3949
8548
6863
8706
4434
5701
9326
3283
4360
8854
4803
9831
9366
8259
8566
3672
6338
7019
1178
6439
7358
5221
4743
371
4215
8653
9938
732
9201
1335
2300
3145
3133
2499
438
230
8663
9455
4925
1115
2394
1222
3870
9957
3013
8038
9066
587
436
8888
3033
5527
133
1098
2409
9813
6482
62
1629
232
8054
8468
7359
5312
6980
2803
4124
8125
2743
4235
6758
9936
4271
718
4325
4989
4147
4090
6485
1136
6430
1147
8475
8653
895
9236
51
5898
2280
3782
2808
6590
9311
8644
9993
589
6970
8774
2144
1092
1999
6407
456
2685
7683
5047
2567
428
9638
2435
5694
6027
2705
5835
7608
223
4259
7112
799
4183
3716
6689
6583
7503
4217
2468
4308
4779
1502
4467
382
6178
2040
6347
8744
7955
5434
4330
6286
5066
8181
8558
6859
7387
2701
6664
9600
380
9720
8678
7172
2619
5113
3358
3574
4357
1519
4384
4695
493
4944
341
8096
6045
7320
2010
4870
5026
3215
1863
6568
4885
7207
4183
5512
3122
5702
794
5543
4465
5340
2223
4307
2288
7692
3019
1696
9875
2029
5772
3734
6880
1360
363
7805
1192
5706
1339
4060
3361
5166
8989
9979
2017
6144
4835
8435
4759
8130
8168
2131
9372
7906
835
7478
8642
7249
7752
48
8303
2023
9292
2643
7084
9610
6653
4159
2023
7883
1344
5987
7775
7577
5377
7024
7865
9200
5549
6150
6204
6700
2032
1399
7837
1523
7511
9788
1646
6887
9861
1065
189
3558
280
6509
128
309
8127
2474
1420
3430
1743
2074
1600
6620
6434
5566
6834
3427
6289
1408
782
544
1790
2784
853
5936
5808
8666
4175
9186
1352
7099
3116
184
5829
7921
3868
4287
7547
5001
9607
5586
5796
6695
1461
4161
9528
6689
8173
132
8455
8035
7112
4387
4455
9632
5801
5119
6471
2251
2620
8090
785
7489
2480
2896
878
1114
8556
5821
3207
192
7571
1207
6675
3285
1005
3816
2565
4259
2913
7313
977
8396
8657
6702
9595
7471
6891
7420
8214
3439
9565
8435
702
6124
8653
5881
7415
2949
4504
8589
7548
3161
9040
3111
9439
7114
795
9886
1710
1156
6864
5882
3496
9737
8098
3152
2015
4526
533
7604
2605
7399
5232
9459
9037
786
5218
41
5453
4968
8161
8842
2615
3749
4232
5608
5841
3083
2126
9109
894
9827
8921
5010
6663
2316
708
9931
8102
5371
5006
6812
126
908
8972
6914
172
3320
211
331
4443
1211
5968
7027
2683
3341
668
4107
4527
2586
3685
5078
1278
9157
2070
4439
2760
2736
8025
8004
7406
2852
1369
2235
1764
1179
2859
4139
8748
7208
2128
4265
2871
6868
941
1809
5425
9964
8661
6630
4746
1591
1473
7924
418
2012
8580
1230
174
1451
3163
4429
503
1719
1679
9210
6840
4545
5411
6265
4946
6037
620
4778
2464
2912
2688
4649
7935
5651
3003
651
5143
9103
92
9688
3929
1958
8657
1231
6807
7954
6023
506
2651
1481
8662
2795
5851
2143
2459
5857
7307
635
8769
6155
1271
3754
9921
8555
3763
5973
7868
5431
3597
9818
631
9662
4197
1939
8720
2657
6929
2052
2478
7727
2423
5235
3218
5967
5949
119
5769
7228
8496
5655
9301
9370
6081
3779
6639
2324
8746
10000
5751
6778
9440
9649
5618
9165
3932
2949
1803
2104
6460
863
6742
7779
4075
9421
4818
4818
2365
5553
729
2672
9469
9854
155
5042
7692
8001
5799
6762
5489
6118
6158
6816
6778
1125
4424
6933
1209
172
2275
8492
6909
1866
2249
5105
7841
2824
7650
337
942
9920
1248
9489
5441
6913
862
3250
5721
3076
4886
3575
1177
2074
910
7479
8033
932
4053
5611
902
871
9425
2912
799
1365
8154
1233
1010
5002
6234
7963
5533
3519
8669
199
863
9236
5155
9748
1192
6280
1548
9395
3647
9354
8213
2034
7688
7549
7130
8403
8682
9012
1733
4583
27
7900
4076
5466
1754
9190
4812
3535
4775
1695
2220
8245
5597
3224
7558
7759
2455
6532
741
2898
3531
7825
1113
5857
9939
3161
3908
4653
1517
2954
4373
2877
8495
3758
3492
6583
5001
6862
5273
9784
6585
4530
9381
9257
472
4008
7923
9288
3865
2894
4552
6686
4862
9185
1979
322
9925
6213
9826
8990
7251
9687
2556
5458
43
8942
6554
1940
6874
7178
3715
4575
9843
6195
7159
7116
9164
2673
8760
7913
8198
1323
7566
4459
3920
1481
7970
1611
8824
6161
3659
8742
9428
691
7241
394
1573
4501
9223
9492
6588
1427
8444
217
5665
8898
3868
5378
2138
7865
3993
3442
3020
9598
951
8633
4989
3597
3629
7158
1976
607
1418
4919
1574
8825
1857
8464
6648
8210
6164
564
5669
7142
8698
9213
5824
967
8032
1383
9577
3361
103
2437
6234
2723
6290
678
5458
3543
1208
8961
7624
984
6674
8902
3328
7478
1245
1798
143
7619
3433
1031
2211
6403
2229
7068
3795
5380
7132
1143
6996
9182
478
1681
9945
6349
366
988
9041
2524
9481
8873
843
6315
6631
1531
553
9878
2322
9345
3988
2535
8462
1685
7716
4274
4910
4097
8903
4879
6835
8937
3225
1118
2439
8884
5942
7057
4380
3517
6413
5699
7522
943
5500
2342
1778
6235
2622
5410
793
3145
6582
8245
5288
2457
565
8689
4226
7521
4357
331
1281
7911
4282
4133
1154
9659
9118
1241
3590
8566
4450
7573
1302
8796
8417
4420
1681
250
889
4067
8043
2051
495
1147
2228
5416
9994
1165
3585
8659
4497
8009
986
7164
2196
9500
2982
5100
1133
7898
9535
8794
3084
6358
8381
3947
410
9950
9351
7735
1669
3558
1544
7718
5665
9688
852
5881
3394
590
1669
434
5915
8023
6598
26
4331
3226
9403
8248
2713
9052
3037
7875
2427
743
6700
5137
2456
773
1350
2691
5372
7484
6467
1005
1553
511
7538
5450
5356
6522
9391
6442
6904
119
9019
6209
7249
4408
7765
5023
1468
3892
5724
7263
2170
8036
6425
9861
4226
9700
4566
5481
1607
9287
359
4175
4633
322
5108
8282
5345
8465
8618
719
1172
8305
7762
6162
8601
4221
2284
4216
5104
5122
2755
9180
2157
1806
841
8683
5307
352
7875
7134
6752
3270
6291
1280
4436
4248
7273
9621
6229
6875
4445
3347
2142
9887
1328
2044
7481
3735
8105
5139
3913
9721
9852
1806
9691
7001
8286
30
4315
9693
2444
5376
3949
1790
8495
1288
1890
2825
312
7168
8144
9683
8209
2274
1882
1299
1844
8153
2457
7172
8906
337
6213
7212
4707
7905
2697
3305
5078
3037
1903
8522
9314
7032
791
7586
8181
9750
5236
9724
8956
5039
1305
660
3192
3056
9503
4331
4926
3700
877
4583
3547
8169
2910
4990
8335
6001
4360
8239
3580
3036
4765
79
8642
439
7153
4549
2452
9821
4519
8562
3329
6329
3707
6790
5562
9759
3403
3366
3193
9009
2813
5123
4403
3661
5762
4038
9117
2278
232
7435
8878
2452
6803
5601
6926
9545
6481
4299
4840
7317
6936
4416
2009
2068
3421
1572
29
5100
8619
5826
955
3097
5625
365
4994
2167
6646
8929
6146
1507
9261
6745
2676
5086
3611
677
7841
1634
6365
877
7245
9578
4153
2055
6229
5399
9824
2400
7815
3376
1120
2701
9636
4021
8728
9634
9174
7756
5881
13
6597
6877
1952
7315
3719
8864
9801
5518
8280
5599
4685
4290
3851
2756
9588
9312
2559
7548
2822
1887
7640
2047
1169
2440
2549
9346
7850
7848
7518
8070
4193
1407
8292
9997
3961
4842
5667
2865
3550
9659
130
9298
1620
9638
7202
6842
434
2743
5601
1162
4590
1177
8573
3440
706
6793
5282
9330
8725
8004
6106
9913
7238
1765
8304
121
8337
4268
5016
341
5425
1290
7338
3558
1671
2712
8648
5904
9182
1186
9972
5750
396
181
9983
1453
6027
803
7567
7816
6981
4396
4459
7793
3323
2925
4970
8441
8991
4184
6059
9552
5255
6910
7093
1481
3248
8207
5436
5955
228
9173
3530
8498
8567
31
4922
4144
971
3499
9921
9250
4017
4538
4854
7131
8407
1939
1564
5391
8107
2411
9840
1778
9819
5626
468
1104
3257
5230
6472
4252
4465
5604
8452
3379
9299
8592
4842
4114
5580
3488
3741
2051
7527
5960
1622
5643
9692
4601
9689
929
5966
6918
9910
2887
1591
7207
4539
5734
2343
1944
8733
3924
624
6262
9150
1953
547
8560
5483
636
4669
4183
9146
7697
5307
4352
9934
7806
4686
9787
3583
7478
2467
3164
7073
5398
3329
5185
7218
7896
2397
1861
1837
3792
2749
1298
7636
2358
6271
9830
9991
4738
6813
6537
7564
2854
687
8368
5777
578
885
1360
9528
8262
2488
2593
1802
5673
9257
9785
7294
8345
742
3449
241
1154
4375
3913
2545
8608
2344
2761
9628
7264
5069
4338
2512
2874
7286
9540
643
8422
528
2894
6970
9213
7232
2429
4296
67
7199
9447
3687
2691
1335
7338
1013
1608
8392
9373
5033
904
4546
1812
6170
3151
432
6199
49
1917
347
9408
2916
7236
5852
8985
4618
9187
1409
2999
7656
9930
5190
4965
3512
2510
8036
3948
6520
9657
1077
206
6246
3038
3184
2583
8621
9874
5663
3959
5189
5663
450
5380
2387
662
2437
6365
4844
86
1519
2248
4096
4721
1464
6218
6470
1141
7234
560
2370
769
8560
4526
9307
1132
9199
7760
9580
3879
5408
8415
7356
8106
6963
5586
8073
1220
1871
7593
8109
9830
5541
3025
6716
8824
8692
2921
1379
2430
2063
9078
9222
9745
6186
7201
5469
1767
7923
4477
8336
6972
7302
8311
8014
1175
1776
3593
2126
2939
5522
5021
1424
9569
1624
4850
6249
8309
1467
3911
7866
3007
8741
735
7200
7892
3320
4177
7522
8290
726
4274
2217
4616
488
3786
665
4880
5598
1444
3412
7870
3157
5798
6136
8586
5911
370
2203
5318
5188
7012
1657
8340
7753
2764
8248
8426
3839
1327
1186
1759
7100
4667
8300
5910
5985
8072
8905
8267
4490
4858
7335
1298
8218
1931
9446
9445
3087
1539
430
7668
989
7520
911
5672
450
3236
8362
2643
185
8273
9697
4051
5719
1857
6973
5081
6524
2294
2142
1588
650
1076
9588
2783
6333
5471
5593
5559
439
2510
362
1594
3801
794
4203
5593
8582
63
8004
4291
2185
3380
8811
6764
4881
2363
1734
1741
1489
7798
6591
7047
3762
8824
206
8896
8927
7236
9293
4586
531
3809
5634
8930
9823
2490
4027
4007
7860
781
369
5181
516
3491
7492
7745
7663
737
1321
3299
2676
5081
5297
1229
1951
8178
3689
1411
2174
251
5046
9130
8374
6983
9309
3580
9206
8178
4664
5993
6383
7672
9752
781
2625
2293
8508
4590
5383
5918
4339
3403
2606
5795
4969
104
879
9664
3990
5935
6311
1216
2671
1855
7045
1330
4971
5976
8606
415
90
2684
5676
1749
1983
5961
1707
1734
1815
8989
2619
4734
3641
4727
6708
1250
4792
1736
7016
3678
7971
7000
7056
1207
2061
1280
1052
1322
6379
2600
2352
3970
1262
5562
9837
7843
423
2383
5956
9509
3385
6495
7791
1771
578
2816
9816
5820
7897
8014
7434
8514
4835
6381
8077
8779
943
4055
7179
7815
8265
279
6358
4623
7146
4521
2943
6252
1884
7920
7032
1056
2348
7693
2932
337
83
9375
7169
9497
4235
7188
3492
7402
4269
1515
3321
6500
8149
2752
6382
6226
1919
8453
2245
8606
5986
3547
3782
3874
8324
6440
7432
5814
4045
9729
5923
1829
7023
4521
8185
8608
1696
6855
7553
9494
9210
9026
5205
3136
5525
2875
6173
508
520
5367
622
1007
7128
9201
5682
778
4268
4827
3487
6009
5461
4022
473
5516
4644
9978
1220
3983
5961
7565
4153
7442
2697
403
273
7413
923
1660
2322
95
5601
8286
8693
7166
37
7020
9965
3376
8951
4578
6802
1605
9711
9913
6002
1917
1238
4283
4485
6294
7176
2109
9272
911
7932
2145
5274
6645
6426
4824
660
2652
4299
8626
5111
9447
1601
6076
1299
5025
90
7621
6161
9570
2851
2451
7261
6226
2047
6999
7562
1665
2390
8771
7146
574
3251
9781
9122
7115
6012
6731
5151
6372
8275
4743
7423
1206
602
8924
8594
2991
7115
4753
7182
4637
1389
6499
5754
1989
4921
4763
2584
2779
8872
411
943
2931
8823
7498
1294
1669
2967
7716
7307
9440
8053
9294
5990
1912
3987
9257
6699
2426
6152
8034
7215
1030
283
2796
1627
9938
4868
4122
6346
7230
6691
5203
6224
4883
2300
5295
7069
9407
6044
7490
3085
8691
1225
2266
3159
4125
7088
8017
1710
6896
5975
362
8982
8835
9311
2718
7333
5135
4163
6878
4180
5818
6960
4663
7355
2533
4262
6907
3246
7727
5762
2100
5554
5147
3438
6262
6866
2448
7938
2055
8341
7983
3505
3225
1701
7866
7039
7552
7886
644
9199
5592
8745
2111
2171
4017
4301
9444
6063
2823
4715
2995
1187
7107
2032
402
212
3742
474
9649
1116
3347
659
2509
2538
3481
6569
2361
614
5594
2463
7590
9482
4583
3915
4070
8552
7479
4399
7278
8305
2971
1565
1168
9911
4768
8004
8137
2083
7161
5967
2129
4673
9390
7431
835
8890
886
5303
4408
7916
1820
6425
8757
5013
7166
6565
6041
999
7412
7017
2382
8717
3407
1353
5816
5792
4340
281
8425
5408
7176
5354
5632
7632
5650
4886
9552
230
8051
5775
4344
6213
67
2117
6230
3024
4537
7045
7480
4146
6263
2389
152
4565
2277
9099
394
4028
1353
3685
1890
8179
3414
2758
1655
5007
6266
6817
7738
9588
5512
8328
1054
437
4239
3918
5197
4835
6795
9125
9513
6517
108
2978
2543
3172
8190
9884
9911
9091
7769
1347
8397
7013
4239
4240
409
2707
6830
7090
9078
6816
9664
4483
3204
236
3781
2588
2922
7563
9675
8212
7614
40
1869
9837
2860
4294
6234
9481
2124
6222
5481
5017
1002
7089
6812
3633
5049
9239
3368
1762
1231
4742
1576
3243
1870
7347
4363
1411
7517
4285
4012
8361
2206
5981
2500
7172
7069
7641
8778
7740
3225
389
7418
3378
3796
263
8716
7028
1854
2970
9420
212
5406
6524
2371
888
8031
2141
5473
5756
191
238
527
1593
6886
4972
5313
9944
7291
9695
8887
3125
1198
9627
1666
625
4653
6743
3235
5022
787
2726
2610
5241
1490
1577
9279
6886
6621
7890
5911
1573
1432
4290
7489
3967
4337
4282
4819
9851
3644
9680
7254
560
7046
1097
7054
9397
1595
7467
3175
3327
5891
2486
2056
8099
891
1429
6351
7796
7608
7402
1573
3554
9221
6093
5852
2184
4643
1226
6137
2132
6285
6857
8711
6677
8871
5172
7878
5301
493
3598
7745
7816
4926
7764
6670
1009
3825
592
2650
3372
869
1900
8444
7139
8929
8209
1820
5459
4994
8715
6005
5362
3434
9970
5555
3492
3540
5417
4737
5775
1563
394
1083
2130
8542
1956
4718
4580
5660
8558
4469
7333
722
9745
9964
3387
2289
2683
4460
882
9793
5856
5874
9906
4402
5846
7292
2605
1166
369
2030
3955
5348
7317
8473
3578
7294
3080
6680
1253
2585
2934
235
7835
9751
4507
3282
5271
3101
8591
7940
7328
5414
3012
1729
8022
1330
8064
9251
9460
1065
324
3272
2715
5384
9751
9685
4605
5824
2602
3068
9654
5475
2250
5560
4822
4978
2089
3935
8494
8831
9328
8026
5340
1561
9898
7083
3868
4917
9334
4186
6456
432
7073
9439
4261
1982
1340
9378
5029
6185
1850
5245
650
781
7066
1172
570
3781
7467
3395
7058
3452
6566
5021
3166
1824
8759
7116
3119
8014
1085
9469
8379
3867
5339
5262
6821
8842
2818
6513
6698
4715
5456
688
3149
1782
2437
5109
4365
2313
876
9310
5619
6935
8577
2351
1008
4560
6348
9282
6080
9267
1238
3151
53
1119
2005
5647
7291
9514
2909
9182
3800
7971
1348
2728
5260
6121
5418
4576
6755
6234
7519
7904
3838
64
7998
424
8475
1533
9775
9420
1551
5829
7381
7282
3011
9497
7039
4093
6169
4472
551
494
490
4802
6062
5228
5798
5663
8698
2351
9476
743
1490
8337
6874
2248
7280
7643
3806
468
8114
2843
289
2341
2413
690
5338
3813
7401
2905
2799
811
9678
1777
9904
9805
9593
7237
6864
9676
2594
2733
9115
5893
2378
8930
5604
2494
7111
1559
6690
8072
9135
1122
720
5719
3693
6472
9025
739
7952
6735
9245
5613
7141
9929
9873
2440
8377
1368
1059
8112
9461
6045
2589
2842
8514
1094
8600
4144
3059
196
4853
709
614
5091
2697
1783
8361
5624
4931
3402
9562
3545
2476
2559
7350
4295
9388
360
3515
5010
7508
7894
4432
2421
4246
5611
4239
1401
3673
4378
6016
3973
8227
3234
7394
3611
8882
5385
2752
6414
4429
2662
7108
4336
9070
949
8274
346
2607
3175
8431
9202
3365
6008
5684
7761
9421
4299
9343
7915
1991
4618
8035
7527
5956
8088
4835
1387
9546
3399
1702
1468
4351
4392
4266
3781
8399
8823
9398
2153
4701
7786
1658
3501
2888
6573
6604
9017
7223
3496
5219
4891
6882
3146
7942
3306
5219
573
7724
506
2114
3333
6352
8687
585
7602
2892
6802
2369
1388
2988
669
3121
5074
9531
4284
5168
3071
3769
7024
4266
6045
9789
6107
3591
4141
5776
9905
1409
6769
6133
8049
417
5759
1488
5256
9073
5477
194
4403
9497
2952
377
1098
663
5661
8610
8968
3339
3517
3028
4778
5391
4013
4618
7200
1367
648
228
7016
4909
5518
3179
469
928
5955
9267
5661
2071
3938
8752
2154
4691
5260
3642
831
1967
4732
8984
5425
522
6121
359
8428
2928
3851
5601
5548
3911
9352
2229
9921
7652
3418
4915
8317
968
8444
3077
6406
9872
8776
1979
4413
1261
4087
1057
7372
5871
5012
8344
3289
2158
4634
3816
3806
3381
7873
9012
5815
198
582
2006
4863
9469
1111
6519
5896
6505
6381
6886
3421
5566
594
8237
5625
2122
5269
7998
6528
9194
3289
1128
1813
7964
8647
389
3140
9180
4710
131
2396
1313
3663
1677
3712
9130
2826
7617
5404
5123
2887
3678
6796
2894
3676
9837
9821
7474
139
9834
8284
7664
5794
3382
1642
9053
3254
3119
7130
7577
8909
241
2485
9543
9426
1745
4519
135
3335
7135
2710
4310
3293
800
3590
2650
2978
8769
7546
5530
6733
7736
4745
5346
5148
2824
9095
1955
8719
4975
4373
1303
8694
9369
8455
4712
6842
7688
528
7094
6210
884
7460
7284
2540
7721
9504
6896
5019
8988
549
9701
8763
2778
1321
8077
8966
756
2350
2990
3821
6296
338
6251
2396
5032
5134
9456
1868
5526
8174
4633
7371
1501
1648
8025
2524
8052
9979
8649
5378
3252
9434
650
4312
6225
8826
716
5823
862
1374
485
941
444
4731
8849
2875
2902
6557
3228
388
1691
2371
7428
4023
3804
1344
8180
4774
2991
9768
4463
1861
2844
9256
6029
8016
6897
7309
3141
8302
2058
9129
5046
6026
345
765
1763
8635
6148
853
188
8384
6809
59
9611
8336
8479
7611
432
4079
5158
4596
7022
4102
3091
2633
4746
4260
2649
2760
9497
829
2691
1596
9400
8741
8195
3469
495
4507
9155
8907
9451
9316
101
2455
7764
9153
9857
7941
7639
4701
2322
1074
9306
8350
1139
838
5018
7801
4905
3024
4516
1762
6036
2476
6318
8504
9566
5205
9003
1636
9196
1755
1332
295
6535
8738
4021
2437
1357
8916
1761
6255
3941
5942
5963
8578
9059
2544
3365
7277
2654
3182
6624
5097
6484
5297
4640
7989
6962
9019
5268
408
4291
1213
6694
1105
2561
1854
9739
4682
5643
3234
3704
4938
7121
8009
1675
1910
6162
2491
3499
9847
3417
7541
5433
5657
3152
3273
466
6983
3623
265
325
5502
35
6561
4495
2593
9596
4587
8542
4767
7806
7926
5336
6377
5201
6848
4885
4972
8353
9068
4830
4104
5112
9219
8344
1896
2672
4128
2811
7237
5684
7283
5222
2416
5579
2439
3959
1616
3235
5032
1856
7837
9595
2505
3388
6416
4071
2655
7805
2454
9834
8958
5762
6305
5365
1132
1528
1892
5620
1464
868
48
1286
9820
267
4881
402
3017
7197
5180
3121
1666
586
2169
576
4104
8692
2170
2503
2991
5551
8678
5835
8527
3385
9973
5970
3670
312
2344
9799
2661
9010
8821
9186
1498
3300
9531
2427
8048
460
2259
525
6225
6092
4257
1857
1861
7569
8392
7554
4764
1332
7190
5576
3806
3024
3499
7414
7100
5263
4606
862
3014
3293
5327
2304
3722
8453
8714
8549
8948
6258
7583
4231
6085
382
9200
6861
3819
4582
9934
6702
9447
9298
4098
1299
1538
6656
2666
1682
2305
3874
9430
6099
1450
4764
5560
1985
664
7519
463
3476
3369
2582
7475
4540
4796
8079
5196
6485
6883
1329
2333
5584
1386
6355
5434
8985
1784
8978
2811
7574
4675
3538
9874
890
8110
4358
6929
560
907
60
6829
2718
1567
543
7637
9594
5422
2640
7007
1599
8715
3161
132
3760
5614
2947
2993
9019
6203
4933
796
7031
1568
356
7005
627
5394
4661
3437
4172
7791
1955
1817
7786
4819
1898
5803
3048
1447
8234
9668
7716
837
4665
1463
5711
2805
8298
9028
5272
5421
6582
7224
1546
2972
3361
8959
8498
4428
8365
172
6149
5104
7649
5195
6837
4162
7084
2714
2899
7993
167
9860
5516
4621
8576
7269
8099
6868
4251
7431
6804
3566
501
2432
547
9183
1260
1152
8599
2779
7624
9534
4524
9351
7076
5925
382
8333
4360
7998
7261
1067
8502
8488
2935
1134
7039
5279
7923
7458
9970
7112
3227
4436
3190
2663
3889
4642
4770
3091
7768
5754
2637
6620
5978
8079
6478
7006
9007
1077
3532
1233
286
2041
785
3650
1755
5849
8196
3129
1419
1941
6635
8208
4963
4946
8222
783
5915
7877
7605
735
5902
2347
4205
8778
1271
7161
7712
9028
1114
6931
7612
6692
540
2336
8705
4068
427
655
3305
5699
6492
9509
7761
6304
5121
6657
5046
9339
5640
1812
9341
617
8919
2701
7721
1781
5326
4679
5324
7809
2105
3539
7377
9064
847
3872
6667
5866
8464
689
3874
208
1190
1409
1108
2431
5756
4315
8569
8942
5238
5839
5514
5629
5513
8395
4408
7474
4971
1866
7238
2461
3036
9609
2173
3672
9400
9867
4134
5095
9587
6455
877
2302
7594
7311
2003
1040
3350
2491
8179
6816
4650
1384
6869
8872
7915
2996
6835
7739
5166
5147
4095
8737
4295
9880
7424
4720
3009
5834
5033
2527
4939
9843
1594
3074
4296
6215
360
1017
467
8166
9792
5969
4356
1987
9909
5850
2976
9251
6102
8831
4726
1245
1953
3573
8673
2076
2416
9653
8693
10000
8894
9283
3409
6337
4330
6347
259
9045
3430
1123
913
5832
4961
3625
1351
57
1944
2345
7678
8163
9128
8014
6591
7216
6100
3867
6049
3768
5549
5758
9715
1260
2542
5708
1091
170
9799
7655
2764
8420
8944
9782
2399
6573
7920
7246
9691
1876
9912
7976
3659
1558
7227
101
6890
2335
317
9546
2020
1547
3530
2122
3914
4469
5995
5499
8121
2516
9179
8583
9875
1631
2206
8910
5725
4571
1350
7498
5049
7156
1876
5891
598
9411
5692
3867
9668
7053
2217
410
3034
4871
2341
8294
6082
3794
24
7522
6749
9084
199
1500
89
1829
1824
4943
8345
1064
9680
5019
5496
8331
3236
3839
9918
5765
79
9206
6667
1260
7060
7700
6234
5951
2969
1126
2530
9171
2285
2991
67
2938
5878
271
6777
1265
7003
5384
4741
718
2467
3721
2144
7042
9512
7734
7274
8787
1235
8821
137
7155
9159
5408
7662
1057
559
967
9094
3805
7090
1905
7728
9953
2953
9685
2130
8884
4601
5806
2564
1663
7683
4155
1820
2715
5399
3366
599
5943
1503
9000
7313
614
7984
6309
2236
4180
210
2965
9325
4841
9946
3215
8961
343
9493
6087
1462
522
3386
9095
5932
1105
7825
358
1035
852
1926
2274
6957
7084
6632
8558
8304
8642
3171
6371
6655
5196
6493
3208
410
7829
1565
1363
5680
3335
2563
7132
4397
446
704
4572
1866
8243
9900
460
9234
4625
5974
5959
5668
8578
1001
8259
3489
9815
347
1136
7702
5856
430
7392
2605
1381
1892
1235
8511
1475
3433
2382
1922
4153
2265
7703
4072
4230
5414
7789
2522
8473
4120
3428
2212
7399
4190
4962
5629
3978
6203
4175
7150
7129
9936
5975
5615
1357
6900
7564
1706
4538
1711
102
5342
2151
3477
6935
3882
8066
2930
6720
8424
9494
7584
7615
3180
9385
3642
7220
9112
3192
7565
146
3985
2723
3495
2785
6915
3750
8523
2671
8855
8323
9870
9719
7434
8867
3916
5269
2918
2352
7460
3830
3293
4198
9143
3058
2521
9291
3624
8677
8108
6596
5547
2677
7096
9461
6725
7148
554
4801
7301
8223
41
5239
1431
6265
5914
3699
6236
7943
7997
8766
6526
1750
7062
3917
9386
9521
1541
3559
7675
3772
2126
9341
4110
1854
9050
8872
6729
5023
300
1038
4372
7649
1397
3406
233
3025
837
2828
5992
8823
1516
204
9745
6509
1050
3266
5010
9416
1317
2
1819
7671
9760
6802
3502
8439
4604
2412
660
6788
7068
4608
2208
5327
3738
6042
1712
8970
8985
2868
6532
6284
3517
4106
3791
5588
9108
639
1642
4807
5973
6475
6115
8441
1335
6931
5227
2029
9281
1694
2853
7348
6348
8889
4400
9618
1509
6406
9765
6832
5516
5701
7709
758
4015
5762
3401
8308
6883
9170
3951
5406
710
4062
3366
8580
3343
9729
1869
9543
9763
3367
7182
5297
9999
5841
9913
2903
8441
7699
8969
8104
1961
3165
9444
6423
9108
244
6086
654
4841
9008
4345
7791
6924
3197
535
2147
5436
3805
6787
8773
10
3580
5530
2150
4586
2233
6362
3178
889
8303
5303
9421
1383
1301
5793
6539
9890
9531
4290
6538
3873
1978
2901
5283
699
7557
3983
2896
8051
397
5132
4681
2666
4840
3465
6040
3340
7567
3600
9226
8082
3699
5430
8209
8287
3032
2619
1504
3171
3620
3167
6071
9658
499
9947
1237
513
2932
1049
4151
700
3546
5116
6368
3935
8703
7783
6274
1882
9153
6235
4610
9326
4673
6099
7168
9189
8774
2276
2595
7868
6547
5216
1896
9693
6256
5006
5710
9680
7396
7864
6372
1700
6630
8626
3806
7654
3308
8196
2666
4570
7475
7648
7872
8671
6206
4881
8568
4076
2847
2927
8491
7192
9975
5224
5297
6495
8850
321
9013
6786
8463
8641
8987
4477
9892
1282
7516
995
2958
2582
4114
9401
3540
4942
1449
3389
9444
1054
3258
6758
1146
4201
9489
9558
1925
8315
5320
9905
5871
5125
178
9873
412
6257
4410
5022
957
2258
4581
6417
4197
9525
4221
2725
4194
5952
3430
1108
8336
4009
4002
1844
1682
8524
3969
6352
431
6413
2264
7977
6592
888
7611
6608
1649
8072
631
6222
8368
9001
9000
9103
6712
5480
8765
6672
7891
8965
4067
4116
661
5219
891
4157
6711
6711
9004
6863
6573
1025
8050
5403
4632
1309
1237
9380
2355
8756
5420
6335
3184
2989
808
6162
8569
371
9773
8478
4653
6483
2727
5486
7656
7317
8228
8579
6114
2607
4040
9773
3991
8527
2071
2348
8898
1440
7894
6056
8487
2521
6445
7565
9317
8521
5660
5014
4523
6857
3607
1552
9206
2141
5051
9724
2455
8360
8991
7445
7947
6007
4290
5196
6990
1356
883
5348
9906
4057
5758
5163
4342
7645
8661
5966
967
5968
2495
2894
2481
1645
8353
1686
7583
216
8035
7493
1339
4227
7233
5086
6358
2567
6005
1474
866
7845
2237
2272
2616
5065
7171
2634
964
686
6496
4237
3390
2768
4344
5055
9305
5548
9193
1879
2794
7890
3215
3076
640
8778
7343
5003
6520
2639
1314
9602
5151
6466
6579
1725
3714
2427
7546
9586
2156
7146
9062
2632
405
2395
4383
8990
7624
8396
6202
9826
3522
812
1166
3624
8638
4533
6147
3611
236
2013
8452
8663
6275
7758
8360
923
8053
96
1434
5984
7226
6719
4970
4607
4810
824
7642
5856
881
4386
3734
3332
1109
7485
5341
4667
4988
6941
3738
3465
7093
4419
1286
5940
2432
1352
6481
3408
429
3012
2154
622
576
8075
8507
6016
3712
8943
5747
9648
663
9883
590
9579
4512
5312
5651
6507
752
3466
5470
1771
7563
8872
3643
8836
1769
1716
867
3470
9134
1813
2443
5503
5050
3754
3823
1699
8013
4091
3883
383
3709
7493
4184
154
6571
1604
2406
4077
3159
8877
9802
7983
7741
9581
7290
5884
8744
9708
4879
3932
7741
123
6865
5514
7773
689
7430
6730
7721
7599
8226
6725
7136
1747
1133
8232
6555
3349
9155
9623
6675
8523
482
5052
4178
7668
8141
2106
7151
5241
724
3856
6735
8281
1302
3198
2330
7287
3629
1874
3631
5655
5169
5910
8751
7014
8340
2731
4580
7655
3634
4189
1976
9576
7497
7412
3074
1819
3349
1189
4544
4561
354
928
8019
6700
6960
152
9618
8272
5323
3591
4856
1137
8120
9122
8459
1995
5363
3165
7452
8968
4307
2221
9354
4469
1695
8921
14
2830
5650
9091
9324
2681
9551
8435
9148
7958
3052
4235
816
7267
1544
2352
6406
928
2829
5219
5656
9755
831
299
4415
1609
3213
2461
725
8100
4703
720
1772
5928
6278
7101
1329
1026
4465
9390
51
1943
7363
5850
4038
2858
2878
6484
9326
9217
5298
5921
1593
9073
3489
3104
7804
5092
6233
9938
2053
5224
4203
141
4990
5299
9648
7092
6486
2622
4947
3987
4421
8980
7203
6314
2086
7360
8587
1044
7945
2335
3422
2085
1721
9236
8038
6560
696
8729
1762
2557
9974
238
3885
1691
5818
7949
4921
381
1269
8907
1837
8909
4053
612
6102
2745
8171
1807
8572
4092
4073
9269
5748
8325
3720
2111
1165
2042
1393
4955
5195
776
8086
6477
6885
6857
8369
1892
6453
1434
8555
743
5293
7052
7098
2503
293
1957
9657
5476
7156
6155
7048
8441
1988
4229
4690
825
1910
771
5241
4542
7085
1471
1527
2558
9352
4534
1183
4222
5642
2515
6805
468
7494
8961
9369
6489
7980
8882
1670
955
4863
6024
9259
2069
4511
1193
7489
4676
5405
1951
3504
202
8338
7623
4539
2283 3130
8020 4541
2205 670
4703 3205
4159 3129
1529 1330
7283 5209
8720 8973
5171 1545
5092 9546
