10000 10
7990
4121
7489
2039
6446
1109
2820
1
5152
1442
7936
676
5987
8585
7431
8819
1
1743
9743
983
6023
9774
1599
1
3918
3685
5361
9772
7405
2668
7005
9315
2133
4694
7363
2581
6438
5217
2046
6276
4806
1
3508
3229
2397
9552
1321
7919
5537
3407
1
4061
9275
781
6709
5397
1
8243
3297
5799
1163
2205
8852
7977
4526
3662
4031
3442
9667
3729
1
9078
8684
2413
9850
2393
7688
1
9582
3462
1489
5328
8378
7246
9885
1
8689
4628
5180
5471
5957
1041
2109
5583
1282
6641
7839
3400
9029
814
994
9799
2104
8816
2298
1207
2999
5068
1023
3502
9167
3589
8701
5891
9581
9561
804
1
2824
3030
4807
2078
3205
2134
9517
1775
2124
6974
5413
7996
3869
4362
3106
8573
1976
2623
705
7438
7810
5482
4887
5843
1669
2819
8495
1
4397
7521
1281
6625
7888
4222
5954
7953
9033
1
4081
7917
7099
7229
2051
3410
9182
943
8427
8106
1589
5779
8492
6931
3196
4704
5792
1620
5425
1
4532
7814
4490
8269
1593
2230
7364
5409
2986
8550
6748
3221
3757
3427
6973
3393
9850
7912
1
9457
1
799
9614
3735
4793
3839
8436
3476
5524
4348
850
1899
3260
7480
7177
4901
3581
6404
8559
7972
8856
5884
5075
5000
3821
8492
7337
5066
7510
1959
4640
7900
8030
5556
3466
6590
2835
6680
2117
6453
8635
8696
5450
2044
1
4826
7692
1789
3472
9123
1
6007
5739
1
7367
8643
1996
1063
8043
1838
8853
8908
1
9456
1
962
9850
3530
8098
3189
2504
4632
3709
2198
3786
9532
7983
4071
7502
5417
1787
8262
9340
8437
4323
779
1
7518
7417
5306
7006
670
6483
5972
1574
1627
2704
739
1996
4067
7033
8562
1
9651
4136
5655
1
1
3857
3361
3023
6716
1044
2723
3001
9770
1
2698
3704
6753
8856
5761
1961
3409
8524
6404
7131
7117
3608
8085
1355
7020
8839
6056
6114
7192
9631
1913
2348
8532
9516
7467
5585
3269
4195
9434
5899
8273
6628
6407
3089
1
6036
3404
996
3131
9610
9228
9607
6033
2245
5346
8127
1286
1
2682
6666
2486
2207
4097
1502
4891
8155
6608
4531
9856
2675
8217
4372
2094
2437
1462
3948
7906
3289
4306
7771
4999
9080
5795
9007
4977
6387
4002
3417
8979
8333
6996
8146
2323
9337
3043
9466
2776
7537
2976
3576
9842
3153
3638
6286
649
7923
3595
1
8443
5496
1868
9791
3433
9588
2715
6106
6354
4012
6555
5763
4708
7737
1
4970
2048
6989
7243
9317
7152
5434
5660
9348
1
1
3400
9290
746
7471
4233
3813
9869
6243
1745
3843
7633
7247
3520
5253
7180
9588
9948
5365
7962
8065
3263
9367
9292
7046
1572
9875
3991
3330
9195
9200
7154
7765
1
8996
2310
6223
9632
7003
2235
3081
822
6610
5617
3886
5716
1556
6150
1005
9052
4574
1
5316
6634
5725
7712
2728
2506
1
672
2650
5579
3645
6657
4061
8328
1199
4739
866
805
6013
5344
3581
9857
2980
8799
2413
9306
4052
3553
8424
2507
6947
5263
730
1235
1703
9601
9235
5851
5340
8515
2082
1
8060
1587
1292
8199
8601
7075
3364
2269
9092
3866
9191
8446
3170
2459
9262
7953
5421
4866
3123
9202
9097
4286
2020
5400
5532
4288
4104
3937
5438
2600
1
1179
1
1
3958
6318
2520
2193
2606
4268
8565
6700
4503
848
8281
2557
3329
3975
1
8688
8368
1848
1155
1203
1431
7502
6371
6546
1
7929
4555
5668
874
2722
8014
1
4560
1302
3588
4665
6329
2010
2580
1110
6618
2457
1258
770
8497
5114
8636
7241
1
6785
6713
847
8273
8024
968
1549
759
3315
4023
6701
5721
9817
7171
9156
4670
9699
3147
4328
7426
2597
9644
4425
5820
4169
5175
8701
8706
4875
1
7173
6268
3317
8285
3301
3028
8440
2214
3242
1348
759
7007
1477
8711
6911
8780
2523
7598
8066
5569
1902
7431
7254
2185
6415
8095
5506
6627
715
1194
5445
4287
2592
4424
3338
7392
3432
7752
6686
9546
2145
7887
7703
4480
3049
5746
9978
1751
4298
7263
7247
8708
843
7632
6356
8856
7507
9945
1290
8998
4317
6270
5592
3615
1596
1875
6575
706
7210
3839
3210
819
2069
8035
2797
9590
753
3626
5304
9551
1
1826
4483
7629
4176
7239
1592
3070
3570
8451
1217
4741
5935
2847
8945
1923
3688
6072
2476
4812
8968
8301
4435
3945
1465
1
7920
8979
3511
1625
7836
6747
1618
1
1015
9417
4121
3632
1796
5653
9432
1167
3061
7766
962
5020
8297
6472
878
1794
3904
7121
1
3893
5565
5623
1997
6594
3289
812
6526
5576
9163
7039
2743
8809
3801
2352
4244
6142
5680
8279
2436
9849
8411
1356
8821
4929
8187
5491
2540
8860
1074
6786
1290
6043
5789
1778
6178
2031
8220
6231
9823
6644
1910
3968
6881
7710
1530
2141
7903
2526
6171
1289
9479
8511
9211
9535
2330
4647
3008
2372
5611
4228
5624
6418
7527
8762
4153
5921
2406
6333
1339
5366
7771
8642
2416
2653
7070
9937
6540
8456
2932
9368
4744
1920
9542
5472
4015
4604
9714
6251
2702
7740
1685
6678
6324
4040
8826
5857
7564
3241
1901
3218
2185
6179
1335
7750
9882
9815
9722
6102
7219
3608
5683
668
3313
1
4210
9687
8534
8509
1
4898
5189
4403
1
6543
7882
2775
3781
7281
6480
4594
8860
2533
8594
1
6990
4951
1
1203
9908
6633
8240
4872
8514
2690
2197
9824
1784
4229
4684
6399
8384
8310
4514
2341
5892
3818
1436
7081
6506
5233
5757
2201
1367
2774
3129
7638
6508
5827
2828
6732
2953
5199
2167
2977
5760
9970
7222
3046
6182
4393
7453
7469
1
8804
6967
2005
6379
6068
1
2936
4896
3809
1320
6494
7348
7828
1132
9203
8996
5341
2522
1
1
1
3389
7980
1
4552
8052
1935
4754
4672
2479
5675
4115
8401
3595
9981
9991
4946
8082
3156
9955
9074
7441
6440
8899
3551
3297
3402
3080
7519
4591
4818
1112
1
3059
2711
1
8674
1534
757
7070
9875
1678
9424
4449
1
6970
7423
7056
5613
5161
4153
7266
718
1827
3395
5281
1
1617
2175
7386
843
3249
9903
6328
1866
8017
3428
1
1004
4949
8496
3743
3620
8207
8403
5150
5950
4956
7884
4938
7509
6893
5811
8992
8185
1182
9487
3963
3084
1
6997
1317
4843
4104
5206
4310
2808
8341
5557
6866
9785
9657
1510
9960
8247
4095
5384
1232
785
4881
9254
3335
8773
8783
8611
1974
4769
4117
4356
3334
7554
6806
5970
1280
917
9764
5073
3925
1940
4966
8974
4283
1501
6600
7653
8698
4781
648
2938
7484
907
6015
3036
4112
6363
6057
5551
7721
1652
9266
1
1946
2693
8010
2355
2696
3207
5894
4637
5986
8316
776
3860
3543
1044
2822
3759
2636
6292
9752
5797
7200
8253
2906
4005
8934
4903
6432
6962
9907
5931
8087
5008
9544
3310
1902
1
5638
9013
9479
2270
9081
8267
2615
1183
1
1244
2588
7540
8999
3048
1654
6508
2394
8697
1368
3444
4827
5001
6292
9920
7964
8529
5594
1651
8014
2875
8614
2029
3504
3016
1460
6182
6466
2650
1451
8478
5688
3894
7359
7805
1126
3718
5936
5487
7293
1041
8878
813
2065
3324
2253
928
4908
8817
5704
857
2859
3116
2696
9126
4083
7292
3520
1
8478
8927
9910
1
1593
3900
4606
4679
9890
2593
3682
1874
1
3768
4875
1273
8584
7187
7659
3808
7859
2718
6814
4862
1298
7285
1121
9543
3381
1
1
9824
7256
5031
8788
8048
4191
7052
3993
1
4033
7630
5039
2644
1784
4315
1768
1436
9232
1062
6934
1
2756
6650
1
5199
7832
4145
4809
3090
5282
3063
8349
7204
3245
7150
1
7670
5921
940
9184
9401
8704
2910
9020
2381
9571
7038
9041
4852
1
9958
1
1191
6951
1514
4288
3784
4125
8977
8322
3529
808
5736
2733
3915
6485
3934
1
8572
5806
2614
5168
2286
931
8542
4889
8449
6463
4294
3658
9935
5714
4762
1
1529
5355
9619
1825
2153
8217
9886
4279
1757
3852
4844
9148
7884
7848
2358
4545
4822
2276
6533
6830
2531
2904
7263
1508
6497
4380
4058
3459
5229
1483
7353
2306
2701
9795
1
2361
7684
4742
4193
9549
921
8915
6073
7860
1313
7328
2249
1448
5302
2552
8400
5927
6693
1919
4315
7745
9685
1
960
1419
7314
1876
4096
5662
1181
5263
7009
3206
6391
1240
1
2792
8969
1235
3571
7866
1681
9865
8720
9812
7500
3629
2310
7697
8867
7550
3799
8390
1335
5408
7769
7228
2288
2239
9724
9564
1755
7303
8521
5719
5793
9838
4045
7950
4023
6001
2733
1644
1
5410
8669
5721
2183
5927
1393
8388
5155
1
7579
4278
6332
2491
4167
6335
3253
7266
7738
5879
4094
1
5145
3932
5971
1470
9221
6591
2632
5127
2770
5158
4342
2446
4455
6776
4779
5842
6679
9785
7834
9234
7086
1031
5599
2905
6563
9130
4676
8192
2427
1
6369
1
3963
7305
1
6565
828
1850
9065
5196
2208
1
5963
2818
7670
4806
6321
828
7396
8447
1
1
7756
1333
7537
3765
6157
1183
3025
6155
781
3784
682
8496
1360
7496
9535
6957
5750
9558
9280
6221
7650
8184
7846
9747
2590
9075
8293
8560
7461
8043
4654
4549
6917
1
4663
6004
1766
1419
7293
7384
3245
6629
2437
1253
9569
5479
2896
3926
2074
1
649
4305
6623
1784
7016
1
1081
2310
7920
6523
6968
1
8546
9692
6519
6887
5996
6025
5581
8326
4070
4077
9813
4746
2100
9551
1
5487
7175
7402
9491
8850
9835
1743
4507
1454
4579
5181
7375
8221
1
8137
4326
2932
1425
1235
3304
8920
934
5534
4687
5166
5993
1015
4275
3435
8391
1
2117
7147
4658
1916
6485
8901
6016
1
8602
7772
8827
1
2526
3761
3884
9259
4727
5936
1
9129
895
2403
4973
2654
1
6196
5437
394
3530
4347
8117
883
4616
5229
1807
8648
2495
8990
9155
5413
2618
7177
6011
8410
3521
8336
8379
6810
7342
1
7338
7184
8381
3946
9221
3809
5204
7346
7973
9935
9410
9346
8484
9785
9496
7416
7312
6773
9853
9630
2537
1466
3913
8103
5807
5981
8451
8310
3969
8715
5843
757
7822
7196
8490
1
9166
3653
1843
6407
7466
5572
1711
4388
9699
8119
4124
9273
1793
2412
7689
983
3875
8504
4391
5091
7522
4261
7848
4464
6570
9571
5985
3136
9699
1476
3285
1
4376
3709
8309
5045
5333
4472
1445
5944
4520
1359
8243
3537
3155
881
5867
5620
6531
1
5710
2372
7239
6428
5765
7290
4714
3387
678
9580
9954
4346
6657
8801
5910
1
3192
5958
9089
4338
6236
3632
3647
5911
8099
6336
5311
6155
6238
4707
6453
1
5954
1211
9075
8698
5753
8517
990
9114
6395
2299
9660
4176
2998
1219
3650
2809
5606
8067
8292
4846
881
4384
7036
8893
7426
3712
5738
8151
2454
9564
1722
3933
7262
1564
4119
7392
1765
3861
7913
2389
2172
8920
5976
3954
3160
6945
5072
6088
2145
8664
9131
8006
9516
4173
3504
9928
9193
1585
5033
2624
4531
4635
1178
4274
876
7682
899
3359
5418
768
8426
7986
5579
9478
6388
853
7476
1
1
5829
7342
1627
3391
9536
9173
7742
711
1
9650
7218
1881
4596
9373
2650
8912
3894
5485
5905
7983
9722
5397
5217
8797
5333
2913
6201
4607
1
4444
8062
1130
9742
7486
2714
2352
761
7553
886
4301
5127
2124
1
7670
8843
6342
3102
6916
1609
2568
6748
2825
6382
4744
6594
9016
8391
4623
9439
3105
2416
9093
7896
6909
7944
2607
6421
8657
6963
2303
1931
731
9405
1
1881
7160
3740
6329
2753
9368
3827
3234
4802
7908
7534
5055
4490
8378
4052
1605
4172
1813
2053
4994
5693
7227
1
6306
1
3908
1445
9528
6825
8743
1851
1
4455
8658
9255
6746
1
3548
6271
3774
3351
1526
3078
9709
3449
1
6037
3814
851
1
7342
4910
1
2266
3997
5079
4332
4307
8632
1656
1469
6713
3230
7826
6176
1
9146
6216
7317
2547
9324
1646
8375
7114
5842
8395
5633
2580
1551
3221
1
1199
4154
4467
7993
6223
5758
4900
1
9805
8730
2932
6192
8839
6430
8910
6173
8232
4962
8004
9123
6081
4795
2237
6191
1881
2038
2116
2083
8748
3446
3286
3052
8953
2170
9120
6202
1652
2148
4794
1509
4918
1
2013
6117
4798
1053
7278
747
2560
4280
3988
1
1823
1
741
3895
813
1
5462
1966
7017
891
6318
3722
1805
6226
7441
5406
9187
9899
7603
2669
3705
6470
1
3442
8368
5758
5809
1294
9891
3455
1227
4384
921
1
898
6496
9326
2606
2582
2643
6621
8436
5810
1
706
1
8561
1089
9596
7945
9658
2610
4676
7150
7537
4818
7849
8159
1
4317
2368
1426
9330
4660
1009
4045
4490
9236
6587
5401
1015
1
7679
4055
9749
8490
8199
2187
6638
7827
6669
7999
3878
7333
1638
1389
8759
7171
6512
9689
8419
1733
2514
7870
2397
4368
3884
2593
8663
9628
888
7748
4462
7080
1
3299
8735
3754
1
3159
7370
7474
4505
1309
692
4956
2749
6827
3255
9884
4065
1188
7355
9982
1580
1
1867
1488
741
3852
7874
3743
2568
8845
7311
4981
9126
5020
9470
7300
4133
6534
8018
2332
1
4456
3519
4186
2166
4631
8645
4338
2864
8132
2982
1
2802
4465
4651
9443
5079
3538
3386
8755
743
5756
3930
1723
7165
1541
1
1861
7159
1904
8648
8755
8465
3338
8048
7418
3562
1602
6401
2466
1
8336
7409
9056
6763
1
1
3624
9303
2949
690
3650
2632
7924
7408
1831
5607
6891
5637
9402
5609
3040
1772
4338
8809
2685
1534
2959
9977
8605
6716
5658
9736
5109
1
6900
4936
6189
8594
4049
1830
4179
1304
6155
3425
5540
9616
3904
7104
1
3382
5237
7324
6999
6414
1835
4686
6174
8756
2675
6112
1276
5825
8849
5550
3189
4219
6067
6617
5904
7580
3128
6281
1554
1931
5668
4931
6851
1974
1
5043
5051
5093
4102
3915
1386
6821
5553
8259
8166
7062
8426
6045
6905
1
5065
5597
5007
6073
6432
4140
9071
2509
6208
6069
4268
9712
2059
7969
7194
4308
3882
2953
1928
3806
8237
8082
6883
8535
6801
6881
3159
1
5024
9851
1
7128
9311
6183
9477
7804
9707
7596
3459
8754
3351
914
4648
1107
1208
7483
5630
9923
3837
6709
3132
7479
1451
5689
2876
1853
7331
3748
4722
5123
5791
5272
4381
8676
3184
6652
7063
1
6312
2434
6368
1468
4927
1569
1
6431
6251
2176
9773
3984
1
1626
3980
8856
5136
5152
753
1885
6492
9570
7014
6891
4051
7142
4140
5934
7167
2191
9899
7997
6585
4019
6031
3920
1551
7646
7224
7575
9842
2729
4690
2550
2720
4182
6137
5527
5731
9138
1722
8952
6723
5455
6733
5487
8607
2438
5532
8040
6764
8637
870
7370
4914
6104
9464
4097
3492
7869
3506
1787
3072
1697
4990
9624
2237
5100
7558
4396
1494
5501
9904
4899
3679
2923
8001
7091
4173
6110
9499
2575
8244
2158
4916
3834
5857
1009
5092
2495
5565
9085
7964
1677
1949
5461
8985
4718
1
9482
2919
1743
8024
8747
2567
1
3857
6186
7193
2783
8354
3425
3608
1
1815
7820
3969
3908
2000
6336
2973
6285
1685
7054
3697
9138
9399
8389
3997
8811
1
4569
5638
8314
1928
5641
1643
5333
1169
2935
9778
6926
5886
6557
5449
9816
3981
1250
4878
1270
4563
9602
1820
6663
4232
6878
3478
1325
9829
8735
5306
1220
7445
1
5877
6298
1648
5320
3051
2918
2495
4052
9008
8275
1
7730
4777
1969
1172
8295
6693
2593
6622
6847
1122
795
6264
1687
3011
3099
5846
2001
9243
6852
8604
4771
6697
4407
8456
8750
8847
8644
5241
8316
2938
8115
6809
1556
3046
5382
5739
3339
6548
9998
6733
5287
4762
9299
6517
1439
3263
1649
7327
9639
8682
4750
1110
5774
8067
2502
4647
8689
2622
3279
3346
803
9880
8934
3624
1338
4006
8161
7276
7668
5744
2235
5172
6750
8057
5272
8704
7091
6420
1927
1217
7238
3669
3252
8623
5672
9033
1
8898
5250
4039
5346
9320
7726
2198
7270
5293
4648
6384
1428
8770
9604
2971
7397
1284
7834
5572
1
1
5574
2619
1
1703
7120
1628
4326
6717
7523
5048
4445
4697
1144
3861
3878
8858
8886
1104
4517
1
6759
8304
7617
9661
3181
4932
9351
9991
2832
2866
6160
2944
649
1244
3765
4564
4959
1235
5515
5905
6366
3213
6886
5774
8364
9668
1293
7384
9109
1814
1
2642
7385
753
3743
1350
8691
8621
3890
8720
6575
1560
836
8856
885
3713
4351
2888
8628
7266
3102
6981
1
1020
4097
9009
1023
9579
804
2432
3413
6248
3011
6015
7435
5701
7947
2245
6210
2803
8960
9679
8856
2352
886
2031
5255
9407
1
3181
7154
4501
1
1
6944
2680
4022
4470
6672
8210
2460
3950
5026
8213
3490
5664
4425
7641
1
1
4370
7431
9071
1
4855
8964
3464
1
9303
974
3660
1639
1359
8106
9833
2409
3827
4984
963
764
8094
8436
7714
5496
9325
9883
1873
2043
1606
4295
5111
3126
7947
8831
8250
1
9455
6394
8661
688
8550
2345
8222
2923
5967
3790
6698
6004
7154
2413
8015
3243
7210
4480
3450
4664
3378
8518
3096
9625
9776
4590
8323
8915
4693
9348
1
8080
792
3479
5889
2695
7324
6090
8460
5812
6250
5113
2345
1
4090
6501
3999
1
2723
9158
4261
1225
9111
2419
1
5127
7184
3470
6122
2310
7797
6314
4284
9525
699
3578
7019
5523
9452
3357
1002
5239
6314
1
8137
5189
6569
4645
6210
6531
1
941
8938
3506
6393
836
5267
6856
4031
1
1
4699
5803
1845
1
7032
1
6794
9691
5318
2810
9768
7000
4220
8917
1004
5666
4371
3008
3150
8822
8641
8880
3495
1258
9987
2018
7485
6737
9047
9298
7355
3209
3187
6923
6978
6432
9885
8913
971
3000
2550
2681
1828
1789
1074
7999
5101
2544
703
4540
7136
6845
6600
1
6259
5992
3874
2544
895
8469
9530
1410
1
1282
6376
1
8328
5373
3664
1693
6091
8141
5309
1
4209
2109
4157
2069
2924
4992
1337
2234
4660
1034
2170
5485
4241
3940
6160
6220
6876
6760
8273
6353
9880
2522
5136
1267
8289
6378
6872
3713
3335
4536
4996
5871
9333
2682
7711
9077
1372
7808
7706
3826
6724
9105
2245
736
649
9587
1
6584
3585
5721
4413
1531
8595
6587
7077
8470
1263
1
8217
5877
2601
1174
5287
6018
4735
1393
5015
1119
6527
3065
7862
4544
6218
6959
1
2427
9818
9823
5954
1669
2058
1518
5018
6302
2113
4526
7693
9284
9937
8676
739
2541
710
9483
7900
9429
8561
4839
2641
6102
9960
7318
7158
6394
6202
7661
3742
7048
1265
993
8034
4310
2893
1
9513
8879
6510
9965
1
1894
8041
2432
9997
6686
4786
975
6887
2536
8996
7104
6268
2372
2502
8617
1858
6471
7153
6081
3469
8708
9963
2579
1
1
9900
1899
2023
1391
7900
2872
9211
1
4362
6026
7381
4425
9970
9580
4956
1037
8179
3366
8476
1671
1379
1706
8902
5468
1
5554
3161
976
1
6367
5030
7429
4144
833
3462
5195
4983
9717
2142
1890
6238
9713
5263
5320
5562
9863
1771
4932
5537
7949
3852
3753
3117
7014
5894
1113
746
9967
5427
4336
4074
1078
6863
3243
1122
6719
4391
3421
6835
1
6414
9717
9237
9224
7808
820
8413
7018
2489
2593
7766
8279
4248
5989
1
8888
9091
3868
2628
5297
2164
954
8561
1136
7260
8625
1492
1528
2749
9017
1450
6356
5702
9259
6727
1964
6552
2364
8057
4437
1611
3173
1476
1
2699
2689
7079
2717
1
3851
991
1195
1
5567
3409
4509
8087
3492
5340
6521
3843
1
8108
5447
3881
8076
4866
7828
3808
5787
3269
4087
5370
1
3272
6529
8543
4585
3993
6459
969
4477
9585
6298
5143
3383
7067
8482
4443
6095
6510
1473
4338
8305
8060
2998
7231
7913
8843
8664
5459
1
5442
3511
9179
5395
663
8017
6487
1576
9828
5764
7229
5275
9698
3770
1
6171
2252
1
1067
5379
1636
2395
1236
9410
1322
2366
9290
9019
1689
1267
2460
8293
7445
8774
9679
1591
8351
728
1524
6592
5820
6638
1339
7688
9728
5134
6954
3591
7326
1437
4734
5409
6288
9766
5689
6438
2372
5215
3595
7779
7311
6410
1
1499
2744
1
5457
9341
8122
4476
2568
992
2649
9027
4818
8954
5682
6980
7784
4038
2996
4550
6611
2425
5609
5532
3127
6527
9750
904
6707
7443
9376
6737
4906
4406
9846
8159
6272
1597
3723
3755
9119
5172
6007
5498
4710
6764
1
7042
4039
4781
865
8720
2768
3422
9918
4781
5075
3899
8540
4505
4594
3454
1
4254
1
9284
4952
5460
1439
7494
2444
6056
6611
8356
6639
2793
951
1
7873
9176
8840
1911
8725
9269
3058
7560
753
5003
3673
4922
4391
1
9103
3925
8567
1
3319
6559
832
1375
3448
9245
6243
2139
5555
6950
6281
1863
2401
2804
2137
9131
770
1507
8172
3643
7786
8506
7122
6134
5838
2270
8129
6960
4781
1
6970
8951
7118
2044
4640
6478
1
2741
4106
8164
8445
8670
1
825
5903
9515
9164
5234
1952
5039
4563
2219
7071
7191
1233
7426
7385
4490
8907
1442
7167
2372
905
2920
8843
8914
5221
907
9863
2654
8817
1
6988
9666
6751
2759
4341
5318
5025
1
5079
7461
5262
1
3613
8964
6669
4168
7838
3679
2159
7685
6832
1309
1092
2965
5487
6342
5772
4465
4769
6688
6783
6030
1
7071
9163
2915
810
5595
4543
1
9839
3333
8339
7508
1
5856
1458
8977
2520
7588
7170
2445
6775
1938
1872
8447
3505
8250
8954
4515
1282
6592
7414
6780
1661
9829
3770
836
6920
1
2371
6251
3395
2920
3603
1891
1888
4236
1344
1
3819
2985
1
2314
9590
3736
2208
6713
9245
8204
2740
1
6246
5117
8257
5916
2982
2674
1068
2579
1
7844
4763
2259
7891
823
1294
7458
1
5728
5698
5289
9943
5072
2953
8500
8281
2154
1031
1
1298
2884
1139
1699
3802
9103
7262
1414
6947
4974
2741
2754
8070
5259
2006
4211
2076
6954
8328
7874
1
8004
1468
5750
5306
1
8868
4889
9445
6093
5346
7408
3844
1559
7065
2722
4683
4313
9754
5675
927
4508
2284
8937
7406
2021
6737
3939
5428
4301
9930
6998
5674
7085
2090
2996
4396
7028
2760
1
4136
3086
3276
1019
1718
9274
7231
1
6999
998
1
5358
8313
3392
8469
9306
3544
6373
1
5286
4320
1
4618
8224
5992
6018
1778
5897
4468
8240
768
6768
7189
1488
711
4617
8806
5278
3200
2939
1
1
1183
9330
8238
1140
6494
9841
6013
8516
1
8310
2416
6231
4511
9343
9215
8149
9117
7794
5897
1736
4841
7303
5242
4499
9388
7081
6436
2337
5112
1
8548
1
7970
4659
8374
5594
1703
2232
1125
1976
2343
4829
3632
6481
3958
7115
9172
6896
3812
1398
5504
2466
6558
8486
9361
1029
8964
8781
7982
5757
3677
2117
1
695
4373
2352
1
4609
4183
6812
9446
7967
9292
1056
5266
2591
1458
4671
3774
5213
4847
7160
3778
5119
4835
1
1
8991
8348
5366
1
3560
1250
6153
8011
9651
9976
2379
3107
3395
8078
1
7923
3837
8156
5300
3050
2362
7282
1
5352
2646
1
9287
9596
5937
1843
4016
4323
9313
1
1213
4790
6569
8198
8029
1
4612
7453
5148
5623
7593
6321
8121
7743
2399
4870
4599
4359
6650
6251
2953
1
887
2403
6241
1630
3413
2263
6727
2799
9502
9051
1
3461
1
6048
5332
5373
4900
1
1305
9070
8526
1
3318
5462
6166
1
5193
5230
8230
3686
2448
2266
7094
830
1
4091
3259
4568
4373
1
2707
2037
7392
3786
2159
6038
1031
3604
4682
8289
1920
8574
4547
2889
8664
6267
7257
1688
4868
7641
2295
8292
2115
9006
6778
1
4801
8792
8634
5321
8920
2347
3899
8420
4581
8826
7253
4409
4030
743
4354
6799
3180
1080
6582
5429
2323
8600
1
6161
8190
9899
2065
6636
695
1771
1
9048
7851
1087
3827
5963
1547
2336
5158
7936
8067
2851
1
8521
1
1
8708
7756
4906
8191
1485
4152
5876
7029
8304
6987
6512
8691
4844
1
5327
7064
8385
2793
8648
9396
7814
9739
1
7787
5519
8872
1
9092
9764
7794
5476
6501
1408
9111
6064
9598
1
8976
2303
9650
1
2767
3562
971
5779
5682
8203
9721
2964
2191
8460
7861
2485
5133
1060
5109
1
4923
2241
3039
4864
1
2102
1728
7618
8194
3547
2608
9646
6400
9360
1140
1
3157
5373
3651
4593
7096
3712
8118
7729
3729
9691
3413
2779
8282
1867
7544
9001
1562
4362
7716
7681
1
3351
2530
1620
1
4726
5603
8385
5634
6546
6351
8692
4490
831
1091
3606
3269
5675
3954
1948
9512
3174
6929
2953
8849
8176
7945
5507
7624
8581
8346
6646
5501
7990
1
9243
715
2486
6312
6940
3077
9303
6196
9249
2095
1
6425
2965
1
8147
7205
5361
4622
3100
3834
7719
746
3052
2186
2782
4926
8827
1
9549
4952
1976
4193
693
3198
6165
3170
7295
1
6232
8060
7957
4743
6127
9421
8319
9495
9560
6613
3000
7679
7805
6514
1
1969
6170
4389
1
5638
5398
7081
5291
1413
2853
5752
8432
8928
2816
926
1331
5577
6058
7752
1
989
1023
4852
4434
7323
4532
4676
8201
1803
3468
8409
3788
6488
2922
2724
3338
2665
9193
6568
4203
7589
3085
8301
4608
8555
9143
6910
6702
8290
1134
7088
4963
9646
4722
3228
7838
3420
1775
1044
9861
4992
1610
3832
4927
8254
8158
8510
1
5256
9199
8877
2709
9434
8077
4532
9186
7031
1199
9507
8267
7576
7940
6282
8689
2894
1
3719
5466
4559
3665
3199
4006
3419
3640
7780
9785
1938
9624
8797
659
1034
7079
7980
1354
4711
8793
7700
3649
8982
1012
2389
3685
2289
2817
5218
7765
8436
2297
5919
7077
8946
1
9037
9731
5888
3772
8708
6484
6950
916
7402
1
3726
9973
4065
1
6785
680
8790
3617
9228
4932
1092
6648
3251
9956
2355
1
770
6895
1014
9817
1141
9312
7968
1581
2789
6141
5117
8354
6230
5837
5811
6751
2003
4995
5583
5679
2321
6801
8630
6056
2964
1067
2000
1476
3653
3440
1248
2265
6590
8072
1929
6356
5699
5616
6125
2767
7958
7714
1
7375
5206
8365
6500
4359
1
7254
2141
3856
2806
3979
3498
8595
7775
1901
6346
1
2575
1
4330
1372
8320
4028
3438
1861
7024
1
8201
4560
4144
6005
7892
8954
5704
3132
9479
9836
1988
2332
5946
3293
9596
2099
9602
6136
3647
7991
5763
5545
1
2640
6060
976
7797
4128
5630
3110
5171
1722
5287
5647
4646
2998
1671
7290
6477
5144
9739
7812
8609
5030
1940
4785
2135
2335
8263
9159
1
1222
7541
5947
6180
4492
868
5033
4224
2620
6864
9969
3195
8033
5512
7460
1
815
8506
7546
4196
4760
2535
7494
1
722
1015
1
3289
5929
5704
4067
1100
1274
9747
8725
1073
3829
7154
6376
7215
1761
863
5193
9409
1315
9175
5905
729
857
671
8206
1370
9962
2444
3588
7661
5711
4536
6071
2800
7341
6655
6843
7617
2308
6825
801
6472
1196
2147
8345
1837
4147
1984
4259
2150
1
647
9126
6241
2039
6768
2993
948
7663
1496
4583
7614
7066
6409
2105
1105
9566
2289
1
7670
3616
1
1
8470
1
1
4858
6846
7463
9617
4633
3745
1
7625
1
3245
7792
9467
6038
4413
2280
1379
1344
1
2917
9821
4141
5954
1
3823
6321
9623
7651
4251
5440
8680
9298
2733
9796
8812
9723
9783
4383
9359
646
2881
5652
2842
1993
3338
1320
7602
7792
7551
1
1711
1728
8071
6252
3021
1990
1640
4996
4685
9882
8087
6228
6196
1495
8261
9910
6314
2447
6686
2022
1
3137
6852
8687
9039
7210
1
2963
1322
8668
9919
4214
1509
2131
1
2632
4036
8893
8047
1
4149
3861
3704
4540
5638
7386
4301
1499
2218
2257
3781
2194
7855
2736
6834
5951
3484
8253
2472
1323
8902
8753
5882
4618
9008
1671
3006
5147
898
1616
6737
3662
5419
6202
3521
8362
5847
8306
912
4537
3586
1
3505
4572
2565
6501
6902
8265
4536
1538
1940
7772
5366
7663
4956
1
6196
1
6359
3289
8072
7479
4850
9021
1499
8021
9567
9790
6184
5877
3349
6757
6166
1703
3518
3908
5416
7531
2738
1
1669
6835
1128
4671
2514
9842
1
8021
2859
4600
1135
5433
7186
1160
7936
787
3748
2579
3928
7933
6712
2061
2187
3903
1405
1737
8621
4812
6588
5174
4291
6375
1740
7760
7593
8341
3669
7027
2507
986
8742
6917
1693
3825
1
9355
4893
6229
1
8472
1623
1
9052
5450
8053
9071
4484
1163
9893
1251
955
1613
8354
9783
9339
4827
1
5226
9280
5179
2617
2358
1665
9218
795
4315
4107
5372
1188
7756
2342
1060
2877
4292
645
5836
757
7544
2145
8929
1876
7362
1359
6913
8930
7163
7868
1392
9799
848
4206
1261
8003
5017
6668
8989
4529
8837
1503
2897
1269
1759
1440
8540
1600
1
4438
8197
9621
6989
9026
5392
7915
5328
3065
6994
8082
9605
7391
6081
7160
2408
4489
6110
9532
958
2078
5084
7011
5246
1530
5557
2372
2769
2710
6583
4451
6481
1
5064
5216
1
5798
6829
7536
3959
5101
7516
1
8708
3384
956
9004
1608
9753
2013
5470
9025
2744
1
7888
1908
7455
3707
6398
7320
8548
7316
8434
7821
9098
9417
4474
5767
3553
5964
6310
5724
3104
8633
6753
8837
3367
3953
5015
1661
3715
7793
8717
1
8733
2260
735
639
4410
4127
5159
713
1769
4817
2287
6463
6578
6786
4359
3601
8002
8998
3602
8212
4590
2981
8891
2087
3165
1763
6521
6819
804
2662
6379
1995
6579
2385
6450
6676
6798
966
8112
1
7127
4037
9168
2846
3574
9613
4704
6680
7403
7900
4946
1
4130
7244
6260
3070
8874
7610
2323
1054
4905
7696
2402
1695
6735
9058
8898
6558
8923
2386
4920
5890
5774
1
4941
6140
5859
6177
8427
2076
5075
7983
7379
4888
4438
4600
4237
5619
5093
4511
9872
7943
2702
2523
6147
2543
1
6858
8577
2204
7459
2690
1
8060
1403
1739
1
8765
3430
7775
3497
3668
3871
3520
6162
6501
1981
8806
6051
7956
9799
4634
1
1562
3449
3158
7752
9413
3701
3268
3827
9919
9654
2754
7949
9084
2394
8153
1072
5070
1456
9335
5356
7053
9029
5272
5848
6491
6730
6863
6388
1449
6967
4798
9450
6125
8940
1183
4258
8128
7218
9694
7489
5392
6847
3871
5387
8456
5306
6821
2818
3301
4355
1149
9703
5915
1959
2764
3793
6622
8460
5767
2294
4962
4317
3974
9683
4529
3052
1880
5352
8476
986
5401
9381
1313
1
8801
9507
1511
2060
3371
6672
1
980
4598
3346
5033
2364
8570
6529
3027
4760
8141
4553
9989
1307
6212
6772
9042
4215
7138
8743
1414
1119
3269
6660
8642
1934
9860
5512
1137
1779
8169
4008
1
7010
699
9143
7145
7572
8353
1
3027
1036
5379
5005
5587
9558
1994
9085
8411
2663
8868
5139
4916
3883
1483
8114
2224
2125
8706
1
9326
6322
938
1331
2419
2825
5970
712
7654
6823
9507
6112
1
5538
7661
8391
8621
5033
1
7599
901
4334
2924
3137
2333
4575
7046
8208
1
8747
4754
5513
980
9370
4894
2881
6683
5108
8988
785
6569
1
7441
2074
8395
4522
2968
1144
3353
7649
1
3549
6133
8667
7757
8288
6525
1715
9142
3540
6168
4134
4087
2469
4169
3536
4062
4454
1393
3702
2364
925
9175
8400
8239
2590
5588
6480
7734
7018
9937
9457
8453
1
652
3857
8985
6993
3851
1538
2232
6821
8930
8153
1
1
9805
1350
7266
2537
1
1679
9588
9865
3105
3258
2767
2148
5101
4453
9922
7790
3563
692
8817
8730
4072
9670
862
2976
4986
2948
6221
8518
4169
2578
3839
1327
3804
4809
7732
5391
1688
8869
2116
6752
3358
3019
6022
1807
1185
7237
3128
9877
5384
1805
4326
2165
2975
8993
2757
9731
9945
4343
6112
8078
7923
2730
7727
5086
7258
1351
2453
6044
8386
7669
6936
5855
3798
1
1
4592
7281
8917
3801
6462
6372
799
1595
3524
793
6880
7889
8999
8886
1481
2656
4014
9678
5739
4278
7592
3112
6075
7480
791
1259
7634
5302
2027
5865
3006
5740
8122
3256
1241
3315
1976
4719
4268
5548
4119
5028
892
1
9575
9575
7035
3499
9756
7455
7130
5556
4356
4518
6645
5527
7764
8531
703
9760
1504
9117
8793
6603
5818
9873
1
8258
1293
4829
5146
5420
1249
2659
680
5718
2084
929
2220
3172
1470
6517
9587
1969
1799
6897
9133
3032
4162
7321
2490
6337
1335
8874
1
3333
965
6607
3726
4622
2719
5833
9361
8909
1471
9152
6907
5438
4884
6982
3114
9230
3758
671
1
1626
7525
7160
6051
3152
8535
2300
2085
5913
6406
7697
3370
3865
892
7750
1
9536
5444
2662
845
7570
7429
7926
9641
3216
8735
3765
2575
9868
1059
1384
3850
8895
5830
3376
3408
1858
4377
9343
2416
7568
1145
4642
2070
7762
2787
4213
3358
5558
4292
7638
3928
9364
5182
1
2889
9640
8170
7933
9404
6322
3043
2095
1931
2351
8953
9199
1659
9372
5073
7288
6981
4633
2449
2628
4748
6940
8529
1534
769
9445
1013
9464
1
6200
4418
2329
9456
6490
2320
1
2382
1
5900
1856
3800
2870
6206
1585
6964
8585
1865
3740
3467
9014
8229
2499
4603
3018
1399
9770
8510
9765
9907
722
5161
5279
7221
3686
2872
5378
4501
2826
3060
1828
4672
2790
9975
2034
6237
4761
3216
5866
8781
9264
3612
9725
9756
6885
7957
3052
6055
2931
9928
8430
4077
1
8212
6137
9966
6721
654
853
2960
2439
9492
1127
2426
5128
6544
1279
3166
1
2360
3839
952
3470
8485
3124
928
7951
6679
2336
1356
2222
2557
5771
5823
7358
6702
1245
5520
8581
5209
9632
8766
3636
1496
7213
7561
9235
1654
4790
6278
3908
4734
9878
4379
5107
5194
1782
9913
1
1
8779
5010
1972
5003
6284
5359
9048
2226
4624
680
1833
7425
6275
6344
3586
9733
6595
9729
1476
8716
8424
1
6762
8591
4223
1230
2986
8132
6346
4189
9325
8925
4518
5781
8413
5148
7920
8711
8762
3440
747
5387
6212
7720
7122
9064
3626
1
3132
3941
2693
3963
5296
7747
5711
3237
9315
8462
5059
7658
6374
2662
2978
7534
1374
9762
9581
1
6337
3943
6506
5803
1931
9059
3477
6660
3131
6290
4106
1000
1461
879
9970
1807
7135
2144
6684
9259
2889
4455
1816
706
9190
1
2044
6255
1575
8525
9364
5830
9193
3812
4642
3322
6653
2721
1
1799
1746
4952
6810
1384
3456
1
8187
9320
2955
9152
8580
8982
1731
5211
1326
5964
9428
3185
1102
2463
1895
5275
7586
3897
4850
5995
5096
1915
7351
7732
5245
7204
7448
5062
9607
5260
4965
7594
2777
6455
5237
4830
2491
3144
9549
2871
5851
7024
4692
8322
2300
9042
8157
1
7278
6027
4498
8423
5981
7768
5147
1390
8724
1001
8774
1277
4370
7039
1
1
3647
4351
6837
4651
2831
8096
916
1
8477
7584
7958
1
7527
674
4196
6175
9055
1926
3278
4442
2810
8993
4514
3276
6575
7374
1
9287
9792
6003
9184
3816
797
8683
6603
3890
9420
1
696
5369
9772
1195
3122
9668
7102
2703
2716
5532
1
6624
7863
9460
5816
3201
4906
7687
1054
8555
9442
9533
3693
3308
1
8543
9034
3623
5524
6871
3650
4023
7880
7571
5683
9483
2960
5161
4297
8747
2782
7913
7109
8786
9507
6067
4028
7854
5585
9521
6410
9397
6278
2127
9995
3943
8284
7780
2314
1918
6128
9943
6189
1571
7177
7829
2132
1841
4830
4857
7860
1223
1352
4523
6237
6186
1996
1
8698
1698
1654
2274
2387
2034
6446
1885
4903
1
7362
4555
3149
1121
1
736
6792
6981
2034
1
4744
8267
5455
7321
2405
7474
8596
2008
9744
6153
2079
3259
2068
9674
8623
6102
7297
6699
7607
9570
1896
4430
3998
5863
3635
6627
4973
8897
7896
8006
3301
9619
4288
6849
2111
1981
6130
5896
5058
910
7111
6056
6600
1415
7106
3203
3479
1525
5052
4631
2941
6032
6406
2039
9122
5187
3353
7631
6673
4213
4500
9208
9698
1
934
7019
1
8564
2402
8654
1
9885
2315
1
8395
4202
2452
4753
6920
2259
8208
4259
8577
6476
4333
7113
7143
8169
8525
1212
1027
4821
3158
3941
5404
2053
8082
2181
1
5903
5028
4164
7314
7302
6294
9734
2790
4785
9379
9505
3139
3788
1760
764
9388
1619
6837
5623
8513
8903
2678
4850
5200
5774
6605
8639
9029
2761
3621
2495
6869
1
1
1155
6041
9932
7624
3111
3641
9764
3357
8553
2835
6830
8569
1287
6442
6744
3304
6656
6390
2925
665
1992
1408
951
3077
7336
7633
6223
2326
1
9709
3777
9810
4431
3350
4866
1
4398
9498
9711
2927
3644
6917
7250
5516
1395
6133
5502
8137
5155
6077
4378
4437
6098
969
8046
5055
8235
9987
7305
1
8407
9523
2623
871
1729
9343
1044
7056
8530
5270
7976
9325
3967
2747
4240
2440
8227
8146
5977
629
1
685
9090
5827
5284
4526
9449
3076
1642
1
7625
1
1406
2056
3673
3692
5709
2257
3477
9646
6825
7589
5067
5736
5138
6271
4600
1293
1834
6683
7694
9304
3957
2851
5010
1853
6491
936
8964
5042
9637
2849
9278
7400
5652
8035
3715
4945
917
4161
3302
3686
5999
1
5660
1
2562
801
9147
2254
8024
1620
7907
5546
1881
7215
732
2506
6305
4979
8555
8340
4364
5328
4416
7142
3982
9702
787
3988
7597
1382
1
3969
7340
4075
7838
8404
6278
6208
9527
3327
4424
3655
5693
3192
3702
4760
5865
1568
7714
2187
4889
5218
4010
1630
4512
8420
2796
6079
7391
8984
3279
1
1214
977
8030
1023
3936
920
6819
1069
5578
1
3915
9951
7818
7470
5476
6925
2162
3190
4599
6443
3904
1
3497
4432
4762
2495
2904
8878
9805
2314
9494
4881
8001
4556
4006
2103
5242
6662
5824
866
3228
6914
9453
1
2424
3873
6070
5960
9222
9226
2228
4873
5011
7406
9951
6552
8229
9135
5975
5607
3894
4137
2601
1391
2153
996
3566
9792
9326
2506
9346
3580
1541
2872
8912
6094
5023
726
9381
6446
1699
4285
9932
774
1463
9562
7633
1154
5504
5919
5944
6189
2901
1025
5562
3598
7502
2914
1943
1347
8100
5786
4443
8487
3090
4160
1981
8109
2854
1962
4970
9048
8502
4250
1953
7383
3820
2646
8562
5735
6730
6720
3295
1837
7872
4067
4996
1
9257
1057
6928
2053
2243
4409
1074
6194
9528
6904
6441
8949
4469
1057
872
4576
6123
3612
1
2836
1410
9539
3368
3177
8587
9331
3299
7418
5962
7498
4563
3037
5504
9137
9499
8641
7861
3636
7329
1
8543
9985
1
5963
3232
5288
6786
3226
9021
9606
9306
3734
8206
9248
6875
5184
1478
1
5784
6556
1
1763
9315
1154
6801
9663
725
4455
1160
9230
2476
6271
7009
6150
6251
7885
3083
7332
5433
3145
9958
2249
9907
4694
888
6738
1365
8946
1478
6241
4757
2631
6225
2027
3978
7089
8832
9280
1863
1669
8716
7107
6866
6427
9140
8163
2808
5106
5487
3420
5184
8558
4164
7359
4973
9879
9590
1
7652
7756
1009
3816
5754
1
1520
4717
6378
7134
7060
9670
8813
4091
8457
7489
1624
1
2851
3141
4570
5354
1
2180
5612
9697
3568
4873
9039
9914
5697
6162
7973
1
7568
4818
1
9267
5789
4725
1
5528
7935
3026
1
4924
3547
9386
7523
6855
1
9817
5596
6266
1430
4875
3444
6540
8314
3485
5142
1
1489
5384
5097
4368
650
698
7497
4149
3360
1082
2202
3511
3868
4308
4560
4756
1
3950
1360
813
5546
1
8371
1251
8765
1327
5939
6078
1731
3063
1
8073
869
9982
5335
5544
6792
1
1577
7956
4304
5172
4896
7231
2895
5195
1
2850
9178
5355
7231
1895
6396
7205
4610
1
4773
3527
3555
6947
3801
2636
1
9289
1
2560
661
5166
4691
7149
1
4348
5732
7525
8277
4882
9830
8935
5328
6023
1110
3147
3106
7109
1508
7171
5988
7351
9638
2465
5850
1
9975
9093
6608
1857
591
2554
3579
8747
1
7903
7701
2203
1987
8252
2749
1467
7044
9024
4938
6232
4538
8470
7468
6505
2673
4651
4207
2135
4861
8829
1534
1483
6206
6061
6925
944
1
1
3756
9577
839
9607
884
1666
1658
7382
5234
1
7301
3025
7804
1
3329
8293
6524
2387
7516
8134
2797
5837
9536
7573
4986
917
667
8048
6733
7435
5176
4795
835
2053
8521
6092
1231
1895
4013
4086
4273
4494
2223
1176
8382
1
1
4479
2885
1725
6990
5263
3555
5321
6158
5838
2856
8770
1
8227
1907
9052
7907
4397
3089
982
931
1
2314
4928
5499
7243
5227
6975
2010
1334
1
2507
2472
6294
2437
3576
958
3112
5358
4366
1782
3660
7964
7506
4243
4779
9361
1
2543
4084
1
1
9167
7799
861
4201
3480
5540
5010
7396
3202
7365
3921
3388
6472
7646
8614
1520
6540
8607
699
8933
6254
7040
6954
3488
2328
2513
9042
1212
5685
7564
5475
2788
7069
9426
3404
9431
2804
8766
2866
7583
6141
1597
4236
3485
7439
4010
5795
4087
1
7439
4574
3575
2454
3606
1
5245
7266
2613
1
2678
7247
9850
3795
2215
9384
2027
6322
9531
7570
1
9654
3035
4712
9201
5155
7449
9172
5912
3469
1
4712
1355
8454
5561
9379
9260
8364
9027
7756
2328
7231
946
6319
1
9720
5096
3123
1504
948
1580
1112
4216
6939
7694
6248
6859
3557
2062
1
6132
1
3584
3120
7638
5245
8407
9399
8450
9682
6335
5830
5229
9988
1721
9111
1
5591
9952
9217
4749
3552
1716
5184
1089
826
3980
1685
9469
6421
3254
1378
2299
7882
4413
914
9018
874
1
8727
3096
7977
1
9632
8165
7862
6289
2897
3539
9829
9108
1
7335
1673
8110
5186
4593
1315
3465
5795
1
4482
9397
789
1
3738
8883
1167
2910
9755
6450
6383
1
8035
3796
6653
3278
9762
2072
1
6887
6057
1504
8130
1
5495
3642
2864
1419
3014
3511
1259
7303
4155
5847
4481
7913
9557
7441
9279
3094
5691
2258
5259
8502
4795
8550
9105
8196
8740
4034
7126
5732
4265
1399
1376
7584
1637
8730
3096
8688
7266
1232
1634
3972
9869
3737
4654
1
8500
6128
3294
3188
659
3474
1
7641
5702
2772
4834
1107
3561
3319
6616
1706
8434
7498
4583
1301
1
4035
2179
7095
2557
5662
4742
3342
7037
652
858
4298
5313
2879
5781
2847
4213
2813
9351
1
4939
8374
4785
643
4405
9714
7956
5879
9450
9995
5970
672
4003
6420
2194
8582
7564
9695
2886
7972
8533
9805
9364
9980
9284
3779
6563
659
8151
9918
2126
9632
5017
7302
1384
6838
8793
6424
1226
4358
2198
1082
2747
2251
767
5748
9672
6618
5301
2072
5636
4777
936
1192
8247
7419
9780
2903
6304
4731
6567
2307
9315
3285
8612
778
6612
2690
7879
9992
1946
2416
2097
6690
1
2582
8393
8451
7973
5870
8770
5131
7546
9415
5224
9754
7383
8854
2181
6783
5615
4475
2648
3976
7354
2949
6233
9834
7969
7988
2472
2238
1840
5118
4588
9379
731
6781
1036
9418
1923
9333
4158
7893
854
7339
1431
8653
9348
1
1546
7854
6047
8939
1472
6805
3891
8141
5869
8022
7995
5467
9548
1545
1
1423
1920
6668
7143
5161
2671
1955
6484
5219
1
2280
7821
8655
4969
8374
5469
1097
4407
2483
1
6568
6300
751
8214
6029
7190
6849
1916
8100
1612
1914
1659
5801
1816
9258
5431
3879
7797
7103
820
2636
8476
5238
4963
1
1098
7596
4460
7552
3534
3361
9937
1
1761
5201
6896
1087
1542
2379
1
2713
3395
8890
1079
7140
9848
1823
2336
7485
9159
6983
1559
8336
4701
1149
5958
5060
2107
6860
6722
936
9742
5084
7713
1
4862
1
2526
7660
9461
5282
3340
6034
2751
1
7779
1953
6012
6185
5311
5921
9914
2685
3699
5833
960
1716
7803
6908
8042
4738
4173
1114
6241
6459
4610
4721
9077
9068
1702
4134
9428
8781
8891
3120
9436
7091
4815
9719
6894
7500
1
1167
9526
9708
8676
8441
6384
6579
3403
4914
9151
3908
8674
2667
3045
4912
3279
3920
8867
1816
7622
1149
1428
1492
2169
8730
3550
1
1430
4503
7057
2605
9409
9299
3697
4655
7668
8022
7615
3822
8245
4687
1
2013
8126
4187
6050
5744
8791
9824
857
5036
1
9674
5445
1
1643
8719
1203
7788
3203
4572
9117
6052
7936
7815
7392
5627
1
3665
6009
7673
7223
6162
8054
819
2729
5033
5419
7724
7121
9207
4708
9445
9227
7357
6816
4114
1
9783
2601
8962
8036
6360
3164
9798
1534
1069
9507
4758
4914
7997
3213
1
1
6296
1
2822
8044
1990
1
1
1
3041
6214
4020
6539
9809
3240
5337
6217
7262
8025
8547
3015
1464
6189
3456
2745
972
4895
5947
5335
9801
4988
8519
1099
2675
1966
9374
5551
682
3612
2426
1202
8490
5929
7542
1
757
9353
7000
4104
5719
9133
7278
9015
5773
1065
1982
7000
5324
9272
3164
5657
6656
1048
3455
5204
4702
6840
4183
9914
7705
4941
8662
2447
717
4608
8490
8183
3070
5320
5438
5211
1681
9387
4603
5083
5340
1508
10000
3312
5271
4270
3192
1
3067
8415
6775
5517
2033
5729
721
3530
7617
7942
3264
8743
4148
5133
1746
1263
5617
2306
8112
2280
560
7377
1224
8332
8285
8365
7628
3227
8130
1718
9703
1
4251
4556
8747
6629
3346
1
1939
1094
4537
1758
7139
2514
4393
9052
1
7033
2279
1
5658
9204
8592
1239
6649
5646
5814
4242
3389
2908
2397
8525
5086
3611
8488
3444
1339
4407
9898
4587
8089
3794
4659
5733
9560
5005
1851
2216
3943
4132
1
1047
2992
6675
7407
4920
8980
9635
3692
9487
7709
5933
8100
8802
5477
4068
3711
7451
1
8358
8080
3075
9355
5169
6580
4271
1945
1890
3340
2485
6328
977
6942
4842
4702
8630
9471
6146
8681
7076
8225
2353
3320
4628
4031
3183
2412
4310
4025
7430
5461
6085
8333
3976
8481
1201
9426
3163
5059
6512
9897
9207
3963
9540
5563
1845
5101
9668
4835
3379
638
2211
4738
9735
5102
1043
6806
4544
9939
5940
8122
640
2682
9730
8326
1585
2639
4496
9496
2255
3227
7746
6542
6899
7736
1
4790
8774
9032
907
1
7910
904
2016
1
3689
7545
4294
3406
9107
2726
1799
8229
2119
4047
3847
1
2319
2764
6384
1037
4064
2528
1240
3004
6627
8416
1712
9486
3588
6570
1
3668
1208
6769
3861
6533
2481
9524
9253
3804
6027
6463
7263
1207
1133
2049
4162
5711
5886
8799
1443
6459
5692
9292
1
1256
7663
2938
8181
2785
3278
9693
4176
1578
6048
7850
4143
8758
2429
9648
4838
7086
5727
2277
1406
9780
3704
9376
5522
3591
951
2482
3154
1252
639
7510
5590
4949
6035
7268
8836
7550
9303
8595
1
6844
4158
5646
5601
3775
1
1798
6740
1767
1968
4124
7380
6859
5234
6114
9178
9555
3319
6887
2612
9186
4115
7951
3223
3019
4928
2248
9744
2553
3875
5999
5982
1
6111
7510
8968
4197
5785
2366
7645
7418
752
9686
8345
5411
9505
8949
9811
4721
3479
1
5074
2623
6765
2952
5025
768
9082
4224
1154
2221
9010
2124
2572
2994
2161
8222
8791
6795
1738
783
6460
9402
6087
1
5950
2282
1208
4075
4256
7473
3716
2442
5681
8205
5223
6727
928
4371
7672
4256
9792
7000
9240
6534
9065
1835
7609
7202
3012
7106
3779
9357
3232
1381
4182
8111
5132
8765
1
9148
2706
3819
5562
3608
8944
4465
1370
4947
6415
6594
2739
1
5170
1265
1301
1739
4481
5098
6941
878
5622
8985
1
1327
6814
5238
676
3959
4540
6711
7609
699
4248
7734
5499
9438
7846
9861
6808
1
5039
4426
9429
3583
1308
5912
3797
1935
8054
8189
4939
4832
4841
9756
4263
9375
8160
1661
2654
1366
4550
9241
8348
1164
9045
7661
3920
8089
3092
656
4235
7891
6083
6676
4296
6535
3174
8410
8393
4826
6440
5540
4626
5764
8617
1
4519
6179
4802
1227
8103
2566
1158
7285
7708
7513
5643
2023
8910
7187
4721
8959
6932
7476
3119
5434
6641
7622
2582
7206
7205
8836
8342
3591
1426
1
3368
7226
6434
4012
8045
2654
3162
5362
1789
1043
3983
4728
2813
9846
4082
6934
5634
3340
1740
9663
9741
6800
2719
7108
7288
7844
3694
1
5871
9937
2522
5546
1
1
3081
3236
2289
8774
848
1
967
8360
8182
6915
1141
5695
5525
4046
1
8588
5052
6702
7777
2631
7687
5581
4864
1
6095
1170
685
9612
2838
3069
5858
1821
3373
2681
1845
2274
1551
7556
7831
1
6119
9084
4906
8360
2458
9270
8923
5905
6636
2367
1
3074
2106
9111
2946
4420
8465
9680
1
8403
3449
1110
2344
9984
6285
4982
5919
2960
4274
2477
7891
6041
8226
8894
6346
6099
2480
3248
1197
1892
7612
7543
8011
5743
1421
8602
1064
2292
3998
5186
5924
3327
1920
1556
7196
2669
2113
7782
2121
4095
1554
2942
7740
2990
6883
1286
9920
3544
4184
7788
6963
2866
2089
6455
1422
9914
5416
9225
5668
4139
5879
8789
5708
6150
7098
6558
9644
6458
6857
1178
5857
9477
6790
678
7638
3662
1731
2216
1768
4804
7578
3833
2155
8679
1
6313
1
2981
2557
6271
1077
3437
5675
4204
4418
3745
6343
5255
8592
9513
8011
6976
7740
3205
9265
1710
2825
4478
1947
3646
7250
6872
2870
7721
9476
4679
3537
7599
8276
5930
5872
1
6831
1008
6755
9235
9006
3418
1809
1
8762
9000
6402
2223
8035
5426
1
1144
9661
3395
9394
6449
8613
731
7293
2025
6263
7180
7130
6354
7650
8413
3849
1
1167
2699
5203
1
7060
826
4882
1
718
851
1
4974
1
8885
6724
6738
6131
1161
6400
7099
3511
4281
8142
5769
4699
6120
3761
4166
9408
9461
1415
8832
2625
4055
8728
3790
5996
5699
984
9521
8269
4058
2870
9490
9715
2568
8084
8573
9065
3988
1
6704
2825
4750
4621
7478
6840
2839
2938
6139
1604
5223
8658
1
6436
5070
7615
7414
5664
5781
5520
4731
9590
6795
7513
1578
2840
3742
1772
3993
8373
8383
1810
8832
3760
2618
2707
6506
5846
6469
9796
4688
4880
5059
6145
2604
5962
9567
5820
8140
2005
2271
2937
3430
1
2479
6255
6472
8125
6608
4246
1
2861
3325
2099
6929
3374
9703
8315
6753
7590
2841
9602
2806
1608
7489
4488
2491
6548
3016
3492
7206
8114
9841
1400
4913
7725
9835
1344
2554
4346
1
5394
1634
1
761
7839
2390
1
1
1864
5589
6692
2906
2429
3269
5377
1221
8860
7200
8569
7857
2178
2466
1
1
5808
7115
7117
5118
8590
4735
1387
1789
2554
2585
8054
8787
9340
4448
8940
9811
9625
2973
4943
1
4251
893
6976
9473
6769
6123
4205
3488
4352
3258
1
5459
3771
8397
1022
1955
4694
5344
9292
9055
5778
8215
1522
1277
1
2499
1
7562
8579
1
2736
2467
8475
1679
3236
9203
3950
1102
1430
7853
6782
7424
2539
5088
9059
9954
1
4111
4672
7260
8628
9760
2832
1514
3145
4877
3731
706
2947
2892
9406
2063
1003
2509
3112
1318
6725
1
1080
7285
2988
2170
5604
6552
5650
7457
1
5648
4019
2831
4075
7066
4758
1
7254
3538
3429
6563
1065
5480
7018
4710
4463
2409
1584
4923
2460
1725
4853
1128
9256
2926
9377
944
4316
8906
8648
5125
9390
3700
8867
5939
1
8781
3060
8585
828
8664
988
3091
9968
4771
9628
6014
8277
3035
9182
1
1453
1957
1565
4818
8232
2540
5314
3907
1705
4115
1
2273
8827
4190
7233
8242
9571
6859
1726
5820
9434
1
2960
7603
3535
6936
5693
9100
1
6520
6945
1190
8811
5450
7981
8683
6906
8747
5749
3211
8348
8572
8672
6449
3263
8468
1451
9274
2184
8258
9890
1
6265
5010
3383
6932
9211
6623
7558
1364
9233
3296
1982
2150
9948
7411
3961
5991
7145
7182
9277
6555
783
5150
3372
2472
8660
8191
3986
3950
3564
3031
4221
4263
8136
5509
3971
3766
1306
4091
8502
5613
2332
4431
9665
7753
4271
9064
5457
3393
5426
2530
1566
7566
5787
3215
7992
8726
1750
7044
9351
7239
4805
944
2384
8534
2112
3781
5192
7487
4384
4420
7192
7123
5361
1255
8908
9964
1
1015
9866
5787
3492
6816
950
2840
4017
8361
9414
9251
3861
1
6336
4334
3555
8930
2087
9654
6841
8905
2230
1549
4622
3726
7932
7633
1
3492
5223
9604
2434
6963
8236
9502
3312
8165
9394
5605
5396
7367
7811
7613
7365
6425
4637
7700
9158
3722
3563
7170
1878
5593
4336
3873
9686
924
2991
6147
3991
7334
3195
2644
2018
6088
6785
8854
8150
5306
3376
4971
9036
4389
4568
723
2196
1
8120
1
8431
3918
7676
3889
2204
4578
5472
3307
5599
1875
2948
7686
9674
2568
5409
1051
4418
4043
9269
6429
8554
906
3524
6214
4266
3004
7429
9642
9621
3414
3272
1
2211
1805
7607
1190
5093
7518
1573
9141
6300
7046
4798
6358
8104
7362
9474
8993
2983
6061
5922
1665
8889
4211
2221
1662
6361
3991
1001
7361
8823
3914
2783
9556
8651
9085
3649
5714
9384
7876
1
5450
2709
5141
1102
8134
1858
6218
3845
6365
3712
4586
9198
5110
8179
5613
8972
5982
7746
8943
2177
4816
9131
7215
7815
5421
7804
738
9948
1752
2544
3944
8142
4167
2899
5116
4003
7941
9868
6976
841
791
5483
3174
3143
4844
1138
1565
8681
1674
8968
9112
2665
3221
9415
3276
1447
5645
7196
4325
9045
5057
1
2213
4192
2611
7724
1961
6810
9320
4772
7347
3027
4484
3630
1977
6920
1
1
4576
5351
9474
3206
3019
6120
9291
6352
1
1
9780
1911
4809
7776
6309
1
5989
7928
8939
9153
5293
4123
2502
2280
6936
2276
1819
5970
9500
688
9283
8443
5050
8168
1044
4451
5020
1868
6084
1
626
1
4729
4020
9149
7870
3573
9803
7167
8421
2794
3141
2348
5380
9724
1638
7250
2884
2015
663
4984
4043
9390
3439
1267
6101
3678
1171
9853
1
7533
4195
841
9688
6867
3474
2083
2758
5487
4698
1274
5388
4402
2098
6107
9599
2896
2651
6550
8489
4461
7140
4101
5444
5382
3374
7415
4850
5741
5704
6943
5915
7055
8304
7091
6694
9507
5269
2409
7595
3115
2249
1
6642
1614
9248
1317
9904
4986
4106
5977
663
3567
5729
7723
4884
6289
3719
8773
9453
4706
1431
4504
9296
9895
6850
7028
9195
6959
1
8735
1
8297
8843
6660
3878
9970
3637
3147
5629
9393
5173
8730
5754
2046
2898
3325
1955
3379
2166
5125
1407
1
3668
4776
3680
8090
6665
8534
654
3084
7033
3730
3509
9667
3763
4862
5881
5803
2122
5808
1
1839
6924
6874
9082
2799
3490
5713
4514
5472
6258
1
3023
1
7059
2597
2460
3500
9092
8879
6332
7529
1515
7396
6095
9886
8057
2882
4617
6972
6600
1262
3219
1753
9424
4518
1
7656
1
844
8368
9872
6772
6647
9585
6095
6291
5122
774
1131
4401
5873
1
6818
7505
7340
6551
8821
1
2260
3524
1821
2229
2813
7797
7823
7071
7319
1666
9835
1
2326
7361
2614
2378
6128
9803
3741
5123
4955
1149
8955
1
4922
5350
1578
5158
1791
1832
9052
7296
5279
1
9893
2242
4449
2906
5531
5388
5210
4055
9443
3749
1
9158
8364
1600
1695
3934
2290
7682
6995
3982
6044
7098
1
8638
5438
7543
9658
1
3218
898
8253
2207
836
3680
9546
8461
7703
9212
6494
6201
5725
7266
1698
1587
8968
1151
5897
2305
7338
9483
7822
875
864
7717
8617
5935
6911
2779
1
1089
5404
4112
812
8882
7529
1901
8506
3288
6349
8245
1529
7843
2321
3309
1
2386
1908
9105
897
4435
3026
7018
9434
9499
1
3527
2347
2126
6405
688
2628
9932
1080
2916
4080
6981
4247
5914
8315
3623
5449
1494
7897
5321
7341
5348
5833
2243
2005
9922
4579
5668
3936
1982
5401
3591
6349
8264
3897
8460
1359
9021
8655
7566
2857
5296
782
1689
727
9467
9123
2010
1
6142
7327
6694
4980
5211
2848
5086
7471
1
687
5044
9059
1
6363
8263
9945
1
7465
1
7223
9436
1456
9313
9298
2568
4329
2134
8269
1
4662
1649
5049
9098
7303
5490
6100
8008
9545
5812
5065
5574
7529
2067
4660
9518
1086
9266
6015
4626
3617
5006
1
5238
7784
5854
3085
6301
4180
4829
1244
5251
5510
2090
1888
8673
1633
9420
9643
3671
7739
3930
7834
7913
5801
9187
1720
6078
5637
791
7490
7818
2383
4438
3249
7266
7293
7832
7697
6779
8963
3730
4230
4814
1644
6616
4233
8868
779
3433
4965
6365
5046
1777
8178
8799
7928
7165
5668
8734
1
5426
5205
9171
2089
5483
7013
8949
1
5284
3449
3598
3435
9207
6001
7654
5313
4413
5969
5256
4364
6902
6662
2970
8430
2153
9337
5861
5046
9463
1
5569
1803
2660
4121
4251
3183
6737
1
6869
6306
4652
906
6680
7670
5655
1
9242
3836
5873
9680
1
3099
4227
1039
6035
8618
7182
5986
998
5940
1
7051
9987
5601
5632
4719
1
1160
5272
3327
7858
7877
1
1681
2292
9215
5811
8635
9618
4193
4679
5052
7874
5180
5570
6705
1400
7411
5527
7703
3790
1750
1311
3763
3845
3423
5339
6537
7132
3409
5626
2763
1567
2108
4730
9220
7557
2002
8614
8404
5900
2760
9738
1029
1
4589
1417
1112
872
5288
1
1
1961
1749
7191
2686
9211
9248
4987
3570
2561
2491
8183
8301
6956
9036
3884
6764
2777
3178
8170
3738
5364
7605
4148
9856
8177
1
5662
5947
8016
8822
7643
1543
6388
669
5253
5512
3063
6801
4445
8856
1
1
1525
5002
7907
3668
3539
7137
9776
7618
9422
5480
3255
8806
1786
941
8163
2861
5951
9998
9157
1379
7562
3232
4130
7880
2518
3170
9191
8072
7459
5887
4764
2042
4204
9465
1138
9240
4822
6753
8743
2024
1
1547
1520
2928
4841
8321
5090
8175
2964
1376
9904
6107
4230
9357
1598
7302
3052
1969
4781
1752
8607
1086
7448
4341
7507
8328
2454
1
718
4225
1
2765
1714
2267
5837
2840
1
1301
5863
9370
7049
3919
897
1
8328
2781
1
9098
2052
989
9101
1
2471
3225
7122
7797
3684
4956
5651
805
4661
8815
1
4097
6009
6410
5510
9390
7587
4049
1855
3631
4266
1845
7983
8721
6051
3036
4639
6596
4563
1
6305
9737
1
2860
5682
2089
4472
9176
7789
3132
4773
4230
6896
8947
745
1793
5543
9779
3692
9983
2506
3591
6585
8604
3307
629
4308
3484
2173
2867
9491
7203
1342
1
7451
4402
9750
6465
6870
1951
2135
2544
1177
1100
5296
6453
4083
8355
1
5406
1777
2159
2991
7573
2063
1607
6792
1
9167
2843
4712
4242
1400
3264
5139
3515
9930
4416
1344
8195
1
9575
4384
8344
8625
5305
8297
9923
7894
5252
4668
9142
1227
7088
8019
7581
9317
6309
5372
6879
7373
8972
6442
1294
1887
1
4058
804
7730
2074
6477
6704
8097
9818
8700
2114 2114
2072 2150
10 11
196 196
6511 6443
9586 9697
3670 3487
7057 6477
6229 6438
3451 3521
