100 10
7249
6696
8291
2178
4966
6372
5663
7483
2244
1528
6346
7600
1636
2175
8291
3718
3962
4299
9177
2616
8890
1263
5154
8036
1999
1
2613
5217
4438
9290
383
9573
6983
6256
1280
2734
8534
7894
4887
9075
3880
2478
3554
4960
2080
1894
2589
3390
2562
9627
5735
5831
4491
5879
3529
31
3082
9735
8332
1165
4361
6547
9870
8533
8178
860
5547
3249
638
4019
9707
589
5493
6885
2641
7674
6972
4513
1657
7161
8739
5332
6653
3932
6156
9299
934
4768
6032
236
8534
9085
3390
257
1030
1455
1
7488
7365
7902
11 10
7 7
14 14
18 20
19 19
8 9
11 11
15 13
9 9
11 10
