10000 10
6468
3785
6129
7613
7908
5898
6875
7806
1887
9720
7959
3910
1
1743
2737
4273
1065
2818
7209
697
8757
2389
7910
4029
3036
1972
2936
1
8963
9942
2182
8423
8085
8684
2613
1210
9198
6911
4603
1664
5874
1463
1
3694
9163
5705
1481
7338
5747
997
9689
1
1
9782
7701
6168
7897
2775
2945
3035
4502
6551
1153
4247
1005
8549
5064
2061
1682
426
6012
2464
9275
9333
7045
4530
8888
9016
3829
1105
7192
7271
9611
595
3958
8946
4545
6425
462
850
6281
3210
4354
3591
6387
4281
2171
2222
4908
2711
1666
6620
3860
935
5582
4466
1564
3195
6642
1250
9889
5083
3070
1566
8007
1247
6939
3564
6190
4014
3518
1961
7417
4370
4862
2976
9898
5660
9688
4563
4447
1961
3893
6063
1
1235
8646
1252
8037
7205
3388
8135
9164
6929
1713
6374
1520
5688
8021
1357
1785
6916
1881
6087
9053
6129
4573
5883
6436
9533
6688
9339
3762
9965
6551
3941
5310
5037
8387
4608
8679
6309
7863
1755
1573
3453
3453
2578
5611
6356
6710
4608
3021
2014
8404
8571
7020
707
10000
1
8077
4924
4706
7356
5507
9859
3793
2149
1049
4456
982
6447
1
1
4587
1
2019
7713
3935
8759
3754
2459
1
9012
737
7701
8164
8628
2064
7708
2247
8367
6002
5133
5150
4317
8268
1
4347
2216
6565
946
1
1194
6510
9440
9975
7067
2843
4187
5570
7311
1410
3910
1683
4163
9070
1708
5222
5228
1835
2032
1699
7722
6540
7266
2116
8881
7102
3031
7379
8948
7307
7809
8445
5388
7448
5058
2041
4907
5788
3158
9989
1603
5762
5656
1563
6637
3534
9130
3017
7245
3849
1977
1267
1371
5711
3578
7073
9409
9628
5976
7328
5137
6344
9995
3073
2529
4095
7759
5305
6041
6562
9936
2428
4503
4113
3886
4700
9907
5811
3688
8838
4627
6968
5095
4765
9557
7289
9185
2316
7651
3690
1807
6284
1600
4380
7031
4678
2106
7227
7958
4152
2438
3108
4950
7418
5179
965
1190
6828
9497
3565
6468
6496
8592
3012
6559
6094
5825
8097
9577
3844
6341
3768
9837
6083
5365
6645
7388
4190
4811
5046
5291
4837
8774
6208
880
3137
8334
6524
7611
7171
4333
1687
591
6153
4098
1491
2541
5456
2099
1854
8125
8705
9356
7598
1363
5488
9276
7182
1271
4416
2851
4399
4664
1494
7605
1
442
481
6752
1286
1452
8208
6356
7950
4148
7853
5571
597
7955
5353
4304
2888
4939
5493
5182
1098
6094
7567
1
8557
5333
4357
7429
1687
1996
9920
5833
2793
6584
5847
1373
3289
454
674
6284
3327
9676
7993
5210
2414
6628
9932
2954
4829
756
8870
1576
4416
846
6623
4977
6322
7679
8976
1
9559
2138
2226
774
4981
1629
7742
4900
3530
2222
6173
2676
3033
6415
6136
4819
5412
6454
810
2562
6449
1042
1
1403
1435
9087
6333
1540
4302
4209
8109
3950
5186
6680
5593
4388
5142
1383
9860
9763
9505
6692
439
6215
8278
9923
8672
381
2337
8450
3237
803
1414
4213
7584
3662
4995
9528
6049
4380
1589
9274
473
4655
2096
8347
2973
1
5238
1
2712
1505
8579
7937
7781
7965
8144
6297
3005
7758
4075
4179
1092
6191
8688
7668
1
2835
9244
3173
1
9797
8825
1897
2692
621
2151
6714
2014
8334
6515
6402
9792
1
2797
1
3907
1418
1105
585
1827
9211
3006
4880
909
2256
8425
5110
5341
3317
9481
997
1
9239
7882
2798
5800
3610
3041
6621
9188
1
8087
4349
4475
4683
3530
8876
1
7479
7111
3751
3177
3277
1518
2667
4437
3496
7103
4941
4021
1200
4359
915
8301
6014
2078
3794
7797
8697
6693
7482
5659
3118
5009
7041
5524
7234
9098
3540
6593
527
7987
5339
9308
4155
8554
7486
3590
4557
5158
1
6843
7784
1507
3100
1
2244
1331
667
1164
785
1
9418
5587
4518
6975
4104
8140
9611
5956
9182
6850
2472
3740
4346
5610
2051
9221
5320
9171
2570
9043
9927
4397
4558
3277
7323
1
7366
9950
2360
1
9218
5684
7062
8792
7753
7670
458
2219
5169
3507
1723
8819
3986
8942
8254
7707
3477
2985
1
5531
5767
711
608
530
7821
2008
6050
6556
1278
6352
8521
5509
4784
4416
9610
1087
5291
6669
4351
392
5112
4547
3359
2889
3091
1769
6364
9852
2758
8638
4365
440
6573
6287
885
5205
4946
1033
4457
7445
2724
7591
6557
9544
5230
1644
6616
2954
8983
2038
4231
4229
1259
1
2420
1824
1
2703
7766
9717
9868
7234
6397
4882
7516
4566
2806
7070
1377
1163
1
5779
926
4536
692
4774
8100
6294
4798
7811
5603
4477
1787
8140
1992
2856
6859
9036
955
6541
519
602
3675
1
8917
7151
4065
8262
7418
1515
3977
829
8536
1
1624
5745
9573
8169
671
1024
8230
5030
8380
2686
1439
7630
7852
2475
8114
1
8383
6418
8609
4804
5456
9043
6587
7196
5908
3931
9466
5893
1010
918
4051
5976
1216
6039
3883
3612
612
9849
7735
5623
2531
9353
6944
1
6325
4688
3942
8986
4513
3597
9486
1
3505
2084
8994
9812
4005
2002
4549
4258
1
5150
745
5701
1465
7513
6616
907
3970
9494
925
4323
661
3406
6429
9299
5867
5830
6133
4939
4009
5617
4253
8845
8918
3499
2485
8477
828
1467
4847
5283
1
5568
5591
7527
3234
4510
6230
903
2848
9670
2732
1144
3627
4178
6067
4560
8957
4890
1
2293
5942
4707
1141
3237
9600
7340
1
2398
9502
7775
3059
4653
5352
3146
7435
8549
7070
3169
4070
4755
937
8807
1621
2141
5591
3501
7148
723
9930
7609
4047
4291
6962
6685
2537
7937
772
4637
8539
771
2033
8546
4460
6850
1583
9800
1
2721
883
7458
1
6608
5009
7260
9533
4219
896
2942
6709
5670
6329
8257
9192
5095
2945
1
8202
1885
1049
5622
5309
8283
735
2863
6547
1
9150
3462
2200
5382
2568
8062
6366
3009
9824
9262
9793
3171
2729
4992
4873
6191
468
2299
1
7300
2384
5061
2157
8113
3874
3231
1447
8251
3440
7644
5180
1770
2548
740
5235
7875
7379
3994
7608
4080
4014
7952
6811
6343
2867
1197
4181
8469
3542
1151
5827
1291
4766
2433
6160
3733
8215
4011
5064
1816
860
3203
9150
4217
3472
6345
8326
1817
1324
5459
6985
2709
9413
5846
2068
2596
2463
8188
4613
6417
2170
9816
5315
1914
9746
8905
3219
3550
3533
6866
5536
7579
4305
8306
6114
7280
1008
8197
5354
3489
1
5930
5929
1240
8069
1560
8334
8721
7315
2926
7929
6419
5687
1
5316
7409
2477
982
4470
3067
7724
2370
4038
2806
9725
5142
1498
2951
1
8167
761
528
4956
2742
761
2354
6532
2727
2730
6138
8804
1
548
2252
4946
2610
6724
4931
6404
1089
4040
7125
9132
1206
3737
5124
6953
4120
5695
4652
2604
4281
4712
2025
3486
1911
7916
6648
4841
6169
7042
3599
4320
9707
1
5433
976
8587
4152
2494
5997
1227
6017
6337
1765
2066
1210
7317
6476
8069
8389
6204
9062
8746
4317
937
5203
8202
7538
4560
8844
1410
9884
7145
4407
5224
9499
9443
5312
6890
8785
7474
2770
3595
8824
5858
6264
4288
8718
4465
3833
4049
4671
6297
4821
8008
5944
1271
5671
3356
1311
4205
8202
7044
2282
7213
4068
9827
4412
1
5566
2063
5739
1
1
4303
8614
6500
6465
7868
2278
5411
8049
1
6994
5300
1332
2231
1933
6156
6777
2080
4702
6508
8895
3974
7642
9227
6147
7574
5650
5512
7545
8634
8870
4281
8150
597
4886
2115
4965
1639
4950
2402
8625
7716
1455
9743
9876
9404
9007
5663
6873
2786
2216
6092
507
3284
7819
9126
5956
4695
8156
1462
6958
7178
4946
9517
7849
8053
4057
5370
439
8886
3959
4081
2923
9270
8837
8240
8807
1648
7793
2047
3135
6607
2204
9677
8018
9725
1
1730
4658
8299
6316
519
7854
4500
1760
7311
740
4749
8193
4012
4752
4667
4876
9717
6816
678
7487
5032
4573
1345
9344
4870
8387
5575
6654
3948
8351
6546
5732
8128
9336
1721
7633
2998
1396
4924
7332
6717
654
5291
2187
1811
3098
9420
2302
628
1
8929
1525
2217
7337
5510
9322
9403
8606
5558
9008
7603
9271
1072
5451
6029
6632
7723
1
1088
5875
2621
9250
2884
2072
4574
1
3320
493
3527
4733
2351
5339
9989
1907
5695
7672
1006
9748
706
5691
2200
7128
3976
8753
1074
2606
4018
2150
5020
2338
1638
4691
1136
2990
5586
9047
1154
7282
1047
6737
4466
7246
9955
1896
979
7909
812
7024
3268
3027
8062
9592
561
5963
2082
8800
5808
2116
2591
876
3369
2373
2370
7517
7714
7324
4129
5080
4878
2292
5082
9964
687
7540
2441
7047
5142
9685
9103
4132
1999
3215
938
935
4729
8361
3331
5770
3690
1
439
774
7533
6448
3040
6947
1322
9456
4656
6099
7115
7233
4446
5149
1851
9178
8720
1
4296
2341
5582
589
6644
4392
2717
1055
7328
4616
2208
2698
2262
1578
5161
7338
8244
8165
4328
3234
5942
2326
5362
3163
2425
9224
2140
5103
2787
6983
4285
1374
7812
7930
2228
6029
6018
8878
7494
4233
4917
7613
9619
7017
3704
1388
2560
2570
2532
543
3632
8714
7682
5523
9158
2211
2884
6596
2163
2286
4414
5890
1377
6174
2353
9564
8730
7696
9550
5900
4590
1
9322
2864
9739
767
7253
7316
2000
7524
1
3565
4530
5346
8691
9984
4742
9408
9233
4065
8107
2840
8762
3689
4626
4091
7924
9591
2497
5637
2745
3751
3385
2454
8237
7517
9217
3684
6389
2280
499
3334
3882
2099
9123
2591
6522
7094
896
6830
1979
1416
1347
2209
1
8840
632
9419
1636
9538
4810
5961
4961
2028
8586
1954
4447
6044
5174
9605
7752
1741
3546
5321
9910
3142
2402
605
8625
1271
3025
5769
3897
1445
443
1
9508
6218
6904
9635
5821
3563
7401
3425
4759
3483
592
3811
8383
3246
6869
7445
5024
6111
2715
2132
3950
884
3510
542
8256
2160
6159
4836
2579
9414
668
8479
6963
4388
7250
9194
3207
2301
1
6294
3841
7717
1606
663
2127
6678
5332
5564
5717
4052
9871
1230
2276
1
5616
1247
9268
9714
3677
1633
1291
9573
1
2022
4477
1
2405
5693
3574
3288
6481
2571
9203
8563
1
1473
1200
1
6747
1050
3491
8127
8183
3467
4072
3674
6782
9808
754
9357
1543
8169
2567
2416
7644
6265
6081
6610
2231
4413
9673
820
6219
4892
5600
1835
9019
2273
2550
9036
1274
2190
7757
7424
1770
3508
3147
2793
581
530
5424
892
6094
6905
4631
1513
4136
2226
5595
2278
682
442
6256
6901
1161
1
2266
4363
2208
5176
1842
9174
1887
5041
4900
4382
8920
9276
8104
1
724
3826
9936
761
8815
7899
629
2446
8958
8375
6166
1006
5395
8840
4078
8699
4339
430
1
972
727
8979
6374
5339
7516
1458
487
7626
5666
2222
8306
7023
4818
1
2839
3418
7639
6943
2600
2904
6442
4800
5399
2737
6975
4731
7575
1901
7224
8497
6591
6051
2981
6116
5050
9609
5815
535
1420
8027
7685
6441
6387
8267
8574
5823
868
587
9676
5842
7142
7846
8479
4163
9853
1191
7150
1719
5020
4417
8395
7355
6074
8500
6834
1607
1913
699
7640
3779
9037
5724
901
2244
4472
8872
5984
1
2298
8068
5378
9781
9664
7717
5274
1648
6202
6980
9454
1
8297
1
6352
7570
4050
6327
8944
3450
5213
1063
6317
3323
2103
4312
2382
8276
586
8386
570
2124
3740
9649
1441
7361
4062
3079
1013
1671
4574
2256
4163
8418
9193
7225
8535
9889
2364
7897
6619
5775
1
1715
7814
6733
795
2627
5020
2969
9497
6838
6146
745
1130
9907
7033
7480
828
4456
9766
4213
1
9554
6883
795
9833
2880
645
1634
8343
9053
547
8542
4124
9344
2965
765
2903
6568
2322
7919
4268
3822
9745
5389
7704
423
1705
5054
4525
5497
8827
547
1991
1130
1609
3123
637
2315
7952
2576
2160
1
2134
3207
9377
1973
2530
7880
8328
4591
6765
1598
2422
6948
1
4533
4324
958
8997
5329
7894
1711
6999
1
5749
5219
1
7552
1135
6985
3055
7971
822
1
3902
1
4595
7977
3549
1172
8735
6282
2174
655
8001
2778
9436
1870
1
2025
1
8273
4387
6630
1
2989
1955
7943
8185
1955
9521
974
2259
6714
6279
4344
4510
1174
8075
5020
8638
8172
1
9793
2825
947
4267
526
2936
2094
3375
2166
1454
9451
5848
7012
921
9438
840
3115
2513
506
6854
8402
2655
6604
5724
5474
3646
5349
9669
8801
5587
3275
6121
4450
903
8078
1
8889
2877
5552
3760
5916
1975
2022
8631
8973
6238
8251
3147
5825
6571
2971
8095
4175
5118
1797
8158
2489
5788
4203
8165
999
8410
3862
9847
3510
6454
2582
7241
7380
7063
3154
1766
8182
4687
4085
6094
5061
8855
9202
4268
5158
1543
1796
9827
9295
5242
1838
1381
9306
6289
2116
1
3945
6183
1019
2779
5375
8124
5015
3537
8643
9205
8383
6211
8538
4466
9714
3881
8913
9933
1035
8297
6308
8991
9034
4005
2107
9617
2912
1957
8255
2660
2086
799
1
6181
1182
6628
3793
6774
677
6409
4932
9769
2280
2908
7578
9297
843
7459
5573
9174
9737
2516
1116
9639
2690
7286
6798
8358
2998
4785
1349
5314
5011
6244
2280
2970
9565
3624
6819
1983
2539
4591
9609
6806
6885
3836
7056
829
9783
5103
8606
7393
1575
9648
5146
5922
1497
6380
8216
5121
5534
4026
7685
1547
4455
7420
3880
3735
3699
5613
8667
3197
837
5944
7736
1148
2325
5745
8290
7787
4884
7786
8752
3237
2387
3061
8851
8771
7115
8106
4700
556
3857
961
8968
3492
9748
2488
2165
858
5005
1
5359
4490
6902
7269
7671
9205
7257
3624
4291
8522
8433
6760
2941
8147
803
1535
3971
9560
1
2392
7734
8584
7679
8363
5020
3295
2812
5283
1300
3443
6289
7690
9159
6230
3481
5756
7820
492
2238
3428
5501
2617
6635
8676
5869
4900
2875
2837
4917
1
8509
4414
4789
1
2857
5689
6966
5751
6053
8506
2386
4558
3062
5809
2984
4797
8706
7010
4781
1560
3620
3830
6486
3705
1599
3722
7186
6846
7748
626
4134
8580
5059
2330
9373
6046
4185
1845
8578
4728
1
4015
9329
5758
1286
4506
816
2490
9404
4064
1620
1
1
4792
7405
5421
4215
4617
1
9690
7021
9839
1
3648
7091
565
6969
2837
8922
4347
5452
9582
7025
6855
6760
5735
9520
1392
3686
4724
9174
6930
3329
8301
6544
9819
3897
766
8923
4980
5316
1317
7099
5230
459
1736
2290
1680
7199
552
6864
7289
5422
1286
7628
3201
6867
8712
3088
7756
7638
5871
9824
7503
5343
2505
6066
1821
6959
5648
1
1673
3306
8848
6375
2976
1
5669
3622
5333
2745
3669
3308
9621
718
3163
4865
8261
4090
3680
1
1533
4407
9225
7867
7368
4265
8018
4394
8691
5421
7988
3024
3780
3807
3134
9097
9655
2552
2113
5522
7882
7892
5706
9903
2040
5558
2423
7283
4571
2966
1
8995
9365
749
1
1
4694
6806
9387
7328
6397
3513
2259
7816
5852
3089
6824
7188
7545
9638
1818
3825
609
6820
1357
8249
592
1
1535
501
759
2394
3243
9266
3619
2671
4796
9261
5974
6439
2665
4300
4972
9136
6648
6727
1359
4417
6843
6099
717
2225
8286
2805
3862
2708
6137
2611
6445
6555
5641
1357
5462
9711
4186
1481
4356
7194
1054
3603
6796
9396
3615
7219
514
5691
7266
3535
3080
8014
8149
2578
2150
2928
1915
1235
2994
8429
1477
1
1515
531
1820
9327
8915
7319
3399
5717
8939
9989
7340
8936
5491
1792
7190
2715
6759
1
6246
6544
5580
7127
6858
7185
2629
7826
9248
2485
3069
2192
7668
3613
6655
8029
6331
1352
7463
8322
5965
8328
5502
9702
3730
720
9957
8436
6442
2960
6423
7628
9083
2376
9778
9374
6802
9149
4725
3317
1
9529
1748
1569
1718
2231
6291
6712
7028
2478
2092
4338
9051
4068
9661
6057
1180
3691
1215
1437
7588
3989
3295
2313
6191
9624
3789
7563
3656
8589
3566
716
4008
8980
1
3061
5927
9701
3247
9699
1252
2601
8488
3992
2639
2578
651
1028
8494
6102
5715
4186
9508
5254
4952
7533
8362
8637
6461
1699
8931
7056
9401
2048
6850
3448
7741
2342
7597
6973
5099
3992
3544
6520
7533
8508
9986
8120
6747
691
2309
7317
5899
9349
5871
2751
9122
5305
1322
6961
5450
3803
5150
923
7572
3818
5089
8641
4198
4922
6748
3894
4905
9965
3363
4635
437
8875
3014
6846
1614
9769
2674
7044
3959
2031
6050
473
3841
8929
6844
6504
2687
4720
8967
9903
6056
8795
9427
5290
1246
1693
1731
3060
3813
9367
7838
9039
7696
3889
1594
521
1892
6326
4631
7975
5213
2182
9558
5127
1
5866
2337
8109
1
3381
8332
9353
9996
7221
5710
3362
6431
9602
2494
6836
5447
9790
2718
9797
9079
1
8846
1064
2498
9776
1574
8338
6029
9588
676
3047
4964
3576
6384
6276
3389
3122
1766
1031
2593
3172
1635
5681
1196
5069
4430
9449
1
1
4422
9015
6019
7590
6405
5864
3394
6346
9975
8598
9011
1347
9094
8920
5971
2599
2519
8464
7096
4648
3240
433
3569
3323
2016
4276
1647
6504
5712
3527
5990
9238
3227
2050
3119
1920
6605
6666
6314
8680
9382
4855
8618
6397
1073
6804
5895
5440
872
3190
1819
1304
7162
7578
5791
844
6406
3131
6014
866
6544
7372
1
3244
2329
7643
8905
4592
4338
4697
1208
1981
4429
6477
9861
6150
8024
4733
1
7783
4766
9399
7012
4340
4856
7379
7282
2869
4261
2095
3463
4508
1
8962
8845
6559
473
4026
9900
5110
1458
4568
843
2893
6865
1
686
9811
3627
9801
9788
7395
9168
671
8656
4520
4964
1115
1170
6076
9414
9942
1
5587
6790
5328
8395
1
3165
8731
2377
8610
1476
4305
6626
6274
9335
5940
4136
2940
2722
6172
2248
7503
9198
3533
5083
2378
2825
6001
9590
4256
5196
5399
3034
1318
1917
9870
2188
9037
1386
2757
4892
8779
6428
6579
8976
4845
7188
8091
3222
7313
6737
1938
2408
3343
1777
8439
2782
6366
4757
1
8674
1
6472
5162
7029
1611
4204
6824
6303
946
6831
8145
6921
1089
2460
1539
1162
6229
1855
1565
4583
5447
1147
4410
8202
3887
1606
5131
8410
6779
8248
536
1302
7342
7155
9197
8522
9412
9935
8469
2270
1428
9326
6753
8997
3039
9918
1623
3754
9633
2920
8575
5811
440
6254
5961
2357
3172
9648
7048
7776
9333
5653
684
3077
1018
1212
5725
2153
5338
4804
8832
3021
6882
2430
7795
7434
5393
8489
6322
2321
462
9930
2417
3918
9183
6057
6029
1361
1696
6481
8900
5119
5454
5797
9497
821
5223
5412
8416
9331
2468
1
8381
5336
5538
556
3449
7292
8941
9603
7994
5382
2561
3433
4475
1878
6010
1904
6849
3775
5880
1734
9857
2844
9508
5993
5142
1334
7890
3848
1109
7715
7117
1
6024
4146
2299
9243
673
1763
9424
8060
2880
1889
8130
2545
8288
9391
2743
8993
1295
8958
7238
3764
7847
5355
1736
7292
4470
8863
9471
8337
7401
7946
6362
5003
4146
923
2190
9308
9022
1
8975
6840
3983
4145
8509
4439
871
5607
6435
6832
8510
3582
9629
3954
3546
9463
9302
6402
7390
563
9106
6479
1739
1878
7295
5843
9425
6426
7302
453
6514
7549
1
8748
5523
1
8053
8643
4494
5738
3575
2591
850
3740
1
5930
4841
1
6184
5312
6617
1604
1450
5046
1513
2150
4525
3597
1284
4234
2
7885
7670
3962
5437
9348
3091
781
4704
6964
1777
6059
3717
9316
634
3419
2800
8429
7889
5329
9917
7479
1897
6391
6036
622
2382
8587
4762
6527
7991
7076
4853
5841
3773
7745
5871
1
4293
9096
7557
8492
5205
7925
5182
7037
2645
1
486
2884
7142
4384
3076
3617
2791
4137
6160
1797
8362
7571
3503
1881
3474
1
3551
670
5438
4911
1969
8005
1
1582
1
7563
738
4021
3466
1776
4897
3895
2959
7263
4499
8301
2679
2848
1
4405
568
8559
2786
4354
2179
837
1
3097
3476
4686
1
8346
2088
648
2337
7929
1
913
8029
1
9111
4035
1805
2809
6165
9469
3572
6893
7171
6747
4448
7152
6532
5862
6148
3654
5740
7198
6788
1875
5274
6829
8621
8271
6492
7132
3959
4228
2341
5655
7601
4977
5712
2650
6366
5624
8554
8057
8767
519
9708
3743
1220
3808
8468
4119
1627
4028
8744
8775
3305
1985
7997
9763
1528
4417
5189
5359
7929
6549
3712
4044
2054
2110
4163
6644
9787
2618
660
6291
3782
729
9880
2576
3758
1777
1811
7830
3844
5823
4432
7849
7899
6990
5345
1638
9832
3906
3945
8906
556
9537
5833
8766
7005
9000
5444
8016
9798
4624
2005
8211
2366
6580
1923
7464
8792
479
721
553
5988
3085
1367
4169
6687
1
4276
7694
647
911
9884
9760
3491
1215
9392
1247
4597
789
8898
5032
4914
1674
2089
6872
428
6165
1125
5855
1158
2709
9174
6249
8528
4371
1004
5349
864
3555
9028
1668
5557
5266
3818
473
6495
2696
4751
2014
8924
8314
9960
9320
5977
9113
6515
2005
4487
6111
978
4388
3663
7704
4622
9049
5619
2162
2310
6121
4716
5543
5083
6969
1636
1
2256
855
2644
2205
7656
9414
9165
9571
8733
8228
4798
7821
1
8702
2772
1
6207
5948
6375
1984
7888
3789
9286
3217
7127
4734
1
887
8285
578
9235
807
3512
8023
3514
2479
7076
7915
3502
885
6039
7070
1589
1
3647
4963
6251
1617
4293
2369
2679
9901
9992
1846
4274
5948
1266
4237
1925
5268
1
9657
1967
1
7019
7857
1159
7370
4611
8129
9155
4850
5253
8971
3777
7260
7254
6976
3328
788
3153
5192
9062
7238
5708
2963
684
9026
5226
9806
7064
5019
4677
6634
9587
486
9601
7078
7988
6066
4462
3626
8927
4782
3188
1
5680
1306
4860
2803
7915
726
2933
6004
1
3817
8018
7012
828
7249
6213
4821
1
2198
3740
8648
4862
5481
5741
4223
6413
8315
4706
1959
6512
4810
4967
6986
8436
9690
6601
4378
9438
1846
7694
965
910
7771
4889
1118
8783
9143
7267
7538
9038
2461
3939
1861
9682
3299
5168
9382
835
3976
3187
5241
6494
4746
8764
8083
6744
1618
8011
5454
8773
788
582
1967
7741
1165
1
3211
4357
3823
3692
704
617
468
1
8790
1507
5210
4046
6156
475
4366
7459
7642
2634
5036
8306
3912
4004
2559
2909
7617
1
4598
3925
3527
3639
5640
7744
6776
6580
2497
7426
1287
970
9253
8953
5407
9138
7656
5396
9642
2921
4222
2326
5671
9829
4814
3959
4669
3442
8655
5193
7961
5792
9119
8684
5168
6940
857
7162
7711
3677
5348
8727
4053
538
3698
5416
8589
7056
4264
9471
5424
4059
1308
6191
7105
8503
4106
8153
4895
4721
2519
1207
6334
8413
6182
8162
1091
1335
9065
2044
2450
8797
963
5585
469
7038
8216
2703
3440
6857
7140
9693
2378
7965
6411
6246
3925
2912
7055
2091
6313
1
2937
9244
5402
4141
4442
7159
3407
9244
863
9079
3276
1557
3810
1
1670
4084
2775
5039
4176
4780
3638
5973
6956
4201
2043
5480
858
2070
496
9887
2367
4555
1577
2737
5478
6091
1101
9812
2095
5063
6105
1700
7628
7832
2039
3867
9079
1660
6442
8310
1
2051
1329
2732
5199
3319
507
6189
7523
9154
4084
808
3111
1941
856
2706
2361
7745
9236
7035
2003
6134
5675
8558
1
8017
7783
829
6914
6216
9729
4975
2444
1605
9084
1177
7060
749
1
5571
2940
7271
6219
6368
5848
6274
6465
1084
597
3597
1
6922
8200
3084
1996
8097
3158
6327
3435
7741
6522
1675
691
711
6719
1
816
6259
8040
6707
8717
1720
2073
3335
9967
513
2789
2526
8854
8118
9321
8146
697
995
9770
8118
5756
8958
2618
5265
1777
3826
2173
8773
9508
6627
8710
1583
6980
9440
426
6859
1
2608
7642
715
1195
2564
5948
8651
2997
6058
4106
8666
9833
1116
8603
8766
3412
1396
1203
4975
4552
6088
5161
1113
4056
3131
488
9548
2127
2698
7368
6996
8077
4902
2578
8103
9552
4441
2426
4999
8425
1513
1
5992
683
9284
1403
6371
4215
6237
5213
6814
6162
1055
9971
7524
8057
7812
6589
1997
8134
422
9638
1259
5437
9719
1057
574
5104
3587
1
9782
7386
1490
5994
5462
2783
6105
6766
4786
8598
7827
9308
3772
4523
9089
1255
7429
759
3917
612
5078
7801
637
7506
3680
6017
8241
8492
4932
970
1038
7164
1
4483
5011
5099
7796
7467
6010
7707
1994
7840
1316
6792
2606
4441
7801
6389
8418
6726
5053
6204
8777
2349
6862
5245
4782
1196
5470
2656
6936
8219
6614
9733
3811
7595
9237
9546
3422
1245
4376
1043
8447
617
6766
1485
8264
1495
6066
5780
5523
1
3440
1931
9289
7401
6675
7960
1350
2444
8431
5189
1
6494
7824
7232
8972
8046
6794
2983
8070
7751
1654
7602
3261
4882
8767
6084
4539
8628
2760
5550
9457
6170
3485
1
4373
3269
4981
2439
3614
2617
3870
3515
946
3385
2075
1
6305
5165
4148
2226
529
5754
5753
6877
8978
954
8724
633
1357
8449
8960
5909
1794
8535
1
4122
3586
1
5967
9867
4929
1485
9948
8234
7361
2694
8331
5982
9380
2506
3891
1488
3666
8465
7212
7835
1520
4822
9244
1327
5402
1036
9528
9368
8418
6897
8316
3477
7143
2188
8060
7584
8545
2979
2913
3016
3105
8995
2856
9891
7543
6926
2918
1
5182
9640
4772
3146
2898
7999
4496
7421
3229
6672
9116
3006
8606
5609
9295
9698
7779
1551
1422
538
773
8239
8399
7611
8988
6726
3873
3133
511
9726
9164
6745
4111
3161
2467
4660
3495
8514
5155
8744
6593
7162
1924
8107
9939
9155
5484
7759
8034
7482
1385
2503
2237
5393
8574
4124
3604
637
8536
4681
2754
6859
6304
2637
859
1250
7170
9874
5003
5932
3802
4299
1482
1
6294
8658
5477
5518
5180
7997
3954
2309
7932
1
4569
517
5689
9819
9469
3473
955
1216
9768
1553
4480
1375
8579
6930
7920
2102
2640
4059
8812
2289
1359
9578
7971
3633
483
2194
7122
1
1
6028
3894
6768
6949
4308
9268
5677
9215
5840
7604
2379
5602
4656
2724
4617
6600
8664
9141
433
9629
3366
4601
9983
5111
6035
3070
5599
5738
2375
4838
678
3721
2143
3266
6144
9483
6819
3757
7780
9221
7056
988
7463
2130
736
6140
7783
8323
1
8968
6124
2572
1990
6740
1055
3560
5580
3259
3029
1
5253
738
1833
4732
2173
3992
1129
2749
1
7007
3309
2410
8962
8465
8828
4037
4194
4873
2774
8011
4999
9778
2347
1966
6346
3811
2454
1941
6306
3810
4535
5076
8999
3497
7949
6681
2793
1839
1
5354
5658
9037
2801
2727
469
7227
4437
1852
7476
5637
1749
9026
2883
7652
4488
6024
4528
2507
4669
1093
1525
2236
1015
4833
2185
6949
9981
3420
5494
7561
2951
7331
7858
4715
8538
4965
6832
2914
5547
5486
437
1
7862
2116
7929
5514
7991
2136
1119
6153
6084
6067
2637
6727
6565
8009
1
8382
6714
5304
9447
1446
4083
7429
8680
974
3163
2640
1466
578
1635
3279
2333
1
7936
5729
4973
8433
7900
9074
3293
6664
8812
6117
4163
3717
6447
4237
7901
2770
6445
2830
9378
1
5618
2834
4868
5599
6573
5594
8224
2963
2867
4932
7206
8958
7845
5093
7447
4254
1135
4037
1047
1732
9264
1
5174
4053
8160
2743
9289
3843
5381
2743
6557
6229
5291
1827
9275
1
9132
9752
6086
3848
1
1303
7608
816
3322
9957
1864
1022
5663
7013
6982
8841
763
8842
9231
3351
4032
4472
5786
9451
9836
3852
9248
877
8735
7093
5667
3663
5050
5563
9776
2069
4698
9389
3709
1606
6921
8258
8043
6518
9869
6934
4829
1869
5801
643
8837
8822
4804
7458
3451
9539
6702
8686
8347
1
3818
7476
1442
8628
2671
8202
3675
9098
7083
587
710
5214
2827
1446
8454
3467
5380
7623
5477
3736
1
4352
3618
4891
6160
3140
4305
5852
7443
2270
2500
1807
1139
9347
1467
9518
4243
1548
2054
3726
6273
9187
460
7855
3362
3161
4212
752
4168
2946
2109
1
3733
9580
1410
3538
4988
3315
3105
8256
1774
6500
7963
2392
9880
8279
4120
3969
8742
1109
1948
9549
6308
1719
1118
8471
4523
5154
9851
5575
8614
5399
8737
9527
1921
4426
7054
8869
4001
6516
1772
1074
6922
8147
1454
8394
2085
5727
3590
5580
1313
9578
3521
3186
9215
4403
2109
7137
6194
6184
7441
3706
4745
4611
5500
9533
8322
8867
2649
9253
7867
867
1375
3170
1344
5337
2835
9862
4444
5535
9370
6937
4240
8741
5427
2819
2801
4569
9283
5490
853
6327
7920
3964
5760
4090
3686
3115
5908
510
9957
4110
4015
1410
8965
3651
2413
1101
3359
1487
1
4555
1864
5283
5410
7878
9148
2746
2657
8482
3768
821
5953
1261
6435
9429
1
8997
7573
2882
649
6878
6116
1681
2743
2995
1723
8294
1296
4848
984
666
7795
7376
2183
5126
6219
1
7783
5084
2757
891
6185
7295
6814
3070
5607
2131
6670
2322
3854
754
8011
3365
3001
4239
1
2141
5651
7857
6527
8319
1206
3199
6967
8067
1659
8665
8990
4790
4967
6791
7584
2557
6392
6639
2007
4488
8116
5921
8453
1713
5028
7911
5137
3570
8013
7597
8564
1
5743
2391
4065
1
1397
8167
612
7872
3144
8802
5682
7469
7352
9371
4658
3985
462
3418
7632
6504
8224
8927
5880
1697
2299
4759
2909
7493
4320
2330
1
8087
2479
7016
7212
7010
8598
1
3994
4023
7766
4108
4574
2408
6027
6946
5966
1287
2157
2319
8631
2827
6874
8765
706
9629
4580
2467
3677
3096
3228
8564
2595
2944
7498
9408
5919
5646
9356
7636
4482
1094
6479
1861
4884
6588
56
2214
648
1370
1
8893
3056
4574
2379
4717
9343
8500
8491
1381
4818
7701
6415
2671
4161
9527
2831
6661
5247
5566
1859
3146
2521
3277
1960
8378
8884
3736
4558
9353
1415
8939
1319
4707
1428
2878
8687
6591
3559
9186
771
2476
6145
3181
9890
2611
7664
1
2098
7053
7962
1928
8052
1
9811
1564
8445
6020
656
3256
7685
9460
4317
7773
3359
1929
9584
8851
7367
7175
3800
5236
2185
3771
9068
2242
3946
2094
3729
7925
9841
1658
6258
1294
1
2105
3339
3654
4986
1
7814
4549
2057
1
3046
4265
1503
7390
9385
7039
1
1201
7873
1
9008
9766
1023
9428
7294
5836
8500
9732
1492
5777
8623
8886
9741
9485
7966
6893
7355
1952
5050
4384
8294
3044
9887
7730
5257
6572
9470
3853
5949
1
3924
6733
7972
7938
7414
2436
3415
7501
4044
8250
5271
9395
4547
8392
2821
9231
1828
1186
9335
5506
4579
6698
669
4331
5760
3259
4107
8102
9444
4658
8441
3647
2439
6275
9658
7816
6883
8199
1501
9806
4866
8304
6451
2960
2652
8908
4190
4469
1035
3730
1
8065
5092
5510
9016
6941
5960
1721
8493
8286
3181
4520
5579
2501
1795
3682
7420
7455
7372
4627
1830
7865
6088
1151
1949
7187
7865
7325
1760
5877
5885
2054
6060
6616
6825
7497
3855
6334
3309
7263
6266
1875
2153
5357
3412
1220
1388
2548
8366
9193
4190
6025
6156
9399
7590
9122
1982
3336
4637
493
6537
5783
3341
5075
6081
7938
9532
1
8953
9272
6898
702
4434
3778
2250
9259
7283
5634
1558
3777
6564
2754
2426
7467
8946
1397
5971
7654
553
6342
3236
1
5402
3650
1050
2584
1
2166
449
5860
5793
1320
7660
2766
1
4452
9769
9203
3289
3124
2710
5374
1466
5732
740
7904
1835
5632
3309
1675
3229
7892
6889
1864
4116
5751
460
9404
7470
1
7082
3644
7923
8771
5017
9140
2072
6373
5892
9949
1
8289
6419
7065
5157
7549
7080
8278
8403
1855
5212
4504
5981
8799
8981
8246
1
9477
5431
8888
1
847
1510
1777
8477
4460
800
5890
1
1
2813
4835
2034
1
8747
4031
4143
4899
1
6463
4151
2233
1589
999
1918
5857
5899
8246
927
5051
1
8565
6360
4824
5630
1255
1
7612
585
8085
8879
6908
7729
6539
1255
5775
4932
1
3889
9684
1
783
1
6641
2266
8096
7555
3740
630
5323
7026
3130
7395
5794
8593
6178
8985
7376
4774
7049
4223
3405
7948
5675
2136
3580
6812
3469
5405
4333
1
4570
6454
6902
7379
9397
3896
2327
9013
6996
2628
1648
3914
1642
7870
7567
9526
4541
1018
6797
6822
1839
8522
7659
1191
7952
8292
2166
787
9923
7065
8171
7621
3403
9951
1402
7558
6298
4124
7648
1986
5545
1
3258
1
1871
1
3934
6033
6941
8582
2532
1
8258
3457
9374
4867
865
5557
9034
8936
3281
7549
4034
3634
9693
5808
5305
4774
2698
7170
6582
6227
3218
7468
7880
6760
5263
4617
1073
900
1
5674
5350
9844
6679
6260
7661
1439
1040
7965
8516
8127
1706
6661
4950
2479
1
7320
991
3373
5506
7414
2817
1006
1548
8408
1032
1146
3769
8732
8408
4809
8589
5001
3564
8715
4845
1526
1
3417
5634
5814
1530
8454
7925
8858
2554
801
4523
1243
6249
3248
2343
4857
1474
2294
1576
5121
9289
5125
3711
5917
3279
6737
1719
3904
6419
4695
7731
3035
2545
2407
9912
8391
1403
955
1283
5024
5954
2490
5611
5490
7781
9884
2946
9109
7197
8162
2847
1
1881
9001
5195
8615
8375
7455
1
6396
2658
9812
692
6575
5206
7926
6841
7487
8706
814
3046
8932
8374
1
7545
8754
3450
2016
1
1653
521
3284
4917
9430
9316
6706
9020
1
7879
1986
8343
1
3144
4480
1
1422
6392
1
9852
1335
9950
8512
9276
4196
8555
9312
7981
8454
8573
1206
6767
1394
5736
8055
9978
7985
5325
432
2443
1408
1270
5885
9649
837
3538
9349
4994
6688
2898
3728
9435
3373
4977
4117
2079
6656
994
1542
1742
9796
7164
9076
8703
1992
6968
7555
2192
8658
1
1190
6133
3978
6435
3739
6914
1
775
3222
5978
9139
9921
6249
3898
6799
831
7237
1179
2778
2453
1939
3606
7932
2275
3894
7783
8723
4389
8181
1
9707
7254
2386
8469
462
7507
1339
4181
7809
3838
3372
3551
6834
4698
9129
5932
4590
427
4550
1555
9830
9276
4509
8185
2355
4722
899
1
2042
2397
8178
1013
3327
7671
9310
9087
4268
1181
8197
7138
5911
1674
7257
9385
1
7841
4501
8190
1102
1615
1309
2761
2004
9125
9442
1759
7347
5909
1
957
2829
7448
7616
2998
8876
690
740
8451
2194
2916
2675
7617
6131
8091
7904
1538
7633
1646
9456
8358
9417
1
3177
4676
7440
8094
3498
4634
5962
854
8629
2255
6076
1
1815
1600
5628
8753
5456
4182
1975
4177
2511
1630
2555
3129
1062
8738
3392
1499
9450
4820
6436
5247
1159
9642
7828
7685
3847
6654
1736
6328
5786
5131
8797
4798
3805
7843
9481
7974
1299
5911
5011
4462
7199
8901
5577
5555
1917
6874
6015
7126
7496
1819
4638
4588
9147
1942
5106
5977
1455
5984
1335
8941
4582
3720
615
3922
9559
1
4564
3807
6957
2578
1824
3286
8400
2650
9908
1423
9135
1539
1
8140
2663
6395
4097
4721
5042
8598
3133
6224
8643
7157
8598
4276
1963
9240
839
6142
3636
1639
9261
1530
8483
1858
7194
9296
5541
5193
3287
5242
5934
915
1
6577
8714
7837
4870
9556
685
793
4680
2241
4334
2350
2528
4989
7753
6733
4507
5087
2543
5139
7279
6246
9876
1656
9453
3608
7771
7132
7151
6471
1
9508
7759
8641
2820
8527
7227
6651
6809
2624
9085
3013
3081
7969
4130
965
6142
8464
9172
7451
5831
9584
4960
4963
2845
692
4584
5283
8484
6780
7690
6246
6487
9304
613
1747
3029
8072
9979
2531
5322
7436
6706
2143
3622
7355
9138
8924
8948
1585
8761
4776
2123
9372
5380
2163
9816
6542
1766
5006
8228
7918
1751
1909
9524
8176
5626
7245
1334
3252
5804
7283
1653
1627
3171
1587
3365
2712
986
1745
3624
9629
8413
8696
5887
4845
4871
2900
1480
9423
5640
6433
3083
2424
3998
7280
6269
5243
2230
6496
3260
589
6240
3479
1787
2829
3444
8678
8037
9908
7312
1
3267
4146
4928
8352
1829
2906
4069
3640
1381
2814
2171
3707
1160
7237
9944
1
3861
5968
7145
7073
2956
9028
4081
5864
9984
3931
8578
5130
6840
4251
4811
602
2335
1
9608
8984
930
5118
2268
3256
6526
7372
1810
2024
8969
1003
5719
7131
1460
7198
4203
7430
6612
630
2263
8830
7804
7068
9431
3338
5653
1041
7387
7796
8737
7532
4714
481
1
6606
2491
7224
7121
5941
1
3565
1560
7309
9134
5476
8431
7676
8421
5465
7531
2716
5784
2734
8938
9098
7106
7212
3990
1722
6938
744
1074
8242
3346
9149
5130
7913
2647
4955
2686
1068
2512
9603
6317
2890
1354
3470
5521
7727
1472
2324
8138
9335
449
6926
2718
5694
4800
8244
1
9331
8066
1454
5915
6355
1646
8627
9287
3815
4648
3109
1034
8123
4361
5324
8813
8080
4041
8786
745
656
2816
2644
6694
5218
9636
8462
3233
489
1
6051
8062
1414
3417
3405
1102
8445
8740
1912
7528
7033
5796
8260
6989
5172
4684
2435
9130
908
3349
5822
7398
9410
6481
2985
1520
7274
4713
1615
5806
8596
7213
9879
8728
6574
906
6949
1402
1
7666
4771
6823
3092
1157
2071
3380
9481
8211
9818
8444
9949
2302
5427
3697
6137
4984
4738
9879
9451
1
9023
5857
4138
7145
7323
9624
9098
9582
7476
1873
8024
7656
5844
1225
7712
8824
445
3514
8612
1686
3156
3016
7639
2063
3353
2539
4063
9323
8056
6568
1811
7770
3462
7250
7681
9822
9570
8226
4281
8199
4624
3367
5836
7402
4397
2171
4265
9170
6384
1657
5906
5373
7584
8684
2
7101
573
1342
9589
9859
6757
6596
6888
1551
3671
5833
5542
1
5260
6381
1432
7869
1930
1
1
1
5221
4814
4792
2373
1
1401
5995
6271
3380
9962
9391
6563
5516
1716
1325
826
4630
7512
1729
8622
4130
5504
1893
1240
5347
9345
1045
6312
3282
7289
988
7816
1755
3247
4320
1
795
3347
8241
531
9778
8670
6369
6224
7486
875
3398
7801
1558
1
2046
7388
3312
4326
5394
2083
5516
723
1
5660
4926
4817
6596
7243
9214
7171
3054
1169
4368
1929
6000
6909
5999
753
5702
1
4235
1841
4665
2254
5492
3058
3135
7511
8984
3783
6730
7955
9488
1847
3832
4160
5020
1967
3605
866
2867
6815
920
9072
8005
821
1
9119
6943
7728
2294
4402
4543
2424
3642
7278
7222
5074
4364
8153
6717
5958
8815
8157
879
785
1760
5785
2766
6236
4285
3168
4343
2482
8861
7883
2669
5703
3574
4952
542
6994
9211
1
8546
7307
4426
2145
5498
4393
5417
7823
4042
563
8021
6490
6532
754
7624
5114
6762
9136
7763
7758
9073
2507
6932
8943
7505
7412
6991
7675
7159
7857
6410
8498
1109
6268
9075
7113
6161
8321
8953
6788
4693
4750
8563
2623
2642
9835
9478
3491
9213
5541
1567
1935
3816
1183
2113
4076
9968
4986
2412
9289
1371
1258
885
5271
2697
6291
3294
4099
3846
1376
7533
8834
5213
1567
9901
4090
1924
7828
9111
9807
9010
2348
2176
9251
8370
8405
4838
753
2805
1792
5439
4763
4909
4180
1777
657
4985
5648
4686
1019
7727
3190
6549
4114
2760
2234
3788
4953
7981
5639
782
1
7212
1127
5449
4428
597
5377
9755
2294
8614
9895
8265
1542
2248
8855
8931
8116
6999
5473
8080
2091
6760
1866
3111
1700
8890
6721
4199
1
6184
7557
8916
9055
2828
9583
5013
7518
1
7513
8851
4261
726
8057
3594
6905
4539
9160
4085
1015
1
5387
7776
7863
9635
4738
4514
4814
4146
1
8894
2854
4241
1
3764
9923
9088
1275
1
1421
1123
774
9312
3339
8815
2953
2564
6227
8896
9104
4616
8034
3316
9200
1548
3101
8104
6999
1078
3998
1
9333
2865
495
5488
1
433
7066
5274
9393
3530
1969
5756
8190
1239
2012
5861
8681
3561
9748
5363
9649
9605
1114
7247
8175
5773
435
5614
4732
8377
5935
2357
3098
5060
3457
7148
5445
8514
7360
3294
3247
7439
1
2164
761
2985
1
1
3300
1060
3917
4914
3863
1169
921
7490
3660
9622
9787
3195
6916
7381
4312
3252
9302
7223
7978
1212
9866
9938
7481
4552
8657
6124
4997
2192
7693
5234
8030
6877
1956
2867
7238
3399
1418
8323
4153
8863
7830
4871
5661
9385
9895
7424
9263
1846
3447
8806
5196
9174
4444
9437
9352
7133
8106
1001
9848
2011
512
9907
7699
8759
1
5677
3712
6282
9026
4186
6970
7395
9188
7102
3385
943
3507
6261
7755
2764
9202
3167
2147
6782
9508
5412
5111
7847
9941
1
6361
1794
610
1668
4029
9356
4900
8725
6446
3666
8494
3868
7523
6093
8804
2045
3694
5230
9109
6662
9976
2075
9994
7204
1074
8454
3143
1
4245
9765
9919
1422
2454
4988
7984
4462
8129
1695
8815
3918
3375
673
7473
6224
5504
6987
1805
2968
1139
8861
3800
1078
9667
2302
3787
8791
4980
2114
4764
7947
4744
7452
580
4528
5456
3345
619
4029
919
3603
6808
9417
9908
3312
8472
3105
9746
501
1589
4478
6317
1
6913
5849
2801
6399
7178
1189
3218
2029
711
2483
3209
8514
8371
6071
6278
3127
5770
4709
1529
2544
7234
2779
1085
4316
3640
2246
6701
826
5593
2472
5254
9342
3461
484
7002
1723
3222
5882
3216
9515
7562
2060
1988
4373
3114
2971
5642
8083
2157
9036
5557
5587
4140
8555
8271
3795
7526
7861
8613
3654
2649
1661
6392
1884
867
6159
3443
9615
6784
5362
2054
6952
1
1873
939
6685
2687
9376
4730
503
8727
5922
6102
8348
7830
9515
1528
4601
8520
1206
9307
1595
6694
4496
8710
7578
9043
8311
3911
1275
5330
2611
2814
1743
9080
7347
3700
1350
1861
1215
4098
5895
9742
9116
6487
3555
3427
9214
5952
7791
8304
2501
9468
3524
7203
8273
4157
9901
2853
4400
5079
1
7564
1
8309
4895
8543
4870
2545
2134
2316
6259
1
7494
1809
7035
8888
3907
3611
3839
8044
5685
1465
8899
4245
9153
9093
7381
8326
7765
4675
9443
924
8795
7654
4137
9477
5269
3764
9005
1345
1261
1
2199
2950
6635
9550
9738
8334
7038
1227
1339
2363
3356
6679
4821
8822
7636
5433
5917
3347
2764
9126
1403
3992
8557
3049
4841
9988
9996
5775
7047
3084
7497
9221
8672
2684
1786
7100
618
8387
4546
5815
6758
1096
7543
7082
2874
4518
892
1142
3090
3700
6339
3950
537
7996
9185
872
7425
5262
8475
6415
2846
5106
2704
8276
5047
6993
5171
6916
5049
9721
8775
5749
7288
7539
9272
9609
860
2057
9659
7297
9526
3395
6151
7398
7161
1464
3270
1
7913
431
1569
7205
3198
1
4495
3352
9433
4079
3393
1735
1163
9088
5887
3092
1
9025
5939
3211
6498
8283
4083
6359
6322
7083
9711
1502
9595
574
7969
2861
3921
2909
8001
4608
6695
6010
2401
1624
9749
2779
8807
5721
4181
5068
4846
5698
9113
3016
7617
9575
2459
8085
3874
2512
5614
1
6959
4217
7029
6340
5722
9059
5890
3073
2877
5806
3408
8479
1175
5031
1318
5386
5902
8911
9474
8264
3471
8453
1
5569
9642
6423
3184
4312
3409
6065
6232
9323
627
2181
799
7274
6210
911
3672
1
2634
1771
8454
1388
3251
8664
7049
7688
9401
4647
7342
2433
7408
2809
934
5269
5780
3820
1231
9360
6219
9591
8616
6563
1359
5767
2624
6101
1628
5527
2741
1
5484
2049
3127
1216
2318
2102
5137
3013
9846
5197
4174
6643
6782
9240
706
8462
5795
3052
7523
8662
4405
3188
3201
3483
9755
8023
6753
3547
8187
4899
1872
801
4100
4606
7979
5877
3713
8238
633
5376
4225
7649
4916
1890
6471
4832
464
9972
3712
5620
1181
6320
4058
3751
449
8001
962
915
4357
7876
9714
5242
8436
4645
9664
5391
8296
8709
6145
1447
4334
500
2964
5293
456
6349
8688
5736
8584
9649
9048
3393
4973
2198
4306
5008
1
9563
5102
1803
8354
9696
1900
2675
8788
2521
5636
3920
7536
1127
8334
7098
6723
7578
8972
1704
6425
2613
6504
5084
3001
5924
8687
6672
7302
3253
728
8952
8914
1011
3011
9944
772
7498
4617
6233
3065
4936
1824
5165
6364
7276
1512
4640
2690
4222
6053
7390
9666
8529
1452
4792
8881
4995
3273
3503
8993
8565
4483
3331
1
5147
2737
9209
3743
926
942
8086
1946
9067
8420
3940
9462
4753
984
6722
9723
1595
3142
1477
7617
7448
3318
1908
5670
470
2346
6606
9839
9387
9593
3685
9981
1733
497
8371
8993
9259
4251
4705
5894
9058
3335
7227
5760
7452
9241
4433
2543
4486
6461
2332
1963
6043
467
4458
3558
6008
8204
8689
5359
1024
4322
2249
553
4410
1
6299
3486
7426
1880
2664
3542
2892
4681
5064
2206
3999
9026
6382
9801
8190
3933
4289
1367
9615
7542
6245
2837
1385
5772
9505
2444
3225
2081
5551
2534
5467
3049
4882
5396
5828
5485
445
9314
8233
4376
2810
7260
3115
9941
4879
9293
839
2934
1546
3832
7335
2522
3927
1755
5045
7649
1050
6465
5718
8509
5126
5125
8390
2234
4834
3721
9287
9380
8138
4892
605
3584
7421
423
7750
1556
7887
3586
2641
4120
8174
6866
2523
4254
2870
2629
2454
9679
6586
7189
2190
4698
7088
5357
2973
6265
745
6781
2178
5769
4276
898
4943
3056
9816
2402
3027
2763
7995
8697
4296
9736
4778
1
5319
8135
6559
2733
7302
2951
2986
3802
1203
1
503
5796
5911
6174
6189
8318
8951
560
6434
1080
6217
9950
9923
9108
1487
9493
547
8049
9028
3429
7451
2270
4663
9379
4948
8648
2658
3609
1479
2597
818
9963
5079
3862
6602
553
1484
5095
3453
9107
2345
6674
1786
3522
6963
7731
8293
1
4565
1041
8860
542
2025
543
4516
7120
9805
7720
3104
5299
8315
26
8046
3394
981
9266
3850
8250
9251
4913
1
5855
5723
4772
4494
7094
6930
5057
7510
6528
1266
1
1281
2216
4221
6866
2264
1444
7749
3008
5176
3616
2998
6711
9819
3707
7595
3306
1065
7010
8032
6518
505
1291
7832
9069
1074
689
9908
4199
8776
9730
3065
1188
7029
6867
6108
2840
3090
3419
8236
1308
1
1153
2516
7938
8569
2703
7346
641
8140
1692
7954
9675
637
4430
8735
1103
680
2116
4583
6670
9970
7721
3149
1939
5218
4394
6677
8399
4241
5263
1
2013
9735
9973
3295
5626
1261
1233
480
2926
3643
1
808
2112
6970
4862
9255
3173
6662
982
9486
6428
7356
8487
8350
8616
1
9641
7515
7205
3462
1176
4819
7183
6916
8101
4538
9492
6891
6412
4173
8354
3664
4376
3870
1353
5926
3872
6236
6874
848
9869
1589
3949
660
3078
6626
4079
6287
779
2989
3878
1
8658
8524
3515
8440
602
8441
2179
5704
9607
886
5342
5287
2243
9559
9143
7788
1951
2732
1
7254
2212
2280
1587
7347
731
6510
4130
9791
4586
8208
1949
1259
1
3106
5284
3747
2469
9736
5663
5036
7590
4614
5554
5304
7101
7497
9753
5989
9114
2676
5527
3038
1401
1029
5402
8413
1
8593
7102
847
4643
2626
4759
1015
4512
9491
5074
6334
972
1
5625
1
4158
6601
1366
9253
1
1
8808
8848
9949
6141
1438
8768
3025
5152
2824
9997
3423
2366
9363
9486
3583
3826
5442
3380
8934
6850
1233
5982
4995
3387
6568
4097
3979
5925
8595
5254
5390
6237
1
3344
1005
2352
5370
2418
4552
5602
2901
3460
4505
1894
728
9643
2654
6429
4265
6195
1
8213
5818
4535
1
5172
6299
6200
7412
3954
6235
4329
5073
2202
4643
9359
1752
3213
2521
9474
4621
9652
1
6247
3570
5208
5271
3289
4648
6169
9360
1613
1611
4560
2588
5282
6201
5196
8897
4828
9961
6753
8698
8782
1552
9495
9769
5002
1153
8454
9515
1759
1764
7120
2290
6970
6538
9501
7661
9067
8029
9856
6362
3790
2775
700
966
713
4344
2906
3475
1
5997
3839
6704
1110
1618
6790
3596
7623
5176
969
3911
9835
6893
3219
1335
9689
6801
5513
5237
1774
1
1429
4642
4737
4119
5040
2125
4313
6102
4790
4830
1
9660
4416
5030
8347
9878
4241
4856
2029
2506
5831
8651
9702
2660
1813
2968
7723
2534
6386
9575
7101
3853
3672
4523
3591
3435
9329
2791
7369
4054
6467
7213
3398
7945
7271
3188
1198
1133
3517
6061
3750
4490
8500
634
1712
1115
5316
9721
1313
3115
9098
4663
1507
3240
3554
5630
7257
8706
900
592
3634
2118
4211
6068
1523
3044
1
2675
4434
3038
7677
1833
2305
5938
9205
8183
7767
5556
1
4257
8220
2132
12
3721
2574
1602
2062
8910
2394
6688
9619
7466
9743
5801
7099
7364
2731
4008
1
5872
5100
4626
9126
5251
7341
2984
4962
1972
5953
1232
6064
2155
5248
6208
6660
4888
3835
3777
8395
3830
7685
8680
8160
987
9098
6284
619
9733
9762
5200
5595
3414
2400
4864
8226
3927
846
2107
2979
8328
6006
1736
9216
8266
7617
4326
6125
1329
1
1068
4808
472
2064
3718
3432
994
1
9365
1450
6954
6926
8652
4293
9667
7801
7808
4938
6354
6792
9049
7343
3352
1658
3522
3930
5207
4124
2684
2794
8528
1
8352
9085
4968
5862
1
6187
7971
6736
3936
508
5405
1
9671
1924
9861
5937
1985
5666
653
1332
521
8658
4376
5367
8404
764
7135
6115
808
3439
7401
8788
7020
3226
8775
1
9784
5242
5869
2929
9490
6447
7519
538
7335
8091
3087
1622
8710
5751
6280
6911
4421
7020
3331
6844
2282
8641
8041
3478
3552
1
5065
4992
8376
8851
8605
6606
7130
6127
2143
5991
1299
8700
4157
1904
8546
9544
788
6675
6579
4449
1
6659
5217
5693
8276
8999
9015
7589
9622
804
9210
8372
4274
9676
6457
9996
5137
8904
530
2331
722
1689
565
7467
1275
1979
7365
9876
4691
3984
912
7321
6740
3184
657
2779
7178
4349
8674
1326
581
5900
5418
7298
8991
8334
9226
7474
3160
7198
1205
7825
6363
4686
1
4752
7003
879
1326
1711
8631
6532
4925
1703
6775
7840
8753
3064
651
9774
1
5979
1397
6199
8427
4542
6173
1
4770
8864
489
6395
2897
8550
9791
8285
5990
4534
4208
8719
7212
5419
2903
5281
1
3374
7681
1049
2773
9305
932
5710
4268
575
3517
5815
2447
1900
8912
5877
2613
6262
9932
2918
2550
8009
541
4038
4727
9479
1897
4844
1504
3500
1230
6528
1894
9518
3645
1676
4236
4775
1
5460
4140
1
1
7206
5477
2518
9505
2217
1
9256
7651
7394
2680
4334
4839
4225
7838
8651
1
1121
7432
6473
5577
7082
1094
2856
8483
3787
6884
6195
4929
4651
4858
4630
3194
9166
8950
1430
9993
7310
5743
5645
8318
5047
3948
2888
904
1
3298
9594
8757
5775
2565
5691
1142
1107
9157
1028
946
7894
2722
7114
4665
8725
1752
5202
3004
3683
7300
9621
2484
3795
8433
3602
4249
5959
6896
7937
4640
8355
6935
8866
2850
8614
6350
1
1261
4767
6532
1432
2925
8718
3914
7999
3757
3834
1252
4261
6270
3655
1
5654
4018
1084
5632
7791
4726
3312
7731
3979
1
2622
9551
6902
2753
6491
7070
4541
2206
3242
9225
7606
8483
1672
6073
5232
453
4898
5847
889
3506
7002
7080
1890
4369
2363
3349
5409
3552
3352
7332
1951
570
5365
5259
3889
4804
9380
5816
9801
6881
9624
9200
3210
8871
9970
1
1395
1915
7155
7769
1851
9515
2867
5533
1869
9826
5163
4450
699
9868
7089
1
6614
8735
5024
1024
6034
2568
9804
2310
4669
3019
7047
7894
6587
8834
8760
7696
1800
1137
9617
2895
5829
4244
2589
6626
6486
1685
1665
3368
2765
483
9120
2990
1432
9471
1
8125
9871
5713
9647
7545
3490
2264
1303
1909
8416
2000
9753
7773
9573
7912
3051
7734
3156
3885
4171
6485
4595
1684
9769
8213
8871
9927
5087
9312
2976
7258
1754
9537
8605
8772
1
450
5277
6374
690
5497
8749
952
745
1
5927
3101
519
6773
4341
5851
5917
625
9696
3692
9194
2584
7738
4944
4746
6741
9704
3025
9256
4171
6467
8118
6337
1
3936
5377
1366
8075
3265
5042
4117
9595
7667
3630
1505
5114
4516
5247
2355
9331
8222
5462
6970
2009
3799
6105
6577
9283
6817
3580
4854
579
3080
704
3100
5618
1418
4290
5538
4482
9049
3730
4375
6088
7240
6517
5301
6552
8193
9835
9058
3661
3373
7698
7851
5494
1468
112
8442
1650
8001
4194
1
3749
5553
9702
7942
9276
6299
6698
2598
7560
8472
7401
1
1589
4296
4409
8687
5134
4134
8206
5796
3877
3535
3292
1921
8174
6512
6242
9678
2605
8106
925
7482
4519
895
836
5117
9857
1380
9456
5279
6047
1428
5434
4580
7553
5498
7141
605
5944
5762
1626
9184
1868
542
6549
2438
6787
6722
660
1904
4654
7005
6074
641
1
780
5277
9786
9690
2123
6109
5903
7411
5605
4709
9359
2397
5564
3524
2589
3266
8406
2259
2485
1443
5006
3377
4714
4950
4254
5947
7982
1127
732
8365
3181
8515
5803
3178
5324
8032
2849
3302
1
7455
3699
7948
1859
1884
9519
5730
4105
4018
1307
8074
1148
2129
7682
7764
3767
7982
5279
1493
5227
6105
991
2502
8832
9551
3338
8270
3453
1
9172
2471
941
5303
9293
8569
1282
948
4005
6113
1
8135
8648
9543
731
6995
6666
824
8925
2562
3596
6319
8497
6525
4746
8475
6909
7421
3371
6457
1
8039
4351
7151
569
3875
7891
4940
1073
2371
2630
2608
5985
6743
4786
1793
1937
5012
6383
2379
2666
5727
8149
2448
1758
9564
2913
7118
7182
2148
6153
926
9448
8219
1
4232
6745
9433
3647
3352
6799
2520
5600
3975
5428
1286
2922
8529
3430
664
2392
3795
7876
9633
7177
1339
1841
6695
6477
4357
7506
7122
9916
5708
3124
3620
1045
3586
1945
5203
1
2821
1354
4304
1936
2419
8830
5301
9679
8165
1
3584
3437
6035
9700
8825
2541
6508
1215
5153
8575
7375
5287
1
9297
4002
1
2210
5298
5970
4422
3854
3067
9893
4662
5537
9854
3958
9051
7352
4453
8234
2763
1
1705
7775
4719
9508
2754
8218
4160
2297
1
6043
8898
1509
8749
7971
2935
3710
9730
1955
1241
3302
9802
2726
7597
4910
3786
1227
6200
2679
3273
6120
1
6379
3973
1473
1067
4598
2032
6137
2273
7078
9032
9540
5428
1777
9078
3627
1291
2447
7894
2334
2051
5240
3325
9016
5642
9016
5903
6088
2660
2977
6896
6585
8667
1172
2529
6457
1
1354
2414
4794
7790
1230
9178
5903
8531
3480
1934
1
8817
2268
9491
8051
7633
7080
1797
3383
9672
7321
1572
6041
7551
6114
2411
1678
5548
4311
7188
4919
6766
1280
9161
8830
5646
8150
9224
5646
9315
1269
4615
6066
4669
4643
2599
517
8884
5443
8152
878
7040
2402
7564
2459
6652
1
4602
9901
6772
3579
9066
7111
7250
1311
4853
5887
4769
1787
5558
9056
9753
3956
9425
7211
8219
6348
8837
496
2959
4752
9898
4115
5191
3722
7574
5831
1
8112
6657
8299
4752
6179
7349
7849
601
1
5293
1627
5529
3433
9149
1
790
6238
6022
9190
2643
4602
964
5677
7168
6000
8366
6178
7400
8362
5472
8309
8494
9277
2701
2247
1533
6753
6404
1707
6038
8595
1856
6257
1
9758
6596
1421
6784
8120
9918
1649
9897
3486
5587
7179
5392
9984
4515
1
4220
9831
1
5424
8422
1
964
3526
9569
5469
2360
5524
5020
7904
9504
979
7562
3263
7905
8533
3712
2820
3760
6852
5511
2953
9978
3040
6612
4922
4586
8190
3398
3171
8339
453
7626
5507
3125
5474
3103
8867
7126
9649
7482
6462
8671
7678
6648
8598
3386
1
3192
3139
5381
2899
609
9761
3244
3750
2938
3304
9711
3661
7297
6834
1900
643
7008
6890
9707
7886
2426
2319
4092
9893
3880
6592
2894
7735
9967
5323
9088
1186
8273
7835
8677
2421
1
3637
3410
5069
4369
4945
2932
5470
942
9675
3051
4096
2306
7665
4098
2927
952
8354
4249
7442
1841
9726
7134
4918
8035
3963
9167
5333
8858
5542
3906
2077
1791
6456
2511
8395
8226
3749
9419
6355
8703
2287
1133
8871
6625
6219
9135
2357
4679
5727
4906
9349
9404
986
6724
8048
5811
9095
9233
8328
5844
5789
1032
8797
3928
9859
2635
797
8170
3561
2435
5483
3968
2386
8519
6697
5094
3410
4781
8563
2240
1743
2624
3863
8428
2585
2856
7706
9545
7919
7873
6807
5185
7600
7505
4071
5184
4681
8898
3847
6211
1225
4326
4194
6719
8044
5237
4047
2692
4107
3941
5446
2299
1283
565
2211
6407
5574
5256
2288
9724
1022
1097
4599
7266
6666
9564
4954
9673
8528
5757
7169
513
6688
9564
8931
4077
6634
7706
3664
9661
6730
4434
9542
6491
6644
8793
6002
8083
1140
5519
6499
2089
5095
4036
6807
2472
1535
9449
8174
5467
622
3232
7171
719
2302
1828
7009
1391
2449
4002
9685
4933
3774
1635
7438
1272
4193
6712
7058
1
7661
7079
9431
5158
7988
1583
5366
6989
2134
9061
6860
9392
1
9844
516
9929
5412
769
8542
6477
7349
3990
5745
3902
2087
1
5935
9463
9661
5120
1
8640
6880
1816
4392
1
8345
6914
6983
5974
1942
3116
7119
1071
7225
2505
7520
9075
8951
3431
9704
6627
1391
6312
1
9467
7720
5818
562
694
4402
3979
3773
6077
5071
6305
1664
5432
9181
1172
7838
2454
4021
4229
8156
1059
5884
6745
5059
8989
3454
3904
5142
3747
7462
1697
4802
2848
812
3022
8506
7323
1
4741
1126
4416
8132
876
9299
8447
6838
2601
7091
8562
3942
3401
7576
5836
1
7593
9226
2744
1
1094
7436
1946
5734
9117
8807
6497
8781
3652
3987
7402
8192
3253
4674
7302
4298
3436
1500
3202
3271
1690
8228
9063
4204
1
6824
7167
9369
2277
4397
9759
1
8023
2856
3202
6614
5532
799
8881
6048
3961
3878
8069
1
1995
5699
2698
784
1
9598
1576
1
4493
5304
5801
4607
2574
569
7155
4021
4471
1840
3885
7096
3863
2017
1581
1707
9845
5433
5758
6122
1748
1067
1002
6946
1096
6924
6076
4846
9938
7354
2695
4209
2856
7487
6213
2489
1
6681
6777
2946
8730
3986
943
9328
2931
5099
8820
6270
4011
7806
8625
5671
7961
6311
8187
1
8311
3200
1114
1
2918
6000
6006
5681
1
8981
4367
3155
2021
3545
6651
1
9011
5186
1
9446
2552
5543
5103
7583
1694
7719
1
3802
6700
6411
2631
6537
6700
9943
6804
9598
6123
681
8080
8487
9463
7301
4880
2032
3008
4384
5165
6351
2882
9502
3072
6204
1
2494
7276
4201
892
8460
4169
2461
4742
8662
2894
6528
1508
2557
1148
4257
3698
6897
5090
4630
5369
6679
2863
1168
6770
7416
1485
5044
644
8550
5705
5867
4738
7317
2790
1181
5450
1690
3322
3655
3259
5628
8908
3938
1
5291
8271
1243
3202
6132
5017
8550
4991
3139
6797
2010
7377
5537
1972
9312
4492
5419
9835
5963
5370
2030
2663
2665
1520
870
3726
2424
4072
3971
5131
5261
1790
8524
9144
4285
5466
2798
1313
6022
8405
4058
9572
4332
7358
5229
2994
955
8918
577
1619 4971
2966 8214
2566 7488
608 1697
2317 7339
1340 3879
3273 9920
2708 8162
3055 9585
813 2586
