10000 400
1
1
1
6052
1
1
3692
1
1
3138
1
1
4253
1
1
1
1
1
1
1
1
1
1
1
1
3576
1
1
1
1
8306
3056
5462
7597
1
1
1
6258
1
1
4199
1
8119
1
1
9775
1
1
1
1
1
9543
1
1
1
1
1
1
1
1
7876
1
1
1
1
1
1
1
8383
1
1
1
1
1
1
1
1
1
1
3317
1
1
1
1
6517
1
1
1
1
1
1
1
1
1
1
1
4096
1
3375
1
1
1
1
1
1
6182
1
1
2400
1
9250
4027
7218
1
1
1
1
1
1
1
1
8651
1
1
1
2505
1
1
4373
9652
1
1
1
9692
9112
1
1
3921
1
1
1
1
1
1
1
1
1
1
1
1
1
1
1
1
1
1
1
1
1
1
8270
1
1
1
1
1
1
1
1
9024
1
1
4913
1
1
1
1
1
1
1
1
1
1
1
1
1
1
1
1
1
1
1
1
1
1
1
1
1
1
1
1
1
1
1
1
1
4514
1
1
1
1
2852
1
1
1
1
1
2872
1
5772
1
1
2467
1
1
1
1
1
1
1
1
1
7560
1
1
5888
4719
1
1
1
1
1
1
1
1
8052
4188
4064
7241
1
1
1
4674
1
1
1
1
9140
1
1
1
1
9176
9515
1
1
1
1
1
1
1
1
5564
6508
1
1
1
1
1
1
1
1
1
2015
1
1
1
1
6923
1
1
1
1
6490
1
1
1
1
1
1
1
3215
1
1
1
1
1
1
1
1
9048
1
1
1
1
1
7837
1
4392
1
1
1
1
1
1
1
1
1
1
1
1
1
1
1
1
1
1
1
7828
1
7696
8298
1
1
1
1
1
1
1
4774
1
1
1
1
1
1
1
1
1
1
1
7067
1
1
1
1
7074
1
2347
3701
1
1
1
1
1
1
1
1
1
1
1
1
1
1
1
1
1
1
1
1
1
1
2196
3186
5689
1
1
1
1
1
1
1
7661
1
1
1
1
1
1
2208
1
1
1
1
1
1
7276
1
1
1
1
1
5192
1
1
7646
6820
1
1
1
1
1
1
1
1
1
1
1
7592
6076
5800
1
4160
1
1
1
1
1
1
1
1
9982
1
1
1
1
1
1
1
1
1
1
1
1
1
1
1
7363
1
1
1
1
3471
1
1
1
1
1
2520
1
1
1
9578
1
1
1
1
1
4787
7629
1
1
1
1
1
1
1
1
3687
1
7502
5066
8203
1
1
1
1
9083
1
8381
1
5249
1
3842
1
9855
1
1
1
1
1
1
1
1
4836
1
1
1
1
5509
8500
1
1
1
9455
1
1
1
1
7254
1
1
6416
1
1
1
1
1
1
7494
6795
1
1
1
1
1
8170
1
1
1
1
1
1
1
1
1
1
1
1
1
1
7643
1
1
1
1
1
1
1
1
1
1
1
1
3446
1
1
6434
8579
1
1
1
1
1
1
1
1
1
3389
1
1
1
1
1
1
1
1
1
1
1
7278
1
9201
1
1
1
1
1
4044
1
1
1
1
1
5439
1
1
6061
1
1
1
1
1
5205
1
1
1
1
2731
1
1
1
1
1
1
7795
1
1
1
1
1
3906
1
4821
1
1
9651
1
1
1
1
1
4544
1
1
1
1
1
1
1
1
1
1
1
5920
1
1
8384
1
1
1
1
4778
4850
1
1
1
1
1
1
1
6649
1
1
1
1
1
1
1
1
1
1
1
5847
1
1
1
1
1
1
1
1
1
1
6521
1
9112
1
1
1
4374
1
1
1
1
1
7904
2727
1
1
1
1
6703
1
1
1
1
1
1
4778
1
1
7314
1
1
1
8544
1
1
1
1
1
1
1
1
1
1
2716
1
1
1
6038
1
1
1
1
1
1
1
1
1
1
1
1
1
1
1
2981
8496
3893
1
8986
1
1
3201
1
1
1
9639
5699
1
1
1
1
1
1
1
5879
1
1
1
5231
1
1
1
1
1
1
1
2126
7692
1
8363
1
1
1
1
9617
1
6961
4927
1
1
1
6576
1
1
5098
7427
1
8379
8128
1
1
9123
1
1
1
1
1
1
1
1
1
1
1
5030
1
2643
1
1
7519
2591
1
1
1
1
1
1
1
1
1
1
1
1
1
5511
1
1
1
6955
1
1
1
5428
1
1
6437
1
1
1
1
1
1
4004
5176
1
4153
1
1
1
1
1
1
1
1
1
1
1
6876
1
1
4265
1
1
1
1
1
1
7414
1
2423
8996
1
1
1
2309
1963
1
1
1
1
1
5316
1
1
1
1
1
1
1
1
1
1
1
1
1
1
1
1
5888
1
1
1
1
1
1
1
1
1
1
1
1
1
1
1
1
1
1
1
8708
1
1
7218
1
1
1
1
7573
1
1
1
1
1
1
1
5157
1
1
8745
1
1
3121
4060
1
9989
1
1
1
3057
1
1
4690
1
1
1
1
1
1
4505
8152
1
1
8224
1
1
1
1
1
1
1
1
1
1
2499
1
8137
1
1
1
1
2957
1
1
1
1
2764
1
1
1
1
1
1
1
9833
1
1
1
1
1
1
1
5358
1
4054
4483
1
1
1
1
1
1
1
1
1
1
1
1
1
1
1
7849
1
1
1
1
1
1
8730
1
1
1
1
1
1
1
1
6028
1
2074
1
1
1
1
1
1
1
1
4776
5522
1
1
1
1
1
1
1
1
1
1
8842
1
1
1
1
1
7732
1
1
1
1
1
1
1
9575
1
1
1
1
1
3122
1
1
1
7543
1
1
1
7442
3996
3512
1
6787
8266
1
1
8978
1
1
1
1
1
1968
7499
1
1
1
1
1
1
5466
1
3411
7313
1
1
1
1
1
1
1
5527
1
1
1
1
1
1
1
5666
1
1
1
6370
1
1
1
4104
1
1
1
6592
1
1
1
1
1
1
1
1
1
1
1
1
1
1
1
1
1
1
1
1
1
1
2972
1
1
1
1
1
1
4764
1
1
1
1
1
1
1
1
1
1
1
1
1978
1
1
1
1
1
1
1
5145
1
1
1
1
3250
1
1
1
1
4678
2748
1
1
3894
1
2148
1
1
1
1
2112
8590
1
7313
1
1
1
1
1
1
1
1
9747
1
1
1
1
1
3386
1
1
1
1
1
1
9876
1
1
1
1
1
1
1
7623
1
1
1
1
1
8014
1
5076
1
1
1
4089
1
6442
1
1
1
1
5756
7060
6625
9478
1
7062
1
1
1
1
9565
1
1
9327
1
1
9742
1
7720
1
1
2834
1
1
1
2833
1
1
1
1
1
1
1
1
3775
1
1
1
1
1
1
1
1
1
7088
1
1
1
9582
1
1
1
6552
1
7430
1
1
1
1
1
1
1
1
1
1
1
1
1
1
4249
1
1
1
1
4290
1
1
1
9483
1
1
1
1
1
1
1
1
1
6871
4496
1
1
1
8736
1
1
1
1
1
1
1
1
1
9520
1
4337
1
1
1
1
1
8203
1
1
1
7560
1
2220
1
1
1
1
1
1
1
1
4526
1
1
1
6955
1
1
1
6127
1
1
1
1
1
1
1
1
1
5137
1
1
1
1
1
1
1
1
1
1
1
1
1
1
1
1
1
6399
1
1
1
4818
8792
1
1
1
1
1
1
1
1
1
6607
1
1
7916
1
1
1
1
1
1
4732
1
1
8430
1
1
1
1
1
1
1
1
2246
1
5095
1
1
1
1
1
1
8880
8354
1
1
1
1
1
1
5341
1
1
1
1
1
2872
1
1
1
1
1
1
1
1
1
4561
2172
1
1
1
1
1
1
1
1
1
4774
1
3848
1
1
1
3633
3820
1
2846
4749
1
1
1
1
1
1
1
1
1
8445
1
1
1
1
1
1
1
1
1
1
3033
1
1
1
1
1
1
1
1
1
1
9472
1
1
1
1
1
1
1
1
1
5219
1
1
3399
1
8732
1
1
1
1
1
1
1
8901
1
1
7897
1
4940
5479
1
1
9484
1
1
1
1
1
1
1
1
1
1
1
1
1
1
1
2407
3776
1
1
1
1
1
7305
1
1
1
1
1
1
1
1
1
6075
1
1
1
1
1
1
1
1
1
1
1
1
1
1
1
1
1
1
1
7180
1
8328
1
8833
1
2179
1
6556
1
1
1
5996
1
1
1
1
8047
1
3595
1
1
1
1
1
1
1
5214
1
1
1
1
1
1
6388
1
1
1
5538
5056
3882
1
1
1
1
1
2651
5640
1
1
1
1
9055
1
1
1
1
1
1
7122
1
1
1
1
1
1
1
1
1
1
6141
9026
1
2526
1
1
1
1
1
8867
1
3347
1
1
1
1
1
1
1
1
2650
1
1
1
8008
1
3461
1
1
1
1
1
4624
1
1
1
1
1
3413
1
1
1
1
1
1
1
7130
1
1
1
1
1
1
1
1
1
3188
1
1
1
1
1
1
1
1
1
2460
1
1
4636
1
1
1
1
1
7337
1
3863
1
1
2844
1
1
1
1
1
1
1
1
1
8417
1
1
1
1
6289
4204
1
1
1
1
1
1
1
1
1
1
1
1
1
1
1
1
1
1
1
4558
1
1
8198
5514
1
1
1
1
6280
1
1
3358
1
1
1
1
1
1
1
1
1
1
1
7952
9710
1
1
1
1
1
1
1
1
1
1
1
1
1
1
1
1
1
1
1
8249
1
1
1
8000
4191
1
1
3936
1
1
1
5926
1
4352
1
1
3124
1
1
5595
1
1
2611
1
1
1
1
1
6655
5827
1
1
1
1
1
1
1
1
7482
6898
1
1
2709
1
1
1
1
1
1
1
1
7793
1
1
1
1
6711
1
1
1
1
1
1
1
1
1
1
1
7820
4427
1
1
1
1
4864
8885
1
1
1
1
1
1
1
1
1
1
1
6833
1
1
6230
1
1
1
1
1
1
1
1
1
5370
1
8797
6603
1
1
2962
5577
1
1
1
9832
1
1
8984
3753
8691
1
3547
1
1
1
1
1
1
7394
4217
1
1
1
1
1
5255
2291
2282
8827
6892
1
1
1
6248
1
1
1
1
1
1
1
1
5374
9539
1
1
1
1
1
1
3108
3817
1
4445
5699
1
1
1
1
1
1
1
1
1
1
1
1
5403
1
1
1
7203
1
1
5926
7530
1
1
1
1
7331
1
1
6548
5227
4029
1
1
4709
1
7446
1
3437
1
9730
1
1
1
1
1
1
1
1
1
1
1
1
1
1
7422
1
2999
1
1
6169
1
1
9185
1
9483
1
1
1
1
5292
1
1
1
1
7722
1
1
2624
1
1
2334
1
1
1
1
1
1
1
1
1
1
1
5422
1
1
6652
1
3503
1
1
1
1
1
1
1
1
8520
1
1
1
1
1
1
1
1
1
1
1
1
1
1
1
1
1
1
1
7668
2720
1
1
7610
1
1
1
1
1
1
1
1
3768
1
1
1
1
4463
1
1
1
1
1
1
1
8556
4277
1
1
1
1
1
9169
1
1
2547
1988
1
1
1
1
1
1
1
1
1
2434
1
1
1
1
1
3788
1
1
1
1
7894
1
1
1
1
7130
1
1
1
8752
1
1
1
3645
1
8712
1
1
1
1
1
1
1
1
1
1
3814
1
1
6334
1
1
1
1
1
5516
1
1
3949
1
1
1
3948
1
9374
1
1
1
1
2193
1
1
7399
1
4939
1
1
1
3572
1
3470
1
1
4428
1
1
7869
1
1
1
1
1
1
1
1
1
2954
1
1
4384
1
1
1
1
1
1
1
1
1
1
1
1
2
8976
1
1
1
1
1
6260
1
1
1
1
1
1
1
9518
4651
1
1
2039
1
1
1
1
1
1
1
1
1
4076
1
1
7356
1
1
1
1
1
5937
1
1
1
1
1
1
1
5435
1
1
2830
1
1
1
1
1
1
1
1
1
5553
1
1
5314
1
1
1
1
1
1
1
2378
1
1
1
1
7400
1
1
2287
1
1
1
1
1
1
1
1
1
1
1
1
4631
1
1
1
1
1
1
1
9617
1
1
1
1
1
1
5880
1
1
4013
4208
1
1
1
3404
1
1
1
1
5924
1
9699
2898
4026
1
1
1
1
1
1
1
1
1
2391
2243
1
9895
1
1
1
1
1
3902
1
1
6276
1
1
1
1
1
1
1
1
1
1
1
1
1
3066
1
1
1
1
9599
1
9663
1
1
1
1
5103
1
1
1
1
1
1
2913
1
1
1
1
1
1
1
4904
1
1
1
1
1
1
4640
1
1
1
1
1
1
9373
7381
1
1
4257
3623
1
1
2348
1
1
1
8745
2430
5670
1
1
6235
6010
1
1
1
3696
1
5967
1
1
1
1
9802
1
1
1
1
1
8628
1
2031
1
1
4783
1
1
1
1
1
7684
6458
4395
1
1
1
1
1
7854
1
1
1
2015
1
7764
1
1
3752
1
1
1
1
2010
2877
1
1
1
1
1
5869
1
1
1
1
1
1
1
1
1
4696
1
1
1
5105
6687
1
1
8151
2366
1
1
1
7008
1
1
5991
1
1
1
6368
1
7805
1
1
1
1
8090
1
1
7897
1
1
1
1
1
1
1
1
1
1
1
1
1
1
1
1
1
1
1
5191
1
1
1
1
1
1
1
1
1
1
1
1
1
1
1
5048
1
1
1
2212
1
1
1
1
3590
2038
1
1
6008
1
1
1
1
6831
1
1
1
1
1
1
2079
1
1
2375
4639
1
1
1
1
1
3074
1
1
3662
1
1
1
1
1
1
3141
1
4124
1
1
1
1
1
1
1
1
1
1
1
1
1
1
1
1
1
1
1
1
9087
1
1
1
1
1
1
1
1
6669
7101
1
1
1
1
1
9002
9540
4030
1
1
1
1
1
1
2688
1
1
1
1
1
1
1
2161
1
8428
1
5307
1
1
1
1
1
1
1
1
1
1
1
1
1
1
1
1
1
6139
7828
2109
1
1
1
3088
8018
1
1
6386
1
1
1
1
1
2754
1
1
1
1
1
1
1
1
1
1
1
1
1
1
1
1
1
1
1
1
7538
1
1
6175
1
6996
4179
1
2018
6741
8797
1
1
3213
1
1
1
1
1
9606
1
1
4943
5396
1
4755
1
1
1
1
5333
1
5626
1
1
5132
8263
6565
1
1
2685
1
4158
1
1
1
1
1
1
1
8012
4112
1
1
1
1
1
1
1
1
1
1
1
5484
4046
1
6556
3310
1
1
1
1
1
1
1
1
1
1
7999
6848
1
1
1
8285
4414
1
1
1
1
1
9373
1
6458
1
1
1
1
5235
9048
1
3754
1
1
1
1
1
1
1
1
1
1
1
1
7804
1
2479
1
1
1
4599
3645
1
1
1
1
1
1
1
1
1
3628
1
1
1
1
7028
1
1
1
1
1
6703
3182
1
9833
1
1
1
1
1
6756
8343
1
1
1
1
1
1
1
1
8093
7436
2420
4458
1
1
1
1
1
7293
1
5545
8518
1
9180
1
1
1
1
5727
1
1
1
7113
1
1
1
1
1
1
1
1
1
1
6084
1
1
1
1
1
4936
3670
1
1
1
1
1
1
7406
1
1
1
9068
1
1
1
1
1
1
1
1
1
1
7376
1
1
1
1
1
1
4594
1
1
1
1
1
1
1
1
1
6225
1
8825
1
1
1
3709
1
1
1
1
1
1
1
1
7534
1
1
3611
1
1
1
1
1
1
1
1
1
1
1
1
1
6703
6125
1
9895
7030
1
1
8719
1
7060
1
1
1
1
1
1
1
1
1
1
1
1
1
1
1
1
1
9007
1
1
1
1
1
1
1
1
1
1
1
1
1
1
1
1
1
6991
1
1
1
1
5944
1
1
1
1
7286
1
1
1
1
1
3306
1
1
1
1
1
1
1
1
1
1
1
1
7382
1
4297
3157
5318
1
1
6267
1
1
1
1
6678
1
1
5709
1
1
1
1
1
9333
1
1
1
1
1
1
7200
9046
1
3921
1
1
8255
1
1
1
1
1
1
6780
1
1
1
1
1
1
1
1
1
1
1
1
1
1
1
1
1
1
1
1
1
1
2629
1
1
1
1
5332
8652
1
1
1
1
1
5066
1
1
1
6833
9089
1
1
1
1
6571
3257
1
9342
1
1
7653
1
1
3581
1
3965
1
1
7226
1
1
1
1
1
1
1
1
8932
1
1
1
1
2182
1
3936
4999
1
1
1
1
1
1
1
1
1
1
2510
1
1
1
1
2871
1
1
3020
7308
1
1
1
1
1
3112
1
1
8306
9098
1
1
1
1
1
1
1
1
3982
1
3526
3219
1
1
1
1
7860
1
1
1
1
1
1
1
1
1
1
1
1
1
7157
1
5351
1
1
1
4881
1
1
1
1
7179
1
1
1
1
7292
1
1
5624
1
1
1
1
4761
9244
1
1
1
6130
1
1
1
1
1
1
1
1
3982
1
1
1
1
1
1
1
1
1
4022
1
1
6294
1
1
1
1
1
1
2795
1
1
1
5722
8919
1
1
1
1
1
5484
1
1
1
1
1
1
1
1
1
4080
2350
2867
1
5416
1
1
1
1
1
1
1
1
7329
3640
1
9603
1
1
5866
1
1
1
1
1
1
1
1
1
1
1
1
1
1
1
9686
1
1
1
8445
6655
1
1
1
1
1
1
1
1
3684
8580
9307
1
3486
1
1
4496
6616
5027
1
5586
1
1
1
1
1
1
7592
1
1
1
1
1
1
1
1
1
1
1
1
1
1
1
1
9603
1
1
1
1
1
7888
1
7611
1
1
1
1
1
1
3338
1
1
1
2173
1
1
7938
1
1
1
1
1
1
1
1
1
7656
1
1
1
1
1
1
5150
1
5564
8172
9146
1
1
4880
1
1
1
4735
1
6896
1
1
9388
2809
1
1
1
1
1
1
1
1
2450
3859
1
1
1
1
1
2579
5405
1
1
4864
1
1
1
1
1
1
1
1
1
4296
1
1
1
1
1
3007
1
3747
1
1
5165
1
1
1
1
9257
1
1
1
1
1
1
9023
1
8292
1
1
1
5572
5903
1
2638
1
1
1
9284
1
8489
2664
1
1
1
1
1
1
1
1
1
1
1
7483
1
1
1
1
1
9554
1
1
1
1
1
1
1
1
1
1
1
1
5064
1
4135
1
1
1
1
1
7862
1
1
1
1
1
1
1
4327
1
1
1
1
1
1
1
3848
3030
1
1
1
1
1
1
3554
8344
1
1
1
1
1
1
9399
1
1
2256
1
1
1
1
1
5364
1
1
1
1
1
1
1
1
7345
1
1
1
9261
4611
1
1
1
1
1
1
1
6859
1
1
1
1
1
1
5967
1
1
1
1
1
6998
1
8787
9628
1
1
1
2911
2063
5180
1
1
1
1
1
6454
1
7024
1
1
1
1
1
1
1
1
1
9953
1
1
1
1
1
6295
5039
1
7884
1
1
7108
2534
7978
1
1
1
1
1
1
9677
1
1
1
1
1
1
1
3693
8483
1
1
1
1
3980
1
1
1
1
1
1
1
1
3691
1
1
1
1
1
1
4850
5831
1
5310
1
1
1
1
1
3723
5439
1
5354
1
1
1
1
1
6923
1
3607
1
1
4960
1
1
7043
7453
1
1
1
7128
1
1
4727
9784
1
1
1
1
6401
1
1
1
1
1
1
1
1
1
1
1
1
4130
1
7341
1
1
1
1
8335
1
1
1
1
1
1
1
1
1
1
4802
1
1
1
1
1
1
1
1
1
1
3399
1
1
1
1
1
1
1
6515
1
1
1
1
6735
1
1
1
1
1
1
1
1
1
9444
1
1
1
1
1
1
1
1
1
9532
1
9709
1
1
1
1
1
1
1
1
9786
9304
1
1
1
1
1
3738
6791
5341
1
1
1
1
8184
1
1
3303
1
1
1
1
1
1
1
1
1
1
9315
1
1
1
1
1
1
1
1
1
4842
7798
1
1
1
1
2657
1
1
1
1
1
1
4716
1
1
1
3533
1
1
1
1
1
1
1
1
9096
1
1
1
1
1
4911
2302
6902
6847
9449
1
7780
1
1
1
1
1
1
1
1
1
1
1
1
1
6205
1
4207
1
1
1
1
1
1
1
1
1
1
1
5447
4225
1
2461
1
1
1
9411
6426
1
1
1
1
1
1
1
1
1
1
1
6825
3709
1
1
1
9630
1
9818
1
5110
1
1
1
1
1
1
1
2213
1
1
1
1
1
1
1
1
6632
1
2937
9220
1
8645
1
9779
1
1
1
1
1
1
1
1
1
1
1
1
1
1
1
1
4940
1
1
9807
2296
1
1
1
1
1
8457
1
9857
1
1
1
2690
1
5255
1
1
1
5901
1
1
1
1
1
1
1
1
1
1
1
1
1
1
1
1
1
2807
1
1
2864
1
1
3182
1
1
1
1
1
1
1
1
1
3840
9725
1
1
1
1
1
1
1
1
1
1
1
1
1
1
1
1
1
1
1
1
1
1
1
1
1
1
1
1
3442
1
1
1
3876
1
1
1
1
1
1
1
1
1
1
5852
1
1
1
3365
1
1
1
1
1
1
1
1
1
1
5552
1
1
1
6218
5390
1
1
1
7523
1
1
1
1
1
1
1
1
4230
1
1
9230
1
1
1
1
8450
1
1
1
1
1
1
1
1
1
1
1
1
1
1
1
1
1
1
1
8326
1
4723
1
1
1
1
1
1
1
1
1
1
1
1
1
1
1
1
1
1
1
1
9702
1
9645
9044
1
1
2749
1
3491
1
1
1
1
1
2143
1
1
1
1
1
1
1
1
1
1
1
1
1
1
1
1
1
1
1
1
1
1
1
1
1
1
1
1
1
5373
1
1
1
1
1
1
1
1
1
1
9799
1
1
8500
1
1
1
8569
1
1
1
1
1
1
1
2770
1
1
1
4111
1
1
1
1
1
1
1
1
1
1
2137
1
1
1
1
7297
1
1
1
1
1
1
1
1
1
1
1
1
1
1
1
1
1
1
1
1
1
1
1
1
1
1
1
2789
1
8849
1
1
4703
1
1
1
1
1
1
1
1
1
1
3363
1
1
1
1
1
3537
1
1
1
1
1
1
1
1
1
4539
1
1
1
2027
4352
1
8861
1
9020
1
1
1
1
1
1
2551
1
1
1
1
1
1
1
1
5538
1
1
1
1
8307
4114
1
1
1
1
1
1
1
1
1
1
1
6270
1
1
1
1
2334
3510
2223
1
1
1
1
6814
1
1
1
1
1
1
1
1
8738
1
1
1
2360
1
1
1
1
6972
1
1
1
1
1
1
8041
7780
1
1
1
1
1
1
1
1
1
1
7700
1
1
1
2190
1
1
1
5364
2908
1
1
1
1
1
1
2
1
1
1
3087
6537
1
1
1
1
1
4616
2551
1
1
1
4528
1
1
1
1
1
1
5438
1
1
2601
1
2109
1
4395
1
1
1
1
1
1
6944
1
1
1
1
1
1
1
1
1
1
1
7412
1
4071
3051
4812
1
1
1
5174
1
1
1
1
1
1
1
1
8972
1
6113
1
1
1
2095
1
1
8921
1
1
1
1
1
5999
8070
1
5978
1
1
1
1
1
1
1
1
1
1
1
1
1
1
1
1
1
5615
1
1
1
1
1
1
1
1
1
1
1
1
1
1
1
1
1
1
1
1
1
1
1
1
1
7726
1
1
4559
1
3267
1
1
1
1
5067
1
1
1
1
1
1
1
1
1
1
1
1
1
1
1
1
1
1
1
1
1
3662
1
1
1
1
1
1
1
1
1
1
1
1
1
1
1
1
1
1
1
7203
1
1
1
1
1
1
1
9134
6139
1
1
1
3871
1
1
1
1
1
1
1
1
1
1
1
1
4969
1
1
1
1
1
1
1
8156
1
1
9651
1
1
1
1
1
7449
1
1
1
1
1
1
1
1160
1
1
1
8768
2375
1
1
1
1
2234
7251
1
1
1
1
1
1
1
1
5196
1
1
1
1
1
1
1
9693
8919
1
6666
1
1
1
1
1
5595
1
1
1
1
8905
4962
8720
8688
1
1
1
1
1
1
1
1
8941
1
1
1
4324
1
1
1
8179
5497
1
1
1
1
5270
1
1
1
1
1
1
3766
1
2673
7755
1
1
6202
1
1
4977
1
1
1
1
1
1
1
1
1
1
9890
1
1
1
1
1
7837
4004
1
1
1
1
1
1
7270
1
1
1
1
1
5751
1
1
1
1
9474
1
1
1
1
1
1
1
1
1
1
6381
1
1
6988
1
1
1
1
9333
1
1
1
1
1
1
7866
4511
1
1
1
1
1
1
1
1
1
1
1
1
1
1
1
1
1
1
1
1
1
1
1
1
1
1
1
6056
1
1
1
3997
1
8777
1
1
1
1
1
1
1
1
1
1
1
1
1
1
1
1
1
1
3319
1
1
1
1
1
1
1
1
1
1
4747
1
1
1
9752
2902
9949
1
1
9623
1
5277
2084
1
1
1
1
1
1
1
1
1
1
9101
8746
1
1
1
1
1
2131
1
1
1
1
1
8280
3033
1
1
1
1
1
5553
3481
1
1
1
1
1
8944
1
1
1
1
3027
1
1
1
1
1
8059
1
1
1
1
1
1
1
1
1
5853
1
1
1
1
9225
1
1
1
1
1
1
1
1
1
1
1
1
6806
1
1
1
7715
1
9166
1
9428
1
4899
1
4371
6730
1
1
1
1
1
1
1
1
6559
1
1
1
1
1
7624
1
7155
1
1
1
1
1
1
1
1
1
1
1
1
1
1
1
1
1
1
1
1
1
1
1
1
1
5495
1
3056
1
1
1
1
5815
1
7475
5908
1
1
1
1
1
1
1
1
1
1
1
1
1
1
4496
1
3726
1
1
1
1
1
1
1
1
1
1
1
1
1
1
1
1
1
1
1
9278
8886
1
1
1
1
1
1
1
1
1
1
2784
9739
1
8809
1
1
1
3989
1
1
1
9518
1
1
9681
1
1
1
1
1
9320
1
1
1
1
1
1
3169
1
2948
1
1
1
4184
1
1
1
1
7668
1
1
1
1
1
1
6302
1
1
1
1
1
1
1
1
5081
1
9964
1
1
1
1
1
1
1
4575
1
1
1
1
1
1
1
9532
1
5595
1
1
1
1
1
1
1
1
2699
1
1
1
1
1
1
1
1
1
1
1
1
6613
1
1
3171
1
9867
1
3995
1
8571
1
1
1
1
1
6565
1
1
9912
1
1
1
1
1
1
7776
3514
1
1
5022
1
1
1
1
2059
1
1
1
1
1
1
1
1
3881
1
1
1
1
1
1
1
1
1
6638
1
1
1
1
1
1
1
2566
5827
1
1
1
1
1
1
1
1
1
1
1
2466
1
1
1
1
1
1
1
1
1
1
1
1
1
1
1
1
1
4408
1
3700
1
1
1
6618
1
5464
1
1
1
6844
9917
1
1
1
1
1
1
1
1
1
1
1
3295
1
1
1
1
1
1
1
1
1
1
1
1
1
1
1
1
1
1
8746
1
1
1
1
7786
1
1
8137
4917
1
1
1
1
1
1
1
1
1
8814
1
8026
1
1
1
1
1
1
1
1
1
9148
6755
1
6318
1
1
1
1
1
1
1
8513
1
1
1
1
1
1
1
4552
1
9157
1
9882
2234
1
1
9491
8637
1
1
1
1
1
1
1
6675
1
8852
1
1
1
1
1
5506
1
1
1
1
1
7068
1
1
1
1
1
1
1
1
1
8612
7651
1
1
1
4780
1
1
1
1
2495
1
1
4308
1
9570
1
1
1
1
1
1
1
1
1
1
1
3182
1
1
1
1
1
1
6727
1
8676
1
1
1
1
1
1
1
1
7619
7107
1
1
1
1
1
1
1
9708
7331
3341
1
7156
1
1
1
1
1
1
1
1
1
1
1
1
1
1
1
1
1
9865
1
2952
1
1
3644
1
1
1
1
1
1
8781
1
1
3972
5248
1
9960
1
2892
1
1
1
1
8602
1
1
1
9713
1
1
3048
1
1
1
1
9420
1
1
1
1
1
1
1
1
1
3493
1
1
1
1
8984
1
1
1
1
9596
1
1
5211
1
1
1
8128
1
3056
1
1
1
1
9941
1
1
1
1
1
1
1
1
3016
7508
1
6798
1
9756
1
1
6535
3730
1
1
1
1
8024
1
4651
1
7264
3291
1
1
8672
1
1
1
9403
7734
1
1
3371
1
4588
1
1
1
1
4044
1
1
1
1
1
1
1
1
1
1
1
1
1
1
1
1
1
1
1
7149
1
1
1
8968
1
1
1
1
7608
1
1
1
1
1
8217
3563
1
1
1
9867
1
9069
6308
1
1
1
1
1
9838
1
3127
1
1
4838
1
1
1
1
9816
1
1
1
1
1
1
1
1
1
1
1
1
1
1
1
1
1
1
1
1
1
1
1
1
3679
1
6807
9927
1
1
1
1
1
1
1
1
1
1
1
1
1
1
1
7360
1
1
9495
1
1
3165
8867
1
1
8354
1
1
3948
1
1
1
1
3375
1
1
1
1
1
1
3822
1
1
1
1
1
5774
1
1
1
1
1
1
1
1
1
1
1
1
8654
1
7212
1
1
1
1
1
1
1
1
9510
1
1
1
5715
1
1
1
1
1
5600
5632
1
1
1
1
1
1
1
1
1
1
7978
1
1
1
1
1
1
1
7651
1
1
1
1
2536
6318
1
3114
1
1
1
1
1
1
1
1
1
1
1
1
1
1
1
1
1
1
1
1
1
1
1
1
6493
1811
1
1
1
8322
1
1
1
1
2886
5580
2498
1
1
1
4457
1
1
7722
1
1
3507
7462
1
1
1
1
1
1
1
1
1
1
1
1
1
6015
1
1
1
4945
1
1
1
1
1
1
1
1
7153
1
1
1
1
1
1
1
3153
1
1
8955
3759
1
1
1
9223
5999
1
1
1
1
1
1
1
1
1
1
1
1
1
1
1
1
1
1
1
1
5000
6166
1
1
1
1
1
1
3164
1
1
1
9368
1
1
8609
6112
1
3459
1
1
1
1
1
1
1
1
1
1
1
1
1
5103
1
1
1
1
1
1
1
3001
7735
1
1
1
1
1
1
2365
1
1
1
1
1
1
1
1
1
3921
1
1
4772
1
1
4658
1
1
1
1
1
5680
1
1
1
1
1
9839
6041
1
1
1
1
3318
1
1
1
1
1
1
1
1
1
1
1
1
1
5186
8536
1
1
1
1
1
7504
1
1
3251
1
2002
1
1
1
9212
1
1
1
1
1
1
1
1
1
1
1
1
1
1
1
1
1
1
2935
1
3792
1
8152
1
1
1
1
6981
2697
1
1
1
1
1
1
1
1
1
1
2479
9969
6478
1
1
5039
1
1
1
6876
1
1
1
1
1
5304
1
1
6478
1
6762
1
1
1
1
1
1
1
1
9234
3638
1
9215
1
1
1
1
1
4409
1
5635
1
1
5650
1
1
1
9436
6351
1
1
1
1
1
1
8632
5136
1
1
4120
1
1
1
8470
1
1
1
1
1
1
1
1
1
1
1
8708
1
1
1
1
9253
5955
1
1
1
7096
1
1
1
1
1
1
1
1
1
1
1
1
1
1
1
5133
9179
2703
1
1
8843
1
1
1
1
1
4639
8634
8039
1
5916
1
1
1
1
1
1
1
3391
7917
1
1
1
1
1
1
1
1
1
4479
1
4019
8522
1
1
1
1
1
1
1
1
1
1
1
1
1
1
1
1
1
1
1
1
1
1
1
1
1
1
1
1
1
2002
9497
1
1
1
1
1
3798
8063
1
1
8311
1
9756
1
1
1
1
1
1
1
1
1
1
1
1
1
1
9810
1
5112
1
8048
1
8112
1
1
1
1
3628
1
1
1
1
1
1
1
1
6455
1
1
1
1
1
1
2442
1
1
6163
1
1
1
1
1
1
1
2101
1
1
6950
1
1
1
1
1
1
1
1
4826
1
1
1
1
1
1
9078
1
2602
1
1
1
1
1
1
1
1
1
1
1
5755
1
3619
1
1
7260
5030
6461
1
1
2413
1
1
1
1
1
1
4414
1
1
9127
1
1
8238
1
1
1
1
6280
7948
1
1
8699
1
1
1
1
1
1
1
1
1
1
2615
1
6643
1
1
1
1
1
1
1
1
1
5974
1
1
1
1
3916
1
1
1
1
1
1
1
9410
4438
6697
1
1
1
1
4217
3203
1
2734
1
1
7164
5676
1
1
1
1
1
1
1
1
1
1
1
5651
9884
1
1
1
1
1
1
1
1
1
9828
2927
1
4335
1
1
1
1
1
2092
1
2072
1
8375
1
1
1
1
1
1
1
1
1
1
1
1
1
1
1
1
1
1
1
1
7745
1
1
1
2986
1
1
1
1
1
3076
6072
1
1
4980
1
1
8172
1
1
1
1
1
1
1
1
1
4930
1
1
3295
1
1
1
6102
1
1
1
4890
6220
1
1
1
1
6761
1
1
1
1
1
1
7598
1
4718
7639
1
5774
1
1
5938
7135
1
1
1
1
1
1
6348
1
1
1
5162
3227
1
1
1
1
5262
1
6821
3274
9280
1
1
1
1
1
1
8578
1
1
1
3016
1
1
1
1
1
1
1
1
1
3564
1
1
1
1
3548
1
1
1
1
1
1
1
1
6055
1
1
1
8232
1
1
1
6621
1
1
1
1
1
1
1
1
1
1
1
1
1
1
6588
2855
6196
5504
1
1
1
1
1
1
1
3975
1
1
2250
1
7580
1
1
1
1
1
1
4845
1
1
1
1
1
1
1
1
1
1
1
1
2431
1
1
1
1
1
1
1
7933
1
1
3062
1
1
1
1
1
1
1
1
1
1
1
6972
1
1
1
4237
1
1
1
1
1
1
1
1
1
1
1
1
1
1
1
7567
1
1
1
1
1
1
6857
1
1
1
8331
1
1
1
4544
1
1
1
1
1
1
1
1
1
1
1
7533
1
1
1
1
1
1
1
1
1
1
1
1
8424
1
1
4571
1
1
1
1
1
1
1
1
3548
1
1
5738
9075
1
1
1
1
1
6691
1
1
1
1
1
1
1
1
1
1
1
1
1
1
1
1
4447
1
1
1
7012
1
5107
8443
1
1
1
1
1
1
7212
2588
6911
1
1
1
9328
1
2675
1
1
1
4491
4479
1
1
7929
2937
1
1
1
3450
1
1
7510
1
1
1
1
1
7662
7992
3424
1
1
1
1
1
1
1
1
1
9438
1
1959
1
1
9370
2566
1
1
1
1
1
1
1
1
5296
1
8866
1
1
1
5379
1
1
1
1
1
1
1
1
8695
4791
1
1
1
4196
1
1
1
7107
1
6063
1
1
1
7364
1
1
1
1
1
1
1
1
1
1
1
1
9442
1
6853
1
1
1
1
1
1
1
1
1
1
8087
1
1
1
1
1
2763
7450
1
1
1
1
1
1
1
5432
1
1
1
1
1
4422
1
1
1
1
1
7232
1
1
1
1
1
1
1
1
1
1
1
5840
1
9549
2261
1
1
1
1
1
1
1
1
1
1
1
8022
1
1
5896
6800
1
1
1
1
1
1
2530
1
1
1
1
1
1
1
1
1
1
1
1
2669
7822
1
1
1
1
1
3432
1
5985
1
6499
1
1
1
5951
1
2479
2597
1
1
5733
1
5774
1
1
1
1
1
1
1
2465
1
1
1
1
7960
1
1
1
1
1
1
1
1
1
1
5755
1
1
1
1
1
1
1
1
4971
1
5689
1
1
1
1
1
8512
3262
7449
1
2098
1
1
1
1
1
6307
5821
1
1
1
2811
1
1
1
6529
1
1
8098
1
4616
1
1
1
1
1
1
1
1
1
1
1
1
1
1
1
1
1
1
1
1
1
1
1
8063
1
1
1
1
1
6100
6179
2046
1
9031
1
1
1
1
1
1
1
1
2681
1
1
6327
4146
1
9166
1
1
1
5056
1
1
1
1
1
1
1
1
1
3477
1
1
1
1
1
1
1
1
1
4877
3101
1
1
1
1
1
1
1
1
1
1
1
1
1
1
1
1
1
1
1
1
3657
1
1
1
6521
1
1
1
1
1
1
1
1
1
1
1
2920
1
1
1
1
1
1
6508
1
5844
1
1
1
1
1
1
1
1
1
1
1
1
1
1
1
8070
8381
1
1
1
1
1
1
1
1
1
1
1
1
6019
1
1
1
1
8351
4681
1
1
1
1
1
4890
1
1
1
1
1
1
1
1
4262
1
1
1
8548
1
1
1
4288
6559
1
1
1
1
1
1
1
1
1
5731
1
1
1
1
1
1
1
3789
1793
1
7410
2733
1
1
1
1
1
8466
1
1
1
1
1
1
1
1
1
1
1
2995
2514
1
1
1
1
9463
1
1
1
1
1
7247
1
1
1
1
1
5964
1
1
5684
6422
1
1
1
1
8266
1
8253
1
4942
1
9507
1
1
4443
1
1
1
1
1
1
1
5589
1
1
1
1
1
1
8618
1
1
4514
5958
7916
1
3330
1
1
1
1
1
3789
1
6158
5691
7760
7796
1
2308
4206
1
5982
1
1
1
5607
1
1
1
1
1
1
1
1
4603
1
8466
5480
4119
1
1
4576
1
1
1
1
1
1
1
1
1
3353
1
1
1
1
1
1
1
1
1
1
1
1
1
5009
1
1
1
1
1
1
1
1
1
1
1
1
1
1
1
1
6714
7712
1
1
4672
1
1
1
1
8599
1
1
1
1
1
1
1
6731
1
1
1
1
1
1
1
1
1
1
1
1
5123
1
1
1
1
4093
1
1
6365
8407
1
1
3229
1
1
1
1
1
1
2813
1
1
1
1
7576
1
1
1
9007
1
1
1
1
1
1
1
1
1
1
7180
1
1
1
1
1
1
7225
1
1
1
1
1
1
1
1
2320
1
1
1
1
1
1
3266
1
1
1
1
1
1
1
1
1
1
4624
1
1
1
1
1
6006
1
1
1
1
1
1
3446
1
1
1
1
1
9138
1
1
1
1
1
1
1
1
5447
3588
1
6537
1
1
1
7707
7764
4261
1
1
1
1
1
1
1
1
1
1
1
1
1
4149
1
1
1
1
1
1
2801
1
1
1
1
1
1
1
8823
1
1
4579
1
1
1
1
1
1
8042
7233
1
1
1
1
6337
1
1
1
1
1
8880
1
1
1
1
1
1
1
1
7771
1
2297
1
1
1
9347
1
3081
1
1
1
1
1
1
1
1
9416
1
1
1
1
1
1
1
5282
1
1
1
1
1
1
5338
1
3382
1
6442
1
1
1
8500
1
1
4874
1
1
1
1
1
1
1
1
1
1
1
2668
1
4346
4977
4463
1
1
1
1
1
1
1
1
1
1
1
1
3414
1
1
1
9894
1
1
1
8897
1
5861
1
4552
6363
6215
3285
1
1
1
1
1
1
1
1
6586
1
1
1
1
9290
1
1
4170
1
1
1
1
1
9149
1
1
1
1
1
1
1
1
1
1
1
1
7065
1
1
1
1
1
1
9855
1
1
1
1
1
3276
1
2801
1
1
6359
1
1
1
1
4699
1
1
1
1
4661
1
1
1
1
1
5761
1
1
4359
1
7372
1
1
9406
6980
1
1
1
1
1
1
1
1
9747
1
7145
6926
1
1
5432
1
1
1
1
1
1
1
1
1
1
1
1
1
1
1
4108
1
1
1
8951
1
1
1
1
1
1
1
1
1
7964
1
1
1
9644
1
6124
1
1
1
1
1
1
2828
2783
1
1
1
1
1
7048
6399
2155
1
1
8434
1
1
1
1
1
1
7698
7273
1
1
1
1
9185
1
1
1
8914
7672
2977
3738
8952
1
1
1
1
2779
1
2750
1
3310
1
1
1
9924
1
2491
1
1
1
5221
5150
1
1
1
1
1
1
1
1
1
1
1
1
1
1
5747
3908
6474
1
1
5658
1
1
2446
1
3877
1
1
1
9993
1
1
1
1
7795
1
1
1
7135
1
1
1
1
1
1
1
1
1
2302
1
1
1
1
1
1
1
1
1
7559
1
1
9791
1
1
9591
1
1
1
1
1
1
1
8074
1
1
1
1
1
1
1
1
1
1
1
1
2552
1
1
1
3812
1
1
1
6041
1
1
1
1
1
1
1
1
1
1
1
1
6175
1
1
1
1
3324
1
1
1
2271
1
1
1
9116
1
1
1
1
1
5576
1
1
1
1
3001
1
1
1
1
1
1
6911
1
1
1
1
1
1
1
3544
1
1
1
8481
1
5720
1
1
9309
1
1
8553
1
1
1
1
1
1
1
1
8088
8661
1
7625
7173
1
8557
1
1
1
1
8700
1
1
5165
6149
1
1
1
1
4317
1
6192
1
1
1
1
1
9323
1
1
6864
7498
1
5874
1
1
1
1
1
1
1
1
1
1
1
1
1
1
1
6279
1
9839
1
7011
1
4238
1
1
1
1
1
1
1
1
1
2322
1
1
1
1
1
1
1
1
1
1
9965
2256
6929
1
1
1
1
1
1
6646
1
1
7583
1
1
1
1
1
1
1
3583
2615
1
1
1
1
1
1
1
1
6876
1
1
1
1
1
1
1
1
2988
1
1
1
1
9982
1
1
1
2789
1
1
1
1
1
1
5811
1
1
1
9786
2637
1
1
1
1
1
1
1
1
1
1
1
1
1
1
1
1
1
1
1
1
1
1
1
1
1
1
1
1
1
1
1
4683
4362
1
1
1
6604
9408
1
6433
1
9963
1
1
1
2130
1
7038
1
1
1
1
1
1
1
3205
1
1
1
3851
1
1
9268
1
1
1
1
1
1
1
5237
1
4395
1
1
1
1
1
7439
1
1
3481
1
1
1
1
1
1
9932
1
1
5282
1
6504
1
1
1
5020
1
1
1
1
1
1
7974
9254
1
1
1
1
1
1
5641
1
1
6380
6743
1
1
1
1
1
1
1
1
1
1
1
1
1
1
1
1
1
1
2857
1
1
1
1
6701
1
1
1
1
1
8438
6222
1
1
1
1
1
1349
1
1
6600
1
1
1
1
1
1
1
1
1
1
1
1
1
1
1
1
1
1
1
1
2608
1
1
1
1
9394
1
1
1
1
8892
1
1
1
1
1
2279
9272
1
1
8165
1
1
1
1
1
5893
1
1
1
1
1
1
1
1
8235
1
1
1
1
9039
1
1
1
4375
7953
1
1
1
1
1
5601
9246
1
1
3238
1
1
1
1
1
1
1
1
1
1
1
1
1
4304
1
1
1
1
1
1
1
8301
4524
1
1
1
1
1
1
1
1
1
1
1
1
1
1
1
1
1
1
1
1
1
1
1
1
9816
1
1
1
2227
1
1
1
1
1
1
1
1
1
1
1
1
2047
1
1
1
1
1
1
1
1
7748
1
2152
1
1
3736
1
1
1
1
1
9615
1
1
1
1
1
1
9193
1
1
1
1
1
8839
1
1
1
1
1
1
1
1
1
2894
1
1
1
1
1
6329
8368
1
6049
1
1
1
1
1
1
1
1
1
9736
1
1
1
1
1
1
8203
5799
1
1
1
1
4832
1
1
1
1
6883
1
1
1
1
1
1
1
1
1
1
5259
1
1
1
1
5167
1
1
1
1
1
1
1
1
1
1
1
1
1
1
1
1
1
1
1
1
1
1
1
9647
1
1
1
1
1
1
1
1
1
1
1
1
1
1
1
1
8774
1
1
1
1
1
1
1
1
1
1
1
9673
1
8279
1
1
1
1
1
1
1
1
1
1
1
1
1
1
1
1
8401
1
1
1
1
7050
1
5525
1
1
1
1
1
2965
5918
1
1
1
1
1
1
1
1
8933
1
1
1
1
1
1
1
2539
8399
1
1
1
7088
1
1
1
1
1
1
1
6484
7936
1
1
1
1
7264
1
1
1
1
1
1
1
1
1
4980
1
2580
1
1
1
1
1
5396
1
1
1
1
1
1
9457
1
1
1
1
1
1
1
2421
9356
1
1
1
7193
1
1
1
1
1
1
1
6940
1
1
1
1
1
1
1
1
1
1
1
2522
1
1
1
1
4233
1
1
1
9973
1
1
1
1
6119
1
1
1
1
1
1
1
1
1
1
1
1
1
1
1
9553
1
1
1
1
1
1
1
1
1
1
1
1
4306
1
1
1
1
1
1
1
1
1
9336
1
1
9898
1
1
1
1
8513
1
1
1
1
1
1
1
1
1
8354
1
1
1
1
2720
1
4898
1
6419
1
8596
1
1
1
1
1
1
1
1
4661
1
2628
1
1
1
1
1
1
1
1
1
1
1
1
1
1
1
1
1
2375
1
1
1
9587
1
6678
6737
1
1
1
1
1
1
1
1
1
1
8807
1
1
7186
1
8544
1
1
1
1
1
7914
1
6102
1
1
3419
1
1
1
1
1
1
1
1
1
1
1
1
1
1
1
2201
1
1
1
3350
6960
1
1
1
7376
1
1
1
1
1
1
1
1
1
9768
1
1
4744
1
1
1
1
1
1
1
1
3547
8958
1
1
1
1
1
1
1
1
6920
1
1
1
3199
1
1
1
2758
1
1
6406
1
1
1
1
3808
1
1
6659
1
1
1
1
1
1
6242
1
1
1
1
1
2570
1
1
1
2007
1
6784
2106
1
3436
5458
2344
1
1
1
1
1
1
1
1
3830
5774
1
1
3592
1
4070
1
1
1
1
1
1
5004
1
1
1
1
1
7965
1
2411
9669
1
6284
1
1
1
7844
1
1
1
3861
1
1
1
1
1
1
1
1
4154
1
1
1
1
1
1
1
1
1
8202
4990
8145
7450
1
1
1
1
1
1
1
1
1
1
8983
1
1
1
1
8119
1
6944
1
1
5820
9910
1
1
4282
1
6420
1
1
1
8225
4746
1
1
1
1
1
1
9940
1
1
1
1
1
1
1
7993
1
3242
1
1
1
1
4452
9003
1
1
1
1
1
5643
1
1
1
1
8530
1
1
1
1
5085
1
1
1
9298
4175
1
1
1
1
6754
1
1
1
1
3780
1
1
1
1
1
1
1
1
1
1
1
1
1
1
1
1
1
1
3120
1
1
1
9999
2924
5686
1
1
2166
1
1
1
8399
1
1
1
1
1
5231
5370
1
1
1
1
1
1
1
1
7436
9353
1
8568
6094
1
2179
2595
1
5048
1
1
7548
1
7888
1
4338
1
4309
1
2040
1
1
8089
1
1
4064
1
1
8459
5300
1
1
1
1
1
1
1
1
1
1
5793
1
1
1
8843
1
1
7972
1
1
1
1
1
9080
1
1
1
6996
1
1
1
1
1
1
1
1
8243
1
1
1
1988
1
1
1
1
1
1
1
1
1
1
1
1
9203
1
1
4267
1
1
1
1
1
1
1
1
1
2075
1
1
1
1
1
1
1
1
1
7314
1
1
1
1
1
1
1
8658
1
1
1
1
1
9064
1
1
1
3939
1
1
1
1
1
6898
1
1
1
1
1
1
1
8114
1
1
5999
1
1
1
2158
1
1
1
1
1
6028
1
1
8123
1
1
1
1
4583
1
1
7068
9312
5658
1
1
1
2275
1999
1
1
2930
1
9154
1
1
1
1
1
1
1
1
3145
1
1
1
1
1
1
1
8766
1
1
8787
1
9128
1
1
3876
1
1
5858
1
1
1
1
7047
1
8292
1
1
1
1
8638
4424
1
1
1
1
1
7877
1
2561
1
1
1
1
1
1
1
1
1
1
1
1
7018
4866
8018
8676
1
4855
1
1
5000
1
2374
1
2445
6250
1
1
1
9235
1
1
1
1
1996
4696
6209
1
1
1
1
1
1
1
2030
1
1
1
2108
1
1
1
1
1
1
8245
1
1
1
5738
2352
1
4608
6253
1
1
1
6389
1
9285
1
1
1
3949
6354
1
1
1
7489
1
1
1
1
1
1
1
1
1
1
1
1
1
1
3015
4236
1
7298
1
1
1
1
1
1
1
1
2268
1
1
1
1
1
1
1
3167
1
1
1
1
1
1
1
4366
1
1
3531
1
1
1
1
1
1
1
7017
1
1
1
1
7372
1
1
1
1
1
6078
1
1
1
8412
1
2322
1
1
4331
1
1
2220
1
1
2387
1
1
1
6755
1
1
1
1
1
1
5326
4075
1
1
9468
1
1
1
1
1
1
7887
1
1
3088
8803
1
1
1
1
1
1
3659
1
1
1
1
1
7975
5808
1
5792
1
1
1
1
1
9926
1
1
1
1
1
1
1
1
4135
1
1
1
1
1
8191
1
1
8936
1
1
1
1
1
3836
1
7553
1
1
4917
1
1
1
1
1
1
1
1
8608
6193
1
1
1
4516
3141
1
1
2976
1
9944
1
1
8475
1
1
6139
1
1
5420
1
1
1
3524
1
1
5068
1
1
1
1978
3964
1
1
1
1
1
1
1
8184
1
1
1
1
1
1
1
1
1
1
9557
6335
1
9713
1
1
1
1
3911
1
1
8617
1
1
1
1
1
1
1
1
8684
9769
1
1
2312
2744
5270
1
1
1
1
1
1
1
1
1
1
3461
1
1
1
1
1
1
1
1
1
1
1
7788
1
3612
1
1
1
1
1
1
1
1
1
1
1
8723
1
1
1
1
1
1
1
1
1
1
1
5411
1
3256
1
1
1
1
1
1
9385
3242
1
1
1
1
1
1
1
1
1
1
1
1
1
1
1
1
4467
1
1
8896
6 22
10 26
9 28
4 11
3 12
5 12
7 20
4 11
9 29
6 16
9 31
8 25
10 29
6 17
9 25
7 19
3 8
3 12
4 11
4 13
2 6
6 22
2 4
3 5
2 10
8 23
8 20
6 16
5 14
2 10
3 11
8 21
7 19
2 10
7 17
5 19
1 7
4 15
9 28
10 29
6 21
7 17
5 12
10 27
7 22
3 11
10 29
3 7
3 7
4 14
1 7
6 21
6 20
1 2
3 5
10 29
10 31
5 18
2 6
3 13
5 16
10 31
7 18
2 10
1 2
3 7
10 31
7 23
1 4
7 21
10 31
6 17
1 2
5 11
9 23
5 12
4 16
7 18
1 3
5 13
1 4
6 15
4 13
10 29
2 8
7 18
6 16
4 9
5 18
3 8
9 30
9 28
10 29
1 3
2 6
8 21
8 25
9 29
3 11
4 8
5 14
1 2
2 8
8 20
1 5
10 29
9 26
6 17
2 8
9 27
10 31
8 27
4 11
5 19
7 20
2 8
7 24
3 8
5 12
5 18
6 16
4 12
10 30
4 16
9 29
4 11
10 31
10 26
1 4
8 24
9 26
10 30
6 21
8 20
10 31
5 19
6 17
9 31
9 31
5 13
8 23
6 15
4 8
10 30
7 22
5 17
5 17
5 19
10 31
1 5
3 9
9 31
7 24
7 25
1 6
8 25
8 28
1 5
7 18
9 27
1 4
9 27
10 31
4 8
6 22
4 11
2 9
1 3
8 28
6 14
7 17
7 22
9 26
2 2
8 25
9 26
6 22
2 8
10 30
2 8
4 8
8 22
9 24
7 17
8 26
5 11
1 6
10 31
3 12
7 24
5 17
6 15
5 15
10 28
3 12
5 16
9 26
4 9
3 12
4 11
4 12
6 21
3 7
4 16
3 12
2 5
4 8
2 2
5 11
9 28
7 17
7 19
4 12
10 31
6 16
6 15
5 16
9 28
4 14
10 31
10 31
5 12
7 23
2 4
1 5
4 10
7 22
2 3
5 18
7 22
4 15
1 5
2 5
6 20
1 6
8 24
9 27
1 3
8 27
7 25
9 30
3 10
3 8
1 7
10 31
8 26
2 8
5 11
1 4
5 12
3 12
4 11
2 10
8 26
6 20
8 22
2 2
3 11
6 18
8 25
6 22
7 21
7 23
3 8
5 14
5 15
3 11
4 16
3 8
3 11
8 23
5 11
8 26
7 21
2 5
9 25
9 30
3 7
8 21
9 27
8 25
9 30
10 26
8 27
2 4
8 23
5 17
2 3
6 18
1 4
3 8
8 26
8 20
9 30
3 12
1 5
10 26
10 29
9 23
10 31
7 19
9 24
2 5
8 23
1 7
7 18
3 7
5 18
1 7
1 3
7 24
8 27
9 31
7 24
7 19
2 2
5 18
9 31
6 20
2 9
7 17
8 28
9 31
5 11
5 12
8 22
5 14
2 10
9 31
10 29
5 15
5 18
7 23
9 29
2 5
7 18
10 29
2 4
3 8
1 4
7 25
6 15
8 22
3 9
7 21
4 14
8 27
1 2
5 19
5 16
9 28
10 27
9 31
1 2
10 31
7 21
4 16
2 2
9 24
10 31
10 29
4 15
9 24
10 28
4 12
1 4
1 5
1 5
3 13
2 7
1 3
1 3
1 2
2 5
9 25
2 7
8 23
5 17
6 15
2 6
7 21
3 6
5 11
3 13
10 31
10 29
10 31
2 8
10 31
2 9
7 20
6 21
8 20
1 4
3 12
7 23
2 2
5 19
4 10
9 28
