1000 500
1
1
1
1
8974
1
1
1
1
1
1
1
1
1
1
1
1
1
1
1
1
1
1
1
1
1
1
1
1
1
1
1
1
1
1
1
1
1
1
1
1
1
1
1
1
1
1
1
1
1
1
1
1
1
1
1
1
1
1
1
1
1
1
1
1
1
1
1
1
1
1
1
1
1
1
1
1
1
1
1
1
1
1
1
1
1
1
1
1
1
1
1
1
1
1
1
1
1
1
1
1
1
1
1
1
1
1
1
1
1
1
1
1
1
1
1
1
1
1
1
1
1
6189
1
1
1
1
1
1
1
1
1
1
1
1
1
1
1
1
1
3139
1
4563
1
1
1
1
1
1
1
1
1
1
1
1
1
1
1
1
1
1
1
1
1
1
1
1
1
1
1
1
1
1
1
1
1
1
1
1
1
1
1
1
1
1
1
1
1
1
1
1
1
1
1
1
1
1
1
1
1
1
1
1
1
1
1
1
1
1
1
1
1
1
1
1
1
1
1
1
1
1
1
1
1
1
1
1
1
1
1
1
1
1
1
1
1
1
1
1
1
1
1
1
1
1
1
1
1
1
1
1
1
1
1
1
1
1
1
1
1
1
1
1
1
1
1
1
1
1
1
1
1
1
1
1
1
1
1
1
1
1
1
1
1
1
1
1
1
1
1
1
1
1
1
1
1
1
1
1
1
1
1
1
1
1
1
7061
1
1
1
1
1
1
1
1
1
1
1
1
1
1
1
1
1
1
1
1
1
1
1
1
1
1
1
1
1
1
1
1
1
1
1
1
1
4130
1
1
1
1
1
1
1
1
1
1
361
1
1
1
1
1
1
1
1
1
1
1
1
1
1
1
3546
1
1
1
1
1
1
1
1
1
1
1
1
1
1
1
1
1
1
1
1
2001
1
1
1
1
1
1
1
1
1
1
1
1
1
1
8342
1
1
1
1
1
1
1
1
1
1
1
1
1
1
1
1
1
1
1
1
1
1
1
1
1
1
1
1
1
1
1
1
1
1
1
1
1
1
1
1
1
1
1
1
1
1
1
1
1
1
1
1
1
1
1
1
1
1
1
1
1
1
1
1
1
1
1
1
1
1
1
1
1
1
1
1
1
1
1
1
1
1
1
1
1
1
1
1
1
1
1
1
1
1
1
1
1
1
1
1
1
1
1
1
1
1
1
1
1
1
1
1
1
1
1
9337
1
1
1
1
1
1
1
1
1
1
1
1
1
1
1
1
1
1513
1
8437
1
1
1
1
1
1
1
1
1
1
1
1
1
1
1
1
1
1
1
1
1
1
1
1
1
1
1
1
1
1
1
1
1
1
1
1
1
1
1
1
1
1
1
1
1
1
1230
1
1
1
1
1
1
1
1
1
1
1
1
1
1
5438
1
1
1
1
1
1
1
1
1
1
1
1
1
1
1
1
1
7133
1
1
1
1
1
1
1
1
1
1
1
1
1
1
1
1
1
1
1
1
1
1
1
1
1
1
1
1
1
1
1
1
1
1
1
1
1
1
1
1
1
1
1
1
1
1
1
1
1
1
1
1
1
1
1
1
1
1
1
1
1
1
1
1
1
1
1
1
1
1
1
1
1
1
1
1
1
1
1
1
1
1
1
1
1
1
1
1
1
1
1
4926
1
1
8042
1
1
1
1
1
1
1
1
1
1
1
1
1
1
1
1
1
1
1
1
1
1
1
1
1
1
1
1
1
1
1
1
1
1
1
1
1
1
1
1
1
1
1
6386
1
1
1
1
1
1
1
1
1
1
1
1
1
1
1
1
1
1
1
1
1
1
1
1
1
1
1
1
1
1
1
1
1
1
1
1
1
1
1
1
1
1
1
1
1
1
1
1
1
1
1
1
1
1
1
1
1
1
1
1
1
1
1
1
1
1
1
1
1
1
1
1
1
1
1
1
1
1
1
1
1
1
1
1
1
1
1
1
1
1
1
1
1
1
1
1
1
1
1
1
1
1
1
1
1
1
1
1
1
1
1
1
1
1
1
1
1
1
1
1
1
1
1
1
1
1
1
1
1
1
1
1
1
1
1
1
1
1
1
1
1
1
1
1
1
1
1
1
1
1
1
1
1
1
1
1
1
1
1
1
1
1
1
1
2368
1
1
1
1
1
1
1
1
1
1
1
1
1
1
1
1
1
1
1
1
1
1
1
1
1
1
1
1
1
1
1
1
1
1
1
1
1
1
1
1
1
1
1
1
1
1
1
1
1
1
1
1
1
1
1
1
1
1
1
1
1
1
1
1
1
1
1
1
1
1
1
1
5 18
8 20
7 19
8 23
9 26
3 6
4 16
1 4
7 18
6 17
8 20
7 18
7 24
3 7
4 15
8 23
1 2
4 13
5 16
10 30
3 8
1 2
5 19
3 5
10 29
4 16
6 22
9 29
10 28
2 4
10 27
6 18
6 15
4 8
7 25
5 14
1 7
10 30
4 12
10 29
9 29
1 3
1 3
6 15
1 6
10 31
8 20
4 12
8 23
10 28
4 9
3 9
6 18
1 6
6 19
10 30
5 16
1 4
6 17
8 24
1 3
1 5
4 8
8 24
7 18
9 31
8 21
10 26
1 4
8 23
10 30
6 19
5 14
8 25
10 29
2 8
10 30
5 13
8 26
2 5
10 26
1 2
6 17
8 23
4 15
8 22
9 28
2 2
10 29
5 16
8 27
10 29
7 25
6 19
10 31
4 16
9 27
2 8
9 26
3 6
9 25
9 23
1 5
7 24
2 5
9 30
1 2
4 14
8 21
10 31
7 21
3 13
9 28
5 14
4 9
2 9
1 5
10 31
1 4
8 27
1 3
5 13
5 16
2 6
7 18
4 16
8 21
10 30
7 21
8 23
3 5
4 10
6 21
3 12
7 24
4 15
6 18
3 5
2 5
3 8
1 6
7 21
2 5
4 12
2 5
1 2
1 2
8 28
8 21
6 22
3 9
8 22
10 30
9 31
3 11
9 28
9 31
4 9
2 2
1 4
9 31
6 20
5 15
9 30
6 19
3 8
6 16
8 27
7 23
1 2
8 28
9 24
8 20
10 30
6 17
7 21
5 15
8 27
3 12
8 22
7 24
9 28
7 19
7 21
6 16
7 22
9 27
5 19
6 22
8 23
2 3
3 8
3 9
5 17
7 19
4 13
10 26
6 22
2 3
9 26
8 22
3 7
3 9
6 19
9 25
5 16
9 30
5 14
4 13
4 16
10 29
2 7
9 26
1 7
5 13
2 4
5 18
3 12
7 18
1 5
7 20
9 28
1 4
4 12
3 8
6 15
9 23
6 16
10 27
10 29
6 15
4 13
1 4
2 5
10 30
1 7
9 24
5 14
1 2
1 2
2 6
3 12
10 28
2 5
8 21
1 2
3 6
3 7
2 2
7 24
7 18
10 28
8 20
8 21
9 28
7 25
6 15
1 6
10 29
3 10
4 9
3 9
3 7
9 23
1 4
1 2
4 8
5 19
7 22
5 12
8 24
5 14
8 20
2 5
8 24
4 13
3 6
6 19
6 15
10 29
4 15
5 19
9 31
7 25
1 2
8 20
1 6
4 14
2 2
2 6
4 16
8 21
7 21
3 11
1 2
1 2
7 23
2 8
8 24
8 25
2 7
3 7
2 9
10 26
3 8
10 31
10 29
7 25
1 3
5 16
6 17
4 12
4 11
3 11
5 18
6 20
7 19
3 12
10 29
8 23
1 2
5 17
6 20
9 26
4 14
1 5
1 4
2 7
3 12
8 26
9 27
4 14
6 20
1 2
3 6
7 25
10 28
7 24
2 5
10 29
4 14
1 2
4 15
9 27
6 22
7 18
2 4
5 18
9 27
4 9
8 21
2 9
10 30
4 11
6 18
7 20
6 22
10 29
3 9
8 27
6 19
4 8
9 30
10 31
10 31
2 6
9 25
8 24
10 31
6 16
9 28
1 4
3 12
1 3
9 28
7 17
6 17
2 3
3 12
9 31
10 28
10 30
5 14
6 14
2 9
3 9
1 2
6 14
8 22
10 28
10 31
6 18
4 10
9 27
2 5
4 15
10 29
1 4
1 3
8 28
2 8
10 29
3 13
5 19
5 15
7 22
3 9
7 19
7 17
7 23
2 5
7 22
10 29
5 14
1 3
3 7
9 24
7 22
6 21
8 28
10 31
6 16
3 12
4 8
10 30
6 22
4 13
2 8
1 4
8 27
3 9
8 24
7 18
6 15
10 26
9 23
3 12
7 25
9 25
10 26
3 12
8 25
9 24
5 15
6 14
5 16
5 16
5 12
9 26
8 26
5 11
6 15
7 25
6 17
1 3
5 17
3 5
10 26
2 9
9 26
6 16
4 8
6 14
3 10
3 9
8 21
2 4
8 27
7 20
6 20
6 21
9 31
9 31
6 17
7 20
4 15
9 28
1 2
6 20
2 6
4 11
5 19
7 18
1 4
7 22
4 11
1 4
3 5
2 6
5 19
3 11
2 8
2 4
8 26
5 11
5 18
5 18
2 3
5 19
8 23
