10000 500
1
1
1
1
1
1
7725
5131
1
1
1
1
1
9297
8440
1
1
1
7388
1
3085
1
1
1
7405
1
4596
1
8323
1
1
1
5719
5624
1
1
1
1
1
7208
1
2998
1
1
1
1
1
1
1
7936
1
1
5322
1
1
1
3520
1
1
1
1
1
1
1
1
1122
6501
6409
1
1
2255
1
1
1
1
1
1
1
1
3707
1
1
6656
1
1
1
1
1
1
8332
1
1
4489
1
1
1
1
1
1
4687
1
1
1
2448
1
1
1
1
1
4255
1
1
6768
1
7434
1
1
1
1
1
1
3468
1
1
1
1
4514
1
5193
1
1
1
3171
6819
1
1
1
1
1
1
1
1
1
1
1
1
1
1373
1
1
1
1
1
1
1
1
8779
1
4885
1
1
3525
6829
2647
5052
1
1
1
9327
7038
1
1
1
3276
1
5114
5037
6001
1
1
1
1
1
1
1
6058
1
1
2967
1
7667
1
1
8778
1
1
1
1
9186
1
1
1
1
5506
1
1
1
1
1
1
1
8014
1
5386
1
1
1155
1
1
1
1
1
1
4425
1
1
1
1
1647
1
9211
1
1
1656
1
1
1
1
9874
7138
1
1
4495
3424
1
1
1
1
1739
1
8669
3631
2427
8543
3025
2526
7198
3533
1
1
1
1
1
1
1
9695
1
1
1
1340
5134
5823
4626
9977
9043
1
1
1
1
1
1
2677
1
4724
1
1
1
8963
1
9748
1460
1
1372
1
1
1
1
1870
1
1
1
1
4411
1
1
1
5368
6338
1
1
1
1
1
2900
1
6085
8619
1
6813
1
1
1
1
4276
3816
1
8398
1
1
1
1
1
1
8617
1
1
2858
1
1
1
1
9425
1
1
3127
1
1
7519
1
1
1
9020
1
6175
7550
1
4615
1
1
4927
1
1
1
1
1
3018
3517
1489
1
1
1
8623
1
1
1
1
917
2840
1
4681
9000
1
8733
1
4080
9774
1
1
1
1
6331
1
1
1
1
6838
1
4601
1
1
1
1
1
1
6985
1
5446
1
1
1
4601
1
1
1
1
1
1
1
1
5706
1
1
1
1906
1
1
1
1
1
1013
1
8138
4456
1
1
1
1
1
1
1
1
1
1
1
1
1
1
1
1266
1082
1
1
1
8637
841
8220
6147
1
1
1
1
1
3500
1
2028
1
1
1
1
1
1882
9612
4538
1
1
1
1
1
1
1
1
9287
1
1
1
1
1
6198
4184
1
925
1878
1
6844
4501
2639
1
7291
3894
1
1
1
7469
1
1
1
1
1
5088
1
1
1
1
1
1002
1
1
1
1
8516
7510
1
1
8649
1
1
1
1
1
1
1
1
1
1
1
6225
1399
1
5932
1
8235
6288
1
1
6009
6229
1
8955
8356
1
1
1
1
1
1
1
1
1
1
1
1
1
1
1139
9227
1
9101
7127
7779
1
3668
1
3686
2357
1
1
4227
1
1
1
4505
1
1
1
1
1
1
1
6291
1
1
1
1
1
1
1
5970
1
1
1
1
1
1
1
3242
1
3242
1
1
1
1
5324
1
1
1
2193
9918
1
9598
5634
1
1
1
4741
1
1
6948
1
1
1
1
6462
1
1
9514
1
1
1
1
4358
1
5741
3156
1
1
1
6298
1
1
3430
1869
1
1
9791
1
6481
1
7959
1
1
1
1
1
2886
1
1
1
5239
891
7585
4967
1
1
4969
1
4795
4879
1
1
2821
1
1
1
1
1
1
2914
1
1
2398
1
1
1
1
1
1
1
1
5786
4390
1
1
1
4676
8662
1
1
1
3602
7144
1
1
2434
1
6361
1
1
9158
1935
5872
9625
1378
1
1
1
1
1297
1306
1
1
1
1
4663
1
4797
1
1
8039
3445
9304
5273
1
7378
1
1
8503
1
1
5626
1
7593
1
1
1
1
1
1
1
1
1
1
1
1
1
1
1
1
1
1
1
7170
1
2283
1
6994
1
1
1
1
1
1
1
6780
8110
1
1
1
8477
1
1
1
5879
1
2835
1
1
6978
1
3042
1
1
1
1
1
1
1
1
1
1
4639
4890
1
6592
3178
1
1
4760
1
1
8548
1
1
2481
1636
1
1
1
1
5339
3577
9903
7032
1
1
1
1
1
3912
1
5360
1
5770
1
1
1
9540
1
1
3127
1
1
1
8339
1
1
8539
1
1
1
1
1
1
1
1
1
1
1
1
1
1
2526
1
1
1
1
9192
1
1
1
1
1
1
1
8242
7373
1
1
6037
1
1
2722
3421
1
1
2465
8151
5018
1
1
1
1
1
4669
1
1
1
9811
1
3270
1
1
2391
1
6233
1
1
1
1
1
1
1
1
2084
1
1
1
2424
1486
1
1
1
3602
9279
8469
4947
1
7369
1
1
8849
3214
1
1
1
9719
1
1
1
5819
1
1
1
1
1
1
1
1
1
1
8030
1
3366
1
1
1
1
1
1
9927
6076
7259
8460
1
1
1
1
3088
1
1
1
1
3319
1
1
2308
1
1
1
1
1
1
5757
2534
1
1
3376
1
1
898
1
5568
1
1
1
1
1
1627
1
1
1
1
1
1658
1
1
1
1
1
1
1
1
1
8145
1
1
8003
1
1
1
1
1
1
5179
5251
1
1
1
1
1
1
1
1
7858
5232
2023
6924
1
1
1
1
6917
8611
6605
6936
1
1
1
1
5454
1
1405
8044
5413
1
1
1
1
9737
1
7395
1
1447
3749
9043
1
1
1
4368
6685
1
2578
1
8744
1
1
1
1
5572
1
1
3237
1
1
1
2710
1
1
1
1
1
1
1
1
1
1
7042
1
1
5287
2755
6640
1
1
1
1
1
1428
1
8403
3899
3334
1
1
1
1
1
1
1
1
1
1
1
1
4693
1
9145
1
1
1
1
1
1
1
1
1
1
1
1
3735
1
1
1
1
1
1
7834
3334
1
1
1
1
4383
1
1
1
2623
8534
6695
1
6377
1
1
1
1
1
1
1
5735
1
1
1
1
5587
7109
1
1
1
1
1
1
4042
1
1
1
1
5211
1
1
1
1
1987
5594
5904
1
3733
1729
1
1
1
1
1
1
9091
1
8244
1
1
1
1
1186
8061
3669
1
1
1
7578
8938
1
1
1
1
1
3159
3007
1
1
1
1
1
1
1
1
9449
1
1
1
5188
1
1
1
1
1
1
7694
1
9544
6510
1
8583
1
1
1
1
1
1
1
1
8611
1
1
1
1
6644
1
1
3076
1
8078
1
1
1
1
1
1
3358
1
1
5303
1
2434
1
1
3852
1
1
1
1
1
1
1183
9114
8068
1
8933
1
5286
8074
1
1
7017
1
1
7650
1
1
1
1
1
1
1
1
4716
8811
1
4576
1
1
1
950
1
1
5985
1
1
4202
1
1
1
1
1
8007
1
1
1
1
1
1
1
1
5911
6743
1
1
1
1
2360
3942
2335
1
1
1
1
1
8419
1
1
8715
1
1
1
1
1
1986
1
4114
1
930
1
1
1
2929
1132
1604
1
1
1
5065
1
1
1
1
9949
1
1
1
1
1
1
1
1
1
7192
1
8629
1
1
3007
1
1
1
1
1
1
1
4900
5588
1
1
1
1
3562
1
1
5698
1
9367
4091
5610
1
1
1550
1
1
1
1
1
1
1
1
8270
7189
1
1
1
1
1
7593
1111
8079
1
1
1
1
1
9000
1
1
4768
6193
1
1
1
1
1
6332
8293
1
1
1
1
1
1
1
1
4672
1
2531
1
1401
3678
1
1
1
7913
1
1
1
1
1
1
1
1
1
1
1
7303
1
1
1
1
1
1
1
1
1
1
2934
1
1
6948
1
1225
7854
7409
1
1
1
1
1726
1
1
1
1617
5833
990
8407
5642
1
9449
1
1928
2554
1
1
1
1744
1
1
2606
1
1
1
1
1
1
1
9291
1
5570
1
3430
6757
1
1
3040
1
1
1
1
4098
9304
1
1311
7007
1
1
2482
5779
9400
1
1
1
1
1
1
6581
1
3569
1
7662
9005
1
9042
9110
1
3723
7777
5767
2587
7174
1
1
1
9064
1
1
1
1
6910
3931
1
3280
1
1
1
7953
1
1
4045
3090
1
5007
1
1
1
1
1
1
1
1
1
1
1
1
1
6559
1
1
1
1
1
1
1
3002
1229
1
1072
9687
3688
5065
1
1
1
1
1
1
1385
1
1
1
9986
1
1
4593
1
1
7694
1
6667
1
8688
6247
1
1
1
1
1
1
1
1
8538
1
1
1
4149
5182
1
1
1
1
1
7109
8653
4315
1
1
1
1
7548
2012
1
1
9529
1
7813
1
1
1
1
1
1
1
1
1
6934
7797
1521
1
3512
9627
1
2111
1
1
9172
4056
1
1
5101
1
1
1
1
1
1
9639
2197
1
1
1
1
9654
1
1
1892
1
1
1
1
1
4342
5372
2884
5760
2078
1
1
1
2784
1
1
1
4505
1
1
1
1
1
6518
1
3878
1
1
1
1
1
6003
1
3908
1
1
1
1
1
1
9214
1
1
1
1
1
8974
1
1
1526
1
1
1
1
1
9654
1
1
1
1
1
1
1
1
1
1
8320
1
1
1
1
1
1
3961
1
1
1
1
1
1
1
9085
1
5706
1
1
1
1
1
1
1
1
7426
1
1900
1
1
1
4890
3854
1
6646
1
1053
1
1515
2492
1
7160
5112
1
1
1
1
1
1835
1
1
1
1
1
1
1
1
1
1
1
1
1
1
1
1
1
1
1
3199
1
1
1
1
1
1
1
1
1
1
1
1
1
5073
4267
1
4784
1
1
1
5429
1747
6150
1
1
1
4617
1
1
1
6583
1
8209
1
1
1
1
1
1
6524
3211
1
1
1
1
4933
1
5039
1
2088
1
3853
9238
6092
4916
1306
1
1
4271
1
4984
1
9229
1
1
1
6247
1
1
1
1
1
1
1
1
1
1
6892
4807
1
1
1
1
6472
1
7495
1
2849
3322
1
1
1
1
1
9169
1
1
1
8766
1
1
1
1
1
8864
1
1
1
1
1
1
1
1
1
1
5845
1
1
7063
1775
6044
1
1
1733
1
3739
1957
1
1
1
1
1
1
1
1
1
1
9976
1
1
1
1
1
1
1
7959
1
1
1
1
1
1
1
4530
1
6517
1
1
9995
5716
1
9343
8276
1
1
1
1
1
1
1
1
7549
3854
1
1911
1
1
2404
5922
1
9511
1
1
4169
1
1
1
3870
1
1
1
1
4230
9133
5527
1
1
8409
1
1
9238
1
1
1
2156
9300
1
1
1
1
1
1
1
1
9024
5690
1
1
6219
1
1
1
3330
1
1
1
1
1
1
1
8629
7245
1
2074
1
7026
1
6398
1
7870
1
1
5879
1
1
2975
6419
1
4245
1
1
1
1
1
9053
4955
3456
1
1
1
1
1
1
1
1
1027
1
3091
1
1
1
1
1
9018
2051
1
1
2441
1
4586
1
1
1
6968
1
1
1
1
5503
1
1
5226
1
1
8475
1
1
1
1
1
1
1717
1991
7999
7976
2531
1
1
1
9889
7071
1
1
2139
6097
2316
1
1
1
1
6705
1479
1
1
7042
8916
5675
1
5250
5877
9032
6724
1
1
1
1
8592
1
6388
9785
3997
1
1
1
2028
1
8908
1
1
9521
6185
4992
1
8388
4973
1
1
1114
1
1
1
1
1
1
1
1
1
1
1
1573
1
1
1
1
1
3984
9461
1
1
1
1
2405
1
1
1
1
1
1
1
1
1
1
1
1
1
1
4096
1
1
1
1
3232
1
1
1
5791
6415
1
4399
1
1
1
1
2047
1
8125
1
4373
1
1
1
1
1
6244
1
1053
7588
1
1
1
8110
1
5414
1
1
1
1
1
1
1
5596
1
1
6034
1
2755
5161
8096
1
1
4442
9841
7753
1
1
1
1
1
1
1
6247
1
1
1
9946
8123
1
954
1
6403
1
1
1
1
1
1
1
2875
1
2749
1
1
8313
1
1
1
1
4386
1
1
1
1
1
1
3622
1
1
3187
1
1539
1
9442
2617
1
1
1
1
3542
1
1
1
1
1
1
1
1
1
1
1
1
3678
1
1
1
1
1
1
1
1
1
9337
1
1
1
1
3379
1
1
1
1
2700
1
4554
1
1
7322
1
4881
8484
5178
1
1183
1
1
1
4012
1
3113
1
1
1
1
1
1
1795
1
1
1
1
6097
1
1
1215
1
7822
6100
8343
8895
1
1
1
7377
4828
1
1
1
7993
1
9186
1
1
1
9561
1
1
1242
1
1
8677
1
4313
1
981
1
1
1
1
1
1
1
1
1
1
1
3915
1
2932
1
1
1
9960
1
1
7277
1
1
7719
1
1
1
1
1
6127
1
1
1
1
1
1
3686
7558
1
6362
1
1
1
1
1
1
8527
1313
1
1
4191
4901
4274
1
1
1167
2193
1
1
1
1
1
1
1
1
9403
1
2627
1
1
1
2935
1
6877
1
7414
992
1
1
1
1
1
1
2589
1
6291
1
1
1
1
1
1
5734
6619
1
7607
1
1
1
1
1
1
2148
7976
3321
1
1
9647
1258
8252
1
1
1532
1
1
1
5679
7828
4933
1
4396
1
1
3184
1
1
6928
4035
4450
1
5070
1
8434
1
1
8734
4982
1
1
5128
1
1
1
1
2674
2613
1
3894
1
1
1
9235
7833
1
8884
2353
1
1
8206
1
1
1
4411
8061
1
6118
1
1
1
1
1
2732
1
1
1
1
1
5358
1
7348
1
2178
1
1
1
1
1
1
1
1
1
1
1
1
1
1
1
1
1
1
3127
9753
1
1
1936
1176
1
1
1
1
1
1
1
1
1
1
1
3472
9283
1
1
1
1
1
1
1
1
1
1
4345
1
1
6761
1
1
1
1
1
1
9828
7801
1
5108
1
1167
1
1
5247
1695
1918
1
1
1
1
1
1
3884
1
6535
7652
1
1
1
1
1
1
1
1
1
1
1
1
1
1
1
8356
1
1
1
1
1
1
1
2988
1
7389
5279
2241
1
1
1
3821
3215
1
1
1
1
1
1
1
1
1
1
1
1
1
1
8289
1
1596
7750
1
1
1
1
7621
1
1
1
1
8998
1
1
8893
1
1
1
6152
1
7090
1
1
1
2365
1
1
6945
1
1
7296
3647
1
1
2701
1
1
9847
1
1
1
6794
1
1
1
1
1
1827
1
1
2000
1
8360
1
1
1
1
1
1
1153
2568
1
6667
1
6718
1
3294
6719
1952
1
1
1
8682
4803
1
1
1
2779
1
1
1
1
1
1
8210
1
1
1
3018
1
1
6535
1
1
999
1
1
1
1
1
1
1671
4260
1
1
3726
1977
1
1
3261
1
1
1
1
1
1
3785
2919
2207
7779
1
8896
1
1
1
1
6709
969
1
1
1068
1
4519
1
1
1
7643
1
1623
5195
6974
1
1
4311
1
847
1
1
1
1
1
967
1
1
1
7933
1
1
4688
8051
1
1
9434
1
8345
1
1
1
1
1
4889
1
1
7917
1
9438
1
1
1
1
1
1
1810
1
1
7028
5070
7501
1
1
1
1
1
1046
1252
1
1
1
1
9128
1
1
4446
1
1
1
1
1
8939
1
1
1
1
1
1
1
1
1
1
1
1
6980
3244
5400
5436
9078
1
8233
5059
1
1
1
1
1
1883
1
1
2962
1774
7642
1
1
1
1
3111
1
1
8578
1
4171
1
1
1
1
1
7150
1
1
1
9403
1
1
1
1
1361
1
1
4819
1939
7637
5531
1
1
1
1
1
1
1
2289
1
1
1
1
1
1
5337
1
1
2170
1
1
1
1
9142
1
2171
1
9567
9267
1
1
1
1
1
1
6808
1
1
1
9343
7243
1
1
1
1
1
9576
1
1
1
1
1
1
1
1
1
5677
1
1522
6721
1
1
1
1
1
1
4861
1
7720
1557
1
3887
1
1
1
3434
1
1
2071
1
1
1
1
9583
6019
1
1
1
6702
1
1
8007
1
5047
4991
1
8515
1779
1
1
2230
5241
1
1
5352
1
1926
5988
1
4646
4024
1
1
1
1
1
1
1
1
1
1
1
1
4654
1
1
1
1
1
1
1
1
1
1
3626
1
1
8319
2014
1
7029
1
3061
1
1
7020
8103
1
4291
1
1
1
1
1
1
1
1
1
1
1
1
1752
1
1
7990
6965
1
1
1
9053
1
7105
1
1
1
1
2060
1
7351
1
1
1
1
4773
1
1
9660
1
1
1
2828
1
1
9963
1
5027
2276
4593
1
1150
1
1
1
1
8739
5625
1
8739
1
2728
1
1
1
7339
1
1
6303
1
1
1
6610
4470
1
1
3843
1
1
4741
1
1
7170
1
1
7476
1
1
1
1
1
7845
1
1
1
1
7115
2326
1
1
1
2085
1
1
1
1
4399
1
8957
1
1
1
1
1
4450
1
1
1
1
2581
1
1
4864
1
1
1
1
1
1
1
1
1
2570
1311
1
1
1
6875
1
1
3965
1
5926
1
1
1
8861
1
1
1
5291
1
1063
2712
1
1
3888
1
3700
6125
5508
1
1
1
1
2279
2201
9091
1
1
1
1
1
1
1
1
1
1
1
1
1
1
1
1
1
1
1
1
1
1
1
8170
1
1
1
1
1
1
1
1
1
1
1
1
1
1
1
1
1
1
1
4660
1
6238
1
1
1
2667
1
1
8224
1
3590
1
1378
1
4266
4853
1
1
1
1
1849
1
4506
1
4301
5872
4162
1
1703
1
5440
7748
1
2078
1
1
1
6070
1
1
1
1
1
1
1536
9682
1
1
1
7342
1
2161
1
9028
8209
1009
1
5006
1
1
1
1
1
1
1499
1
1
7212
6102
1
1
6302
1
1
8137
1
6182
1
1
7202
3779
1
1
1
6148
6496
1
1
8942
1
1
1
1
4411
1650
5726
1514
9462
1
1
1
1
1335
9694
1
1
1
1
2286
1
1
6695
1
8767
3026
1
1
1
1
1
9837
9538
1
1
1
1
2118
1
1
1
1
9107
1
5451
1
1
1
9785
2760
1
8929
1213
2757
4699
8568
1
1
1
1
1
8487
1
1
1
9492
1
1
1
1
8546
1
1
1
1
1
1
1612
1
1
1682
1
1235
1
4831
1
3756
1
1
1
1
2859
1
1
1
2560
3411
1
8062
4541
1
4270
1
1
1
1
4134
6213
1
2028
1
8838
1
1
1
5363
1
1
5069
1
8020
1
1
1876
1
1616
1
1
1
1
1
1759
8709
1
9154
1
2886
4710
1
7870
1
8269
1
1
1
8724
1
1
1
1
1
1
1
1
1
1
1457
1
1
1
1
1
1
1
7293
1
4201
1
3933
1
1
2341
1
1
1
6056
1
1
3141
9817
1
1
8335
6279
1
8831
7302
1
1
1
1
8662
1
1
2806
1
4846
2116
1
1
1
1
1
1
1
1
5477
1
1
1
1
1
1
8278
1
1
6601
1
1
1
2689
1
9867
8770
1
2903
7015
1
1
9556
1
9951
1
4277
7434
5814
1
1
1
8119
1
1
1
939
1
1
1
5506
1
6542
1
1
1
1
1
1
2695
1
1
1
1866
1
9504
4477
5203
1
1
1
4828
3487
1
1
1
1
1
2999
1
4767
1
1
8701
1
1
1
1
1
1
1
8755
1
6316
1
1
713
5801
4012
4459
1
1
1
5300
8460
2745
1
1567
1
5852
1
6313
7617
9613
1
1
3517
1
1
1
6156
5755
1
1
1
1
8625
1
1
1
1
1
1
1
3975
2537
1
1
1
4355
1
2860
1
1
1
1
1
1
1
1
1
1
1
1
1
1779
1
1
4214
1
1
2903
1
1
4068
1
1
2245
1162
8284
2913
1
8170
1
1
1
1
4853
1
7528
9748
1
1
1
1136
1
1
2118
1
1
1
1
3101
7047
1
1
1
1
1
1
5772
9383
1
1
1
1
4386
1
1
1
1
1
1
1
1
1
5992
1
1
1
1885
8794
6244
5135
1
1
1
9909
1
1
7500
877
1
1
9666
1
3219
4852
2867
1
1
1
1
9492
1
5500
9698
1
1
1
1
1
1
1
1
1
6457
1
1
911
1
1
8827
1
6906
2771
7461
1
1
1
1
1
1
3818
5557
1
6524
4094
1
1264
1
2271
1
1
6788
1
4119
1
2098
8426
6397
1
3379
1
5730
1
1
1
1
1
896
1
1
1
1
9670
1
1
1
6999
1
1
9596
5833
2388
4731
1
1
1
1
1
1
1
1
1
1
4534
5314
1
1
1
1
1
1
2587
1
1
6630
1
1
6034
1
1
5781
1
1
1583
4632
1
1
1
3322
3474
1
7763
1
1
1
1
1048
1
1
1
9397
7430
8849
1
1
1
1836
1
8601
2374
1
1
3503
1
1
1
1
1
2735
1
2166
1
1
1
1
1
1
8591
1
1
1
3051
1
1
1
5393
5422
1
1
1
1
1
7933
2308
1
1
1
8501
9086
2971
1
1
1
1758
1340
1
1
1
1
1
1
1
1
1
1
1
5811
1
1
1
1
1
1
1
1
1
1
1
8158
5149
1
1
1
1
1
1
5848
1
4159
5003
1
9390
1
1042
1
3725
1
1
1
1
1
8182
1
1
1
1
1
1
1
9965
1
1
4408
1
1
1700
1
1
7514
7174
3307
1
1
1
1
1
1
8460
1
1
1
9211
3661
1
1
1
1
1
1
3907
1
1
3373
1
3676
1
1
1
1
1
6968
8380
1
7854
4161
4772
1
4366
1
3080
1
8075
1
1
1
1
7679
1
1
1
1
1
1
1
1
6064
3286
1
1
1
1
1
6600
8359
1
1
1
1
1
1
1
1
1
3387
1
1
3286
1979
1
2189
1
9556
9635
1
1
1
1
1
1
1
1
1
1
1
2137
1
7193
8526
4542
1
1
1
1
8119
1
1
1
1911
1
1
1
1
1
1
1
3389
1186
1
1
1
1
3404
2050
1
5741
1
1
1
1
5549
1
5659
1
1
1
1
1
9379
1
1
1
5688
1
1
1
1
8877
1
8552
1
1
1
8821
4270
1
883
1
4467
1
1
1
1
1
1
1
1
1
1
1
8635
1
1
1
1
1
8276
1
5929
1
1
1
1
5830
1
1029
1
5107
1
2202
1
1
1
4630
1
1
1
1
7772
1
1
1
4082
5782
6247
1
1
1
1
1
1
1
4489
1
1
1
1
1
1
1
1
1
1
1
1
5547
1
8422
1
1
1
3264
1669
1
4138
1
1
1
1390
1
1
5899
7477
7469
3193
2258
1
1
1
1
6328
1
8914
8164
9256
3200
1
1
1
1
1
1
4684
1
1
1
1
1
1
2016
1
1
1
1
1
1
1
3767
1
3255
9264
7904
1
1
9284
1
1
8441
1
7333
1083
2360
9728
1730
1
1
1
1
1
1
1
1
7946
1343
3167
1
1
1834
9929
1
1
1
9013
1
1
8901
1
6570
1
7730
1
1
1
1
5566
5136
1
3519
1
1
1
1
1
1
1
1
1
1
1
1
1
1
7513
3676
1
1
1
1
7076
1951
9734
7766
5270
1
1
1297
1
1
1
5403
1
1
6861
1
1
1
4808
5661
1
5310
1
8584
1
1
6751
1
1
1
1
1
1
6013
1
1
9016
1
8948
1659
1
1
1
1
1
1
9924
1
1
1
1
1
1
1
5161
1
1
1
1
7585
1
1
1
1
6594
7728
1
1
1
5419
1
1044
1
6164
1
1
7885
7339
1
1
1
1
1
1
2827
1
1
1984
1
5056
1
2484
5013
8567
1
1
1
1
1
1
1
7228
1
1
1
5391
1
1
5198
1
1
1
5646
1
1
1
4417
928
1
1
1
1
4201
1
5250
1
1
1
1
1
5112
1
1
5466
1
1
4611
1
1
1
3765
4535
1
7141
5237
1
1
6651
1
1
3185
1
1
1
1
1
1
3700
1
9407
8484
1
1
1
2188
1
4054
1
1
1
1
1
1
1
1
1
4220
1525
1
4089
6319
1
1
6991
7548
1
1
1
1
4207
1
1
3601
1
7335
1
1
7482
7231
1
4244
1
1
1
1
1
1
1
1
2467
1
1
1
1
6550
1
1
1
7544
1
1
7201
1
1
1
1
1
1
1
1
1
6330
1
1
1
1
1
1
1261
1
6482
1
1
1
6847
1
1
1
1
2050
1
1
1
4811
1
5642
1
1
1
3874
1
1
1
1
5537
1
9484
1
1
1
1
1
1
1
7656
9570
1
3640
4692
1393
1
7081
6425
1
1
1
1
1
1
1
1
1
1
1
1
1
1
7090
1
1
3390
1
6603
1
1
4330
1
1
1
1
1
1
1
6519
1
1
3512
8531
1
1
1
1
6454
1
1
9249
1
1
1
1
6847
1
1
1
1
4005
5593
4246
1575
1
1
8602
4828
1
1
1
1
1
1
1
5231
1
1
1
1
1
1
5606
8246
1
1
1
1
1
1
1432
1
1
1
1
1
1
1
1
1
1
2722
1
1
9135
1
1
1
6175
1
1
1
1
1
1
9123
1
1
1
1
1
1
1
5170
1
1
1944
1
9033
1
1
1
1
1
7921
1
1
9998
1
1
1
1
1
1
1
1
1
1
1
1
1
1
1
1
9552
1
5388
1
7279
1
5879
1
1
4278
1
6560
1
1
1
2549
1
9075
1
1
1
1
8257
1
1
5601
7635
1
1
1
4749
3076
1
1
1
1
1
1
1
5613
8480
1
1
2464
9706
1
2436
1
1
1
1
1
1
1
1
9243
1
1
1
1
1
1
1
1
1
1
1
7023
1
1
1992
1
6865
1
7414
6355
4371
7886
1
4890
1
7968
1810
1
1
7414
4465
5067
1
1
1
1
1
1
1
3164
1
2098
1
1
9860
1
1
1
1428
1
1
2011
1
6212
1
1
8811
1
1
1
9152
2005
1
1
9768
1
1
1
1
7315
1
1
1
1
2302
1
1
1
9010
1
1
1
4315
1
1
1
9149
1
1855
1
1
5419
9563
1
6637
1
1
1
1843
9363
1
1
2497
1
6724
8038
7719
1
1
1
4240
1
1
1
1685
1
1
1
1
1
8719
1
1
1
8441
1
2685
1
6414
1
1
1
1
1
1
8263
2269
1
1
1
5660
1314
2809
1
1
991
1
1
1698
1
9064
1
1
1
1
1
1
4954
1
5171
1
8167
1
1
1
1
1
1
6157
8352
1
4836
1
1
1
1
1
1
3949
5094
1
9316
7082
1
1
1
7533
8016
1
1
1
3766
7571
1
1
1
1
1
1
1
7270
1
6352
1
1
1
1
8040
1
1
1
1
1
1
1
6871
2849
1
1
1
1
1
8584
8995
1
7210
7171
1
7795
1
1
1
1
5557
1
6988
9057
1
1
1
4024
1
1
1
1
1
1
2465
1
1
1558
1
1
1
1
1
1
3146
2098
1
1
1
1
1
1
1
1
1
1
1
7815
1
1
1
2067
1
4293
1
1
1
1
7860
7053
1
5352
1
1
6346
8437
3387
8226
5692
1
1
4216
1
975
1
1
1
1
1
1
2976
1
1
1
1
1
1
1
1
9992
1
6459
1
1
7189
1
3381
1
1
1104
1
1
1
1
1
1
1
1
1
1
1
7102
1
7108
1
1
9625
1
7428
1
1
1
1
1
1
1
1
9404
1
1
1
1058
1
1074
2018
2244
1
1
7633
1
3332
8822
1
1495
1
1
1
1
1
1
1
6867
5798
1
1
1
1
1
9488
1
1861
6194
1
1
1
2714
1
1
1
1
3162
1
1
1
1
1
1
1
1
1
2995
1
1
1
1
1
1
1
1
1
1
1
1
4073
6801
1
7980
8268
6913
1
3845
1
1
1
1
2784
1
1
8895
1
1
1
1
1
1
5455
1
6892
1
9682
2585
1
1
1
1
1
1
8682
3119
1
1
1
2425
1
1963
1
1
1647
1
1504
1
4655
7361
1
1
1
1
1
1
1
1
1
2964
3740
1
1
1
1
1
1
1
1
1
9567
1
1
4125
1
1
1
9850
1
7642
9741
1
1
1
1
4715
1
1
1478
1
1
1
1
1
1
1
1
3299
3506
2075
7310
1
1
1
1
1
9479
1
4901
1
6376
1
7440
1
9619
1
1
1
1
1
9631
1
1
1
1
1
1
1
3525
1
1
1
1
1
4639
1
1
3464
1
1
1
1
1
1206
1
1
1
1
1
1
5868
1298
1
1
1
1
1
7068
1
1
1672
1
1
1
1
1
1
1
1
1
1
1
1
1
1
1
6793
1
1
1
3064
1
1
1
1
1
2153
1
7701
1
6622
832
1
1
1
1
1
1
1
5438
1
1
1
1
7320
4353
1
1
1
1
1
1
1
1
1
1
1
1
8755
5254
1
1
1
1
5612
1
1
1
1
1
8827
1
8740
1
1
1
9758
1
1
1
1
1
1
6690
1
1
1
1
1
6432
2658
9823
4928
1
7946
5762
8282
1
1
7898
1
3171
1
5660
1
9636
1
1
1
1
1
1
6873
1
1
3073
1
1
6540
1
1
1
1
1
1172
1
2597
1863
6321
1
3865
1
1
1
1
4984
7760
7630
1
1
1
7467
1
1
2171
1
1322
3609
5531
1
1
1
1
1
1
1
6285
1
1
3765
2458
1
1
1
1
1
4687
1
7181
1
1
9238
1
1
1
1
1
1769
1
5680
1
1332
1
1
5336
1
1
1
1
1
1
4765
9780
1
1
1
1
1
1
1
1
4875
1
4749
1
4567
1
1
1
7395
1
1
1
1
1
1
6425
1971
7574
1
1
1
6501
7531
1
1283
1
1
1
1
1
8769
1
1
1
1
1
1
1
1
1
1
9622
1
1
2031
1
1
3899
1
1
1
1
1
9585
1
1
1
1447
1
1785
1
1
1821
943
9963
1
7279
1
4798
1
7363
1
1
1
1
1
1
1
1
1754
2222
1
1
1
1
1
1
1
9219
1
1
1
1
1
1143
1
1
1
1
1
5320
3752
1
9804
1
8178
8309
1
3496
1
1
1
2815
1
1
1
5847
1
1
1
1
8361
1
1
1
1
1
9251
1
1
2767
1
1
1
5890
1
4054
1
1
1563
1
1
1
1
1
1
1
1
1
6958
4542
7753
1
1
1
1
1
1
1
1
1
7004
1
1
1
1
1
1
7135
1
2792
4582
1
1
1
1
1
1
2101
8849
1
1277
1
1
1
1
1
1
1967
3537
1
1
1
956
1605
1
4084
1
4584
1
3001
1230
3070
2185
1
9411
1
8117
1
8722
1
1
1
1
5464
1
5181
4741
1
1
3938
1
9345
1
1
1
8140
1
1
4155
1
8399
1
7612
1768
1
1
1
1
1
1
1
1
7568
1
1
1
5399
1
1
1
9819
1
1
1
1
1
1
6283
1
4218
1
1
5332
1
6999
1
1
1
1
1
1
1
1
8667
1
1
6247
1
1
3481
8496
4825
1
1
1
1
8887
9854
4783
1
3338
1
6743
1
4871
1
1
1
7525
1
1
1
1
1
1
1
1
1
1
1
1
2563
1
1
1
8872
1
4958
4501
1
9594
1
1513
3572
1
1
1
1
1
1
1
8877
1535
1
6436
7300
8054
8499
1
1
7539
1
1
1
1
1
1
6441
1
1
1
1
1
1
1
3549
1
5785
5349
1
6338
1
1
5951
1
1
1
4713
5893
1
1
1
1
3007
1
1
1
8807
1
1
1
3474
1
1678
1
7435
1
1
8641
1016
2941
2980
7365
4817
1
1
1591
1
1959
1
6112
3283
1
1
4506
1
1
3227
2329
1
3841
1
2895
6814
1
1
9811
1
3813
6444
1
1
1
3492
6651
1
5104
1
6124
5696
1
1795
1269
1
6772
5278
8389
1
1
1029
3040
1
1
1
8987
1
2786
1
1
5150
1
1
5514
1
2468
1
1
1
1
1
979
1
5941
1
1
6577
2115
1
1
1
1
1
1
1
1
1
1890
904
4952
9874
1
1
1
1
1
3294
1638
1
1
1709
1
9320
1
1
7219
1
1
1
1
1
1
1
1
1
1
6219
1
7728
1
1
7070
1
1
1
1
1
3423
1
1
1
1
7766
1
1
9142
1
1
1
1199
9382
1
1
7680
1
3145
1
1
3788
5115
1
1
1
1
1
1
1
1
1
1
1
1
1
1
6046
1
1
1
1
1
9895
1
1
1
1
4728
1
2391
1
1
8887
1
1
7522
1
1
8908
1
1
1
1286
6808
6321
1
9267
1242
9883
1
8233
1
1
1
6782
1
1795
1
1
9376
3617
1
2842
1
1
8707
1
1
7842
1
1
1
9579
1
1
8250
1
1
1
7357
1
6363
8422
3980
1
1
1
9202
1
1
7351
1
2701
1
1
8020
6140
3529
4713
1
1
1
1
1
8858
1
1
1
1
1
1
1
1
1
1
1
7476
1
1688
1
6125
1
1
8145
1
5229
1
1
1
5167
1
1
1
1
1
8092
1
2219
1
1
1
1
1
8493
1
1
9264
1
1
1
6711
1
1
1
1
1
9468
9676
8284
1
1
1
1
1
2500
1
1
3629
1
3844
5497
1
1
3953
1
3553
1
1
1
988
1
1
1
1
2040
1
1588
1
1221
1
1
1
1
5516
4647
1
1
1
5215
6183
6667
1
1382
9448
7141
1
1
5154
1
1
1
6454
1
4939
1
1
1
1
1
1
1
1706
2341
1
3306
1194
1
8715
1
1
6883
1
1
1
1
1
1
1
1
1
1
9100
1
1
1
1
1
9334
1
1
1
1
2846
1
8448
1
1
1
1
1
1
2877
4982
1
1
5913
9946
1
1
1
4666
6478
8922
1
5542
3782
1
1
1
1
3241
1
4011
1
1
9424
1
1090
7806
1
1
8343
1
1
8677
1
1
5968
1
1
6017
944
1
1
9929
1032
1
1
1
1
2577
1
5462
1
1
5914
1
1
1
1
1
3603
1
1
1
1
1
1
3403
1
1
2859
1
3662
1
1217
3795
2735
1
1
8982
1
1
1
4254
3928
1
1
1
1
1
1
1
7912
3643
1
1
5325
1
1
1
7782
1
1
1
1
1
1
2828
2263
1
3026
1
1
1
1
8758
1593
1286
5372
1
1
3759
1
1
1
1
1
1
1
4944
2887
6667
1
1818
1
1
5287
9329
1
1
1
1
1
1
1
1
1
1550
1
1
1061
1
1
1
7563
1
1
1
1
8920
1
8767
9918
1
1
1
1432
1
1
3695
1
1
4462
8932
2232
3416
3647
1
1973
9120
1
3399
1
1
2378
1
1
1
1
1
6858
8971
1
1
1
1
1
1
1
6113
1
2317
1
2350
1
1
3838
1
1
1
1
1
1
1
1
1
1
1
1
1
5365
1
1
1
8228
8508
1
1
1
5467
1
1
9024
8054
1
9379
1
1
1
2519
6749
1
5032
1
5803
1
1
2714
1631
1
1
1
8952
1
4178
7883
1
1
1
1
4287
1
4069
1
1
1
1
1
1
1
1490
3597
9708
1
4525
6365
7744
8843
1
1
1
5335
1
1
1
1
1
3094
1
2181
1
1
1
1
1
4133
8383
3173
1
1
7662
1
1
8113
1
3462
1
7115
1
1
7284
1
1
1
5716
1
1
1
1
1
1
1
8968
1
1
904
1
5725
7861
4869
1
1
1
1
9322
1
1
4791
1
1
9908
1
2804
1
1
1293
1
1
1
1
1
5539
1
1
7231
5562
1
1
9642
2656
2782
1
6668
1
2589
1
1
3276
1
1
1
1
1
7903
1
1
1
5970
5946
1
4556
1
6472
1
1
5146
1
1
1
1
1
1
1
3826
6012
1
8413
9520
9253
1
3506
1
3894
8338
3631
1
1
1
9065
9099
1
7230
1
4343
4093
2323
7157
1
1
7789
2939
1
1
1
1
8590
1
1
1
1
1
1
1
9710
5568
1
1
1
1
1
1
1
9478
1
1
6236
1
1
1
5372
1
1
1
1039
6274
1
8325
1
1
6169
1
1
1
1
6852
1
1
1
1
2740
1
2234
1
9794
1
7622
1
3117
1
1
1
6349
1804
1
9367
1
1598
4421
1
1
6815
5477
4070
1
4936
1
1
1
1
1
1
1
1644
9312
3925
1
8658
1
9221
1
1
1
1
1
1
1
1
3968
6056
1
1
1
1
1
1
1
1
1
1
1378
1093
1
1
1140
7390
1
1
1175
1
1
2363
1
1
1
9628
1
1
7684
2628
1
1
1
1
1
1
1
2508
7012
1
1
8086
8454
3960
1
1
1
1
1
1
5489
1
1
1
1
1
1
1
4195
5415
8152
2384
6655
2611
1
1
6447
1
1
1
5995
1
1
1
1
1
1
6956
1
1
9346
1
1
1
1
2301
2483
6739
1
1
1
3697
8640
7414
1
1
7425
1
1
3283
906
1
1
9411
1
1
1
1
1
3565
7611
9586
1
1
7238
5765
1
5697
1
1
6024
1
5455
6439
1
1
1
1
6662
1422
1
9119
1
1
9883
4425
1
9727
1
1
1
1
8386
1
1
1
1
1
1
1
9880
8956
1
4421
5605
1413
1
1
1
2986
1
1
1
1
5524
1911
1
1
3614
7359
1
1
1
1
7808
1
1
6883
1
1
7497
1
1
1
1
8457
1
1
1
1
1
1
1
6136
1
1
1
1
5485
1
1
1
1
1
1
1
1
1
9607
9028
1
1
1
1
1
1
1
1
1
1
1
1
1
9847
1
1
1
3802
1
1
4093
5833
1
1
5042
1
1
1
2951
1
4383
2937
1
1
1
1
1
5646
1
1
1
1
1
1
1
7221
3264
1
4017
1
1
1
1
1
1
1
1
1
1
8796
2292
5032
5485
1
1
5149
1
8945
1
1
1
1
1960
5094
3954
9813
1
1
1
1
1
1
3139
1
1
6203
932
1
1
1
1922
1
1334
1
1
1
1
1
5949
1
1
2660
1
1
1
7852
9366
1
2905
1
1
1
1
1
7883
1
7395
3800
1
1
1
1
5934
1
1
1
1
1747
2402
1
1
1
1
1
1
1
1
1
1
1
1
5916
1
1
1
1
2050
1
1
1
1
1
4056
1
1
1
1
1
1
2745
1
1
1
865
4908
1
9092
1
1
1
9763
1
1
1
1
1
1
1
1
1
1
9862
4029
4241
1
1
1
1
1
1
7060
1
9708
1
1
6084
6684
1
5476
1
4546
5745
1
1047
1
2639
1
3449
1
1
1
1
4567
4058
7453
4367
1
3196
1
1
1
1
1
1
1
1
1
1
1
1
1
1
1
1
9757
1
1
7824
8980
1
1
1
1
1
1
1
1
1
3762
7680
6488
1
1
895
1
1
1
1309
5842
1
1
9486
1
1
3037
1
1
1
1
1
1
1
1686
1
1
1
1573
1
1
1
1
1
1
1
1
1
1
1
1
1
1
2248
1
6556
1
1
1
1
1
3843
8461
882
1935
3871
4630
1
1
2770
1
1
1
6017
1
4698
1
9453
1
1
1
1
1
2415
5198
1
1
1
6444
1
4940
1
1
1
1
1
1
1
1
1
8700
8388
961
1
1
1
1
5311
1
1
1
1
1
8516
1
2508
1
1
1
1
7131
9955
1
1
1
8116
3695
8189
1
1
1
1
1
8183
1
1
1
5802
1
1
7297
1
1
8785
1
1
1
4973
1
1
7258
1
1
9868
1
1
1
7042
1002
1
1
1
1
8579
1
1
8979
1
1
9528
1
6841
1
4120
1
1
1011
1
1
3709
1
1
1
1
1
1
1
1
1
1
1555
1
1
8161
1
9669
4606
3406
4588
1
1
1
4337
1
4421
5224
1
1
2345
1
4992
1
1
3915
1
1
1
1
1
1676
1
1
1
1
1
1
3450
3366
1
3224
1
1
1
1
1
1
1
1
1
6244
1
1
1847
9784
1
4045
1
1
1
1
1
6274
8862
5713
1
1
8669
1
8807
1
1
4480
4628
3517
1
1
6175
1
1
1
1
1
1
1
1
5121
1
1
1
1
1
9838
1
1
1
6821
1
1898
1
1
1
1
1438
7746
1
1
3361
1275
6263
1
1
1
1
1
1
5580
6613
1
1
2831
1
6891
3127
1
8549
1
1
1709
6357
1
6627
4670
3828
5825
9498
1
1
1
1
5984
2145
3302
1
1366
3557
1
8831
1
1
1
7563
1
1
1
5308
5863
1
1
2485
1
1
1
1
1
1
6733
8196
1
1
2452
1
5213
4245
1
3565
1
1
1
1
1
3142
1
3483
2127
3655
8984
1
1
1
1
1
1
1
1
1
5265
8804
1
1
1
1
1
9715
1
1
5521
1
2567
5618
1
1
7153
1
1
3363
7326
1
1
2326
2308
1
2261
9706
873
1
1
1
1477
1
1
1264
1
1
2374
1
1
1
2468
1
1
6041
9606
1
1
1
1
9440
1
1
1
1
1
3272
1
6694
1
1
1
1
1
1
3952
1
1
1
1
1
6914
1
1
1790
1
1
1
1
1
1
1
1
1415
1
1
5618
1
1
1
5070
1
7141
1492
1
6747
8209
1
1
1
1
1
1
1
1
1
1
4923
1
1
4171
1
1
1
1
1
6929
3353
6489
1
1
1
1
1
1
1
2151
1
3025
1
9888
8430
1
9465
1
7829
1
1
1
6071
1
1
6918
7456
1
4506
1
6904
1
1
1
6127
1
1
1
1
1
1
9149
1
1
1
3653
1
1
1
1
1
8652
1
1
1
1
1
9799
1
1
5741
2967
9728
4235
1789
1
1
1
1
1
1
1665
1
9199
1
1
9142
7958
1
1
1
2393
1
7700
1
5059
1
1
1
1
6521
1
1
1
6713
1
1
7952
1
7446
1
1
1
1
1
1395
1
1
1
1
1
1
1
1
1
1
1
1
1
1
1
1
1
1
1
1
1
1
1
1
1
1
1
1
1
1
1
1
2521
1
1
1
1
6198
1
5975
1
1
3965
1
1
4841
1
4002
1
1
6262
1
6145
1
1
1
1
1
1
1
1
3946
1
1
6794
1
1
1
1
1
1
1
1
1
1
1
7485
1
1
9295
1
4039
1
1
9734
1
1
1
1
1
1
1
1
1
1
9191
1
1
1
1
7875
1
1
1
1
1
6457
1
4621
9113
2810
1
1
6811
1
4570
1
9700
1
1
1
1
3350
1
9355
1
1
5818
1
1
1
1
1
1
4773
1
1
1
3212
1
2404
1
1
6943
1
1
1
1
1
1115
1
5577
1
1
1
2802
1
1
1
8922
1
1
9513
1
1
1
1930
1
1
1192
1
3494
1
1
6506
1
1
1
1
6573
1
1
5983
1
1
1
2653
2585
1
1
1
2678
1
1
1
1
1
1
1
8197
7274
1
1
1
1
1
1
1
9183
1
1
1
1
3589
1
1
4308
2229
1
8692
1
1
7677
1
1
1
6747
1
1
1
1
1
1
1
8029
5851
1
1
1
1
1
1
1
1
1
1
1
1
1277
1
1
1
8257
1
1
1
1
1
1
1
1
1
8493
1
1
1
1
1
1
1
1
9468
1
1
1
9916
1
1
8524
1
1
1
1
1
1
9432
3345
1
7162
1
1
1
1
2345
1
1
2514
1
1
1
1
1
1
1
1
1
1
1
1
1
1081
1
1
1
1
1
1
5026
1
1
1
1
1
1
1
3487
1
1
8183
1
9667
1
4730
1394
4955
1
1
1
1
9207
1
1
1
1
2793
1
1
1
1
1
1
1
2295
1
1
1
1
1
3106
9047
1804
1
1
1
1
2109
5640
1
7800
6961
1
5479
1
1854
1
1
1
1
1
1
8048
5656
1
7962
1
1090
1
1
1
1
6379
6855
1
1
1
7973
8698
1
4009
1
1
1
1
2565
1
1
9073
1
8976
1
1
3435
7502
3109
1
1
3746
9177
1
3089
1
6389
1
3441
4101
4756
1
1
1
1456
4129
6550
1
2007
1
1
7317
1
1
2689
1
1
1
1
9550
1
4323
1
1
1
1
1
8608
1
1
9564
1
4323
6080
4439
1
1366
1
1
1
2456
5249
1098
1
1
1
1
1
1
1
1
1
1
1
1
1
1
1
1
1
1
1
1
1
1
1
6207
3349
1
1
1
7934
1
1830
1
1
5890
1
1
1
1
1
1
1
1
1
1
1
1127
1
1
1
1
1
1
1
1
1
1
1
1
9659
1
1
1
7476
889
8089
1
1
8176
1
1
1
1
1
1615
8085
7115
8338
1
1
1
1
1
4117
6489
1
1
1
1
1
1
1
6777
1
1
1
7367
1
5209
1
1
1
1
7248
1
3834
1
3227
1
4189
1
1
1
1
4175
1
1
4538
1
1
4329
1
7714
1
4211
1
1
1
1
2985
1
1
3622
1
1
1
5016
3048
1
3741
1
1
1
7095
937
1
1
1
1
3199
1
8307
1
1
1
1
4885
1
2698
1
1
1
1
1
7702
1
1
1
973
4980
1
1
1240
5638
1
1
1
1
7264
7719
1
1
2284
1589
1
3645
1
9545
5901
1
1
1
1
1
1
1
1
1
7162
2650
1
1
5931
1
9767
1
1
1
1
2886
1
7779
917
1
1
1
1
1
1
1
6098
1
7651
1
7253
1
1
1
8307
1
1
1
3811
1
1
1
1
1
3576
1
1
1
1
4966
1
1
8106
1
9425
1
1
1
5070
7602
1
7115
1
1
1
1
1
1
1
3792
1
1
1
1
1
1
1
1
1
6368
1
1
1
1
1
1
1
1
1
1
2104
6948
1
1
6172
5221
1
4335
3145
1
1497
7529
3457
1
1
1
4437
1
1
1
1
1
7896
1
1
1
1
1
1
1736
1
1
1
1
1
3593
8839
2270
5960
1358
1
1
1
6046
980
1
1
1
1
1
1
1
1
1
9417
1
1
1
1
1
1
1164
1
7098
1
1
1544
1
1
7817
1
7913
8280
1
1
1
3252
1
1
1
4032
1
8633
1
1
1
1624
1464
1
1
1
9389
1877
1
2683
1
1
1
1
1
1
1
1
1
6537
1
1
1
1
6835
1
1
1
1
1
1430
5423
1
5433
2064
1
1
1
1
1
1
1
1
8033
1
1
1
3292
1127
7873
1840
1
1
1
1
1
1
6040
1
2623
1
5657
5138
1
1
5850
7619
1
1
1
1
1
1
1
1
1
1
1
1
2415
9177
1
1
1
1
1
1
8692
6742
1
1
3875
7456
1
1
1
1
1
1
1
1
1
1
1
1
1
1
1
1
1
6484
1
1
1
1
1
1
1
1
1
9334
1
1
1
1
1
1
1
7580
6679
1
4127
1
2668
7085
9985
1
1
1
1
1
7322
1
1
4812
1
1
5050
1
1
1
1
7273
9879
1
1393
2335
1
4161
1
1
5795
1
1
1
1
1
1
6389
1453
1
1
1
1
1
1
1808
2161
3794
6090
1423
1
1
1
1
1
1
1
1
6598
9059
2243
1
1
1
1
3983
1
1
1
1
1
1
1750
8410
6115
1
9942
1
1094
4127
1
1
1
1
1
1
1
1209
1
1
1
1
6901
1
1
5292
1
1
9271
1
1
3066
1
1
9686
2132
1
1
4464
1
1
9823
1
1
1
9809
1
8451
4912
6732
1
1
6079
1
1
1
1
1143
1
1
1
7927
2727
1
1
1
1
1
1
6993
1
1
1
1
1
9594
1
2514
1252
1
2210
6394
1
1
1
1
6309
1
1
1
1
1
1
1
1
1
1
1
1
1
9981
8375
3721
1710
1
1
1
3122
1
1
1
1
1
9934
7595
1
4359
1
1
1
6803
1
1
1
2556
1
1
1
8351
1
1
3259
2491
1
1
1
1
1
6577
4044
1
1
1
1
6206
1
1
1
1
1
1
1
1
1
1
1
1
3035
1
1
1
8712
1
1
1
1
3054
1
1
1
1
8759
9880
1
1
1
1
1
1
1
1
1
4294
1
1353
1
1
1474
1
7832
9353
1
1
1
1
1
1
1
4846
9968
1
1
1
7245
2363
1
1
9307
1
1
1
1
1
1
3976
1
1
1
1
1
1
1
6748
5949
1
1
9135
7603
6632
1
1
1
1
1
1714
1
1
1
1
1
1
9169
1
1
1
1
1
7664
1
1
1
1
7991
1
5972
1
7708
2849
1
1
1
1
1
1
1
1
1
1
6640
6489
1
8791
1
1
2938
1
1
1
4692
1
1
8198
6883
1
1
1
1
1
1
1
1
1
3778
1
1
1
9807
1
1
1192
1
1
4623
1118
2948
1
1
1
1573
3577
1
1
1113
1
1
1
948
5907
1
1
1
1
1
9256
1
1
1
1
3707
1
1
4788
1467
1
9312
1
1
1
1
1
6297
1
1
1
1
1
1
1
3992
1
1
1
1
4144
8750
1
1
1
8260
1
1
1
4919
1
1
1
1
4194
2218
1
1
1
2919
1
1
1
1
1
1
1
1
1
7377
8544
1
4482
1
1
9988
1
1
1
1
1
1
8794
1538
1
1
1
6619
3581
7902
1
8101
5526
1
4234
1
1
1
1
1
1
5382
5393
1
1
1
1
1
5332
8193
6785
1
1
1
1
1
1
1
1
8539
7680
4380
1
1
1
1
5541
1
1
4149
6551
1
1
1
1
1
1
949
1
1
1
1
1
1310
1
1
9495
1
7225
1
8843
7995
1092
1
1
8022
9904
1
1
1
6367
1
1
7669
1461
1
3935
7878
1
2878
1
1
1
1
9345
1
5955
4864
8566
1
1
1
1
1
1
1
1
1
1
5267
3820
2206
1
1
1
1
1
1
1
1
2800
9774
9529
1
1
6565
1
1
1
1
1
7977
1
1
1
1
1
1
1
1
1
1
1
1
1
9855
1
1
2921
8791
1016
7264
1
1
1
1
1
1
1
1
2634
1
1
1
2140
7460
1
1
1
1
5284
1
1
1
1
1
1
1
4576
7928
1
1
2081
1
1
1
1
1
1
1
1
2637
1
9204
1
9754
1
1
1
2452
1
1
7056
1
1
5998
4736
3434
1
1
1
3653
1
1
1
1
1642
1
2405
6589
1
1
5674
1
1
1
6029
1
1
3980
1
2959
1
1
1
1497
1
1
1
3996
9800
916
5942
1
1
1
5863
1
1
1
1996
8570
1
1
1
1
1
2771
1
1
1
1
1
7053
1220
1
1
1
5410
1
9507
1
1
1
9524
1
1
1
3807
1024
1
9203
1
1
9444
3412
1
1
1
1
2538
1244
1
1
1
1
1
1
1
1
1
2819
1
1
1
1
1
1
5169
1
1
4534
6402
2534
1
6231
1
1
8282
1
5728
1
1
1
7944
7843
1
1
6411
2441
1
3204
1
1
1
2614
1
4490
8731
1
1
1
1
1
1
6940
1336
1
1
1875
1
1
1
1
1
1
1
1
1
1
1
1
1
1
1
1
1
4758
1
1
1
1
1813
5950
1
1
1
7534
1
1
1
2203
1
9926
8849
1
1
1
1
1
1
1
4486
1
1
1
2653
1
2040
7717
1
1352
1
4343
10 6
9 3
7 2
3 2
9 4
10 6
4 3
5 4
5 3
5 2
6 3
6 2
7 4
5 3
10 4
7 4
5 3
5 2
2 1
10 6
10 6
10 6
8 4
5 4
5 3
10 6
5 3
10 4
7 2
10 5
1 1
10 4
5 2
10 6
4 1
5 3
9 3
2 1
5 2
9 4
10 4
3 3
5 4
6 2
10 6
7 2
6 4
8 5
9 4
7 2
9 5
6 2
7 2
3 1
2 1
10 4
10 6
9 6
10 5
7 3
10 5
4 1
5 2
9 6
1 2
9 5
10 6
5 3
9 6
10 5
7 5
1 1
1 1
1 2
3 2
6 4
5 3
6 4
9 4
10 4
3 1
1 2
4 2
10 4
3 3
10 6
7 2
5 2
3 2
7 5
4 2
5 2
5 4
9 5
2 1
7 5
10 5
2 1
7 5
9 3
2 1
2 1
7 5
1 1
9 5
3 1
5 3
10 6
10 6
10 5
7 4
4 3
5 2
2 2
9 6
5 2
7 5
9 5
3 2
9 4
10 4
7 5
10 4
5 4
7 3
10 6
9 3
7 4
7 4
9 5
10 4
9 3
2 1
5 2
10 5
9 5
3 3
1 1
6 3
5 2
1 1
7 3
5 3
3 1
7 2
3 2
5 2
6 4
3 1
3 3
8 3
7 4
3 3
7 4
5 3
5 3
9 5
5 3
9 4
10 4
5 2
4 3
4 2
4 2
6 3
8 3
3 1
7 5
1 1
9 6
3 1
2 1
5 2
10 5
3 2
10 6
9 3
1 2
7 5
4 3
3 3
3 3
10 6
10 5
8 5
6 4
3 2
3 3
3 1
7 5
8 5
6 4
7 2
3 2
2 2
10 6
5 4
9 6
4 1
2 2
3 1
5 3
10 5
5 3
5 3
4 2
3 3
2 1
10 6
8 5
5 3
3 1
3 2
2 1
5 3
4 2
10 6
7 5
2 2
1 1
7 2
8 3
1 1
4 2
8 5
9 5
9 4
3 1
5 4
7 3
6 2
5 2
8 4
9 5
5 3
7 3
3 3
9 3
9 6
7 2
1 1
8 4
10 6
10 4
8 4
7 3
7 3
9 3
10 5
9 4
10 6
8 3
10 5
9 4
10 4
5 3
10 4
3 1
3 2
10 6
4 1
8 5
3 3
3 3
4 1
9 3
8 3
9 5
8 5
3 2
4 2
10 4
6 2
10 6
3 3
9 3
3 3
7 5
3 1
10 6
7 2
10 6
8 5
7 2
6 3
5 1
7 2
9 4
10 5
3 3
7 4
3 2
7 5
6 3
9 4
2 1
10 6
7 4
8 3
5 2
9 5
5 3
4 1
5 3
4 1
2 2
10 5
8 5
3 1
3 1
9 4
4 2
10 5
9 4
5 3
2 2
6 2
4 1
10 6
10 4
5 2
5 1
3 1
5 2
6 4
5 3
10 4
9 5
3 1
3 2
3 1
2 1
10 6
2 2
10 6
2 1
1 1
8 4
1 1
10 6
7 5
5 1
8 5
2 1
10 6
7 2
5 2
4 1
1 2
9 5
8 3
9 4
9 6
1 2
8 4
2 2
9 5
6 4
7 3
9 4
10 6
10 4
5 1
8 5
2 2
9 6
4 1
8 3
3 2
2 1
6 2
9 4
10 6
10 5
9 5
5 3
7 2
5 2
9 3
3 1
3 3
7 4
5 3
2 2
10 5
4 2
5 3
7 4
10 5
7 3
3 3
5 1
4 1
7 5
3 2
10 4
2 1
5 2
9 4
8 4
8 5
3 1
10 4
1 1
9 5
5 1
7 4
3 3
5 4
10 4
3 1
6 3
9 5
9 6
3 1
5 2
9 5
6 4
5 3
1 2
7 4
5 4
3 2
8 4
3 1
4 2
5 1
1 2
3 1
4 3
10 5
10 6
7 2
1 1
10 5
5 1
1 2
7 4
3 2
5 2
6 2
7 4
9 5
9 5
5 1
5 3
1 1
1 1
3 1
5 1
6 4
5 2
10 4
9 5
8 3
8 5
10 5
5 2
3 1
9 4
5 2
2 1
5 2
10 5
6 3
6 3
5 2
7 3
2 1
9 4
10 5
2 2
5 4
10 4
3 2
1 2
8 5
6 4
2 2
3 1
10 4
2 1
8 4
2 1
7 4
7 4
7 5
10 4
4 2
3 2
3 3
8 5
9 4
7 4
10 5
9 5
7 3
2 2
7 5
5 2
