10000 500
825
489
640
822
359
834
333
45
484
101
107
569
562
555
41
267
970
878
347
409
322
907
286
717
586
163
661
987
907
845
408
912
641
682
603
721
193
169
599
740
691
619
538
428
995
731
658
492
267
487
87
667
326
89
726
420
536
654
372
588
829
163
707
946
267
90
514
678
459
60
708
308
715
2
961
67
27
716
247
684
630
166
959
823
523
590
911
581
426
861
421
149
469
428
674
550
64
194
517
149
994
847
47
128
281
77
750
742
143
863
156
91
998
195
716
727
510
515
544
980
622
904
928
113
381
914
974
334
431
839
937
63
26
760
553
770
269
847
642
136
134
292
301
433
836
870
164
184
413
4
458
232
496
685
316
721
435
209
877
117
622
427
285
513
459
322
220
364
269
964
107
502
529
882
859
161
58
812
839
37
920
978
276
244
354
796
591
885
947
704
83
653
169
389
852
482
471
142
917
615
771
801
532
969
377
473
776
182
785
367
537
368
780
106
927
379
182
599
595
790
867
593
180
178
558
143
523
952
455
415
824
752
811
602
811
424
142
191
968
133
574
536
663
928
981
796
534
429
19
591
596
579
276
656
16
560
475
917
291
392
87
238
270
394
852
67
422
230
798
505
636
810
639
791
466
600
121
304
914
432
535
578
57
623
705
324
606
642
361
828
14
860
404
573
789
294
860
486
911
800
74
281
591
137
320
204
371
82
191
15
871
586
441
682
270
213
519
979
694
594
736
99
909
907
677
325
664
446
907
788
425
151
599
840
680
603
106
988
26
585
354
191
615
11
365
625
445
109
773
895
212
362
813
87
929
951
890
553
315
82
944
466
664
645
500
376
876
307
881
420
987
56
648
317
17
277
529
123
200
874
670
63
44
419
125
762
338
382
468
589
49
347
941
153
189
967
208
343
216
687
580
17
921
996
874
91
448
122
737
476
733
900
572
393
484
29
915
87
95
462
495
432
854
226
301
800
454
128
371
360
589
631
505
443
594
217
183
662
353
579
790
809
723
780
817
626
999
123
289
416
11
449
332
345
752
393
749
550
204
536
534
50
573
634
487
593
277
6
436
143
23
637
327
21
567
449
939
416
634
545
403
317
615
865
802
633
677
337
477
497
113
8
876
969
588
595
237
242
940
26
540
687
875
188
342
968
648
197
110
593
141
490
556
693
327
792
201
768
767
608
366
841
825
36
409
389
243
805
587
729
922
750
937
909
387
645
393
260
266
442
628
216
154
555
365
302
723
374
2
244
779
974
352
443
11
704
911
759
610
710
750
111
11
630
971
79
525
525
547
72
655
147
18
288
235
328
203
400
933
912
500
21
557
361
356
665
291
74
486
175
112
94
607
27
155
276
90
742
406
202
694
555
356
968
737
736
218
664
393
658
510
896
852
194
160
837
131
651
231
537
463
921
316
633
365
274
138
148
510
124
386
450
327
461
268
236
233
104
732
346
636
923
841
870
877
235
377
55
96
659
116
808
492
614
635
546
329
458
689
403
135
580
796
982
745
613
244
844
438
212
772
230
629
468
342
808
905
241
288
360
453
873
999
94
711
335
700
481
937
123
914
772
613
897
709
309
288
251
738
8
818
11
330
809
819
952
40
406
453
224
304
537
976
870
566
276
380
927
619
953
555
893
455
250
298
142
595
556
665
35
81
920
340
640
911
204
821
886
502
790
448
311
431
193
883
316
664
891
926
391
895
499
709
903
562
381
926
85
233
131
40
486
579
723
216
221
262
988
850
831
358
452
579
522
110
405
303
751
657
848
921
508
960
284
732
770
957
855
181
307
658
846
901
530
717
736
531
678
981
391
244
20
596
647
165
109
725
896
900
628
428
640
209
374
159
291
748
940
943
834
520
267
215
599
985
155
945
853
708
699
165
790
418
419
965
791
344
545
9
73
707
132
685
216
473
597
940
913
887
447
906
968
638
582
157
702
341
329
65
203
528
714
267
836
787
572
390
854
12
14
123
420
881
371
508
42
152
769
703
251
912
62
236
876
434
805
46
786
637
922
711
87
517
224
812
97
280
418
108
311
107
960
230
292
492
520
611
275
997
267
673
740
964
355
415
882
510
221
695
535
858
441
100
892
378
947
445
467
382
356
606
131
267
149
605
656
213
322
235
780
101
465
890
439
210
359
950
599
145
286
41
380
349
928
468
482
17
801
239
702
709
840
212
455
644
54
807
388
790
900
364
59
495
737
453
145
730
851
268
62
364
700
413
282
458
304
221
735
93
86
929
390
740
66
840
618
609
813
344
72
224
713
994
248
183
899
124
834
231
293
774
169
580
864
19
306
849
467
618
512
648
495
401
3
262
651
31
156
185
240
316
270
404
256
510
585
863
920
788
264
907
353
404
690
810
323
540
865
373
543
112
520
451
519
75
965
753
82
830
978
796
133
824
91
440
951
198
257
215
394
980
624
662
233
608
558
6
536
286
260
890
944
312
913
958
382
856
961
953
596
995
210
400
594
415
14
810
301
30
712
169
164
170
331
122
771
903
57
948
670
909
931
95
91
644
486
331
191
111
137
340
508
559
406
47
918
857
248
562
734
599
342
597
757
470
931
267
514
967
248
813
393
392
268
307
289
688
272
16
90
936
875
87
810
588
645
785
430
970
675
819
222
830
103
569
362
484
677
313
98
635
210
137
73
491
38
980
46
107
126
268
250
982
745
886
681
2
415
31
138
992
287
962
306
271
183
644
82
202
824
673
227
175
604
789
986
975
891
1
204
97
438
134
731
45
21
905
931
343
148
17
231
129
915
545
306
758
417
163
165
372
446
285
214
690
952
185
550
741
999
429
930
794
73
38
153
773
45
673
696
66
421
320
214
724
927
16
120
550
618
449
901
667
657
134
883
987
52
749
272
88
888
74
129
327
940
205
851
337
349
578
592
24
691
674
266
174
666
58
55
669
824
403
174
46
191
900
205
890
961
182
534
92
660
680
159
578
798
679
727
991
858
40
214
746
329
705
466
286
259
599
627
786
156
281
208
851
661
120
63
801
272
991
841
432
422
58
986
580
405
770
183
471
915
771
441
947
11
323
966
902
880
86
842
374
887
383
88
312
119
730
334
48
267
15
560
154
60
331
447
349
247
264
914
94
426
346
691
772
934
545
714
179
125
500
19
611
301
111
194
353
715
352
151
136
365
163
123
450
810
544
610
61
148
663
364
51
308
447
216
658
146
108
285
243
772
689
964
472
862
354
499
863
410
561
316
957
90
95
636
783
163
64
855
333
235
11
764
823
643
34
827
910
915
677
233
59
527
11
202
201
174
150
729
5
747
548
775
128
711
595
833
333
577
781
214
636
636
204
397
599
71
548
421
964
800
426
400
690
359
998
221
68
210
490
25
132
444
964
903
39
894
429
990
196
306
922
982
951
860
191
538
658
552
862
289
530
651
664
569
42
743
380
961
857
611
950
706
115
860
286
135
254
600
401
232
256
601
307
167
978
572
749
974
212
538
41
360
457
327
889
590
381
805
127
161
947
839
554
80
431
725
737
242
596
112
93
281
62
60
333
928
607
197
983
431
758
972
138
541
458
462
214
1
622
150
21
846
655
878
708
724
720
6
152
166
471
392
434
649
638
940
373
12
170
995
469
913
578
235
80
932
516
564
615
943
890
3
654
418
690
160
628
904
447
134
880
317
328
232
781
424
336
577
22
657
260
572
529
763
976
123
804
263
519
272
384
337
403
609
771
435
268
457
76
364
976
413
300
315
187
964
88
169
386
565
852
692
607
27
420
936
441
536
711
770
89
732
881
341
291
98
402
5
360
497
531
833
942
249
126
196
153
361
420
636
897
255
968
708
202
680
13
468
357
294
772
96
666
466
482
695
468
541
698
553
108
758
712
827
555
973
895
354
605
78
753
655
146
940
418
813
923
129
528
54
173
820
626
311
833
420
266
667
924
220
683
817
601
557
501
691
916
527
257
600
443
766
611
415
99
399
517
311
700
454
270
263
244
669
798
395
599
524
910
653
230
167
940
432
782
421
963
800
283
348
303
795
417
357
718
158
450
673
225
590
813
675
722
322
574
332
26
893
78
501
447
780
592
380
494
38
980
230
955
128
67
857
249
687
304
338
476
513
238
567
60
917
73
439
629
852
44
830
838
342
272
152
220
493
878
613
999
670
306
965
818
686
401
239
506
300
840
697
780
376
450
256
811
711
677
690
829
883
25
809
509
221
61
51
344
792
162
540
79
506
492
550
436
898
40
574
485
311
794
133
454
497
102
973
700
768
161
60
739
742
77
419
364
605
754
368
593
242
151
714
318
307
431
943
87
500
436
896
442
876
868
852
232
279
350
41
591
421
415
779
201
31
381
607
261
505
87
484
5
591
306
546
705
547
11
32
258
117
777
33
684
547
427
291
382
521
673
18
125
608
63
14
466
37
787
478
643
472
487
924
802
499
774
242
534
758
579
413
153
746
648
101
69
339
976
169
36
255
175
634
119
613
186
971
357
208
598
942
403
707
469
186
590
431
768
285
181
407
59
446
516
587
591
198
354
69
225
381
557
379
529
335
836
205
275
364
189
937
2
898
782
33
320
334
658
119
508
135
114
55
416
855
876
922
487
18
709
446
886
758
991
522
883
273
730
240
775
818
521
644
490
777
244
789
489
609
986
347
949
385
170
809
40
334
786
852
617
4
677
895
875
109
212
740
273
596
975
387
525
380
364
114
962
86
914
877
69
454
88
772
444
905
909
209
581
443
887
123
352
614
339
358
463
207
878
805
58
811
128
143
930
360
556
999
740
151
875
397
370
993
892
429
87
10
874
967
803
173
74
8
8
80
581
515
573
597
524
225
75
879
225
579
481
911
760
700
12
279
386
667
589
185
669
865
392
286
291
12
341
592
904
552
226
504
91
410
901
839
984
51
97
75
437
632
592
900
956
412
430
272
604
47
220
848
879
880
778
73
855
924
340
262
245
720
551
144
105
479
98
53
367
459
493
712
455
983
958
374
38
28
686
985
112
459
521
462
896
935
581
739
915
903
141
816
729
756
780
803
566
501
732
403
690
276
926
268
915
480
47
801
317
495
778
712
324
135
208
98
836
786
591
521
285
475
440
190
644
411
605
734
551
145
701
318
140
831
175
591
665
22
92
17
678
488
694
227
142
803
720
377
626
441
641
210
184
772
384
823
377
306
138
113
332
588
406
5
328
765
442
62
249
50
882
493
546
200
605
299
163
726
146
972
798
330
683
359
204
300
993
963
515
595
483
499
361
397
266
122
861
953
224
353
905
479
921
521
425
318
502
367
345
392
423
966
644
190
364
733
111
279
875
593
126
193
50
727
95
286
923
257
419
767
781
579
769
636
989
925
254
17
111
577
836
408
668
662
169
897
745
413
108
866
667
779
781
324
480
980
894
93
312
448
531
752
891
51
785
989
626
77
612
630
870
594
331
242
860
967
379
356
214
42
511
464
538
55
303
607
479
566
609
47
474
227
965
877
782
74
756
253
783
47
971
673
555
701
213
189
110
455
789
457
902
158
658
957
557
456
681
649
716
984
873
261
86
649
956
673
818
619
437
112
144
16
446
982
972
566
167
640
573
3
199
239
654
698
727
42
353
881
18
154
729
974
290
901
55
481
208
282
440
533
806
476
191
104
925
458
130
888
210
823
879
113
645
869
369
59
96
493
411
543
425
867
910
426
586
542
250
110
816
625
84
210
880
167
668
222
431
740
585
343
335
656
320
425
809
263
732
295
480
822
128
232
820
750
75
32
256
249
123
456
496
338
899
624
281
496
898
827
352
931
217
764
635
930
788
905
626
426
440
721
651
496
379
485
55
376
209
507
341
622
281
646
692
382
164
780
280
569
485
862
740
762
789
711
104
907
13
161
489
278
232
259
735
776
612
39
565
637
185
440
85
237
272
798
902
325
727
717
621
214
484
102
133
658
243
636
978
140
934
535
903
601
902
411
50
307
659
974
565
512
406
295
451
130
924
580
146
44
939
391
590
472
825
436
814
201
767
264
351
866
290
523
1
42
21
217
314
257
519
214
437
843
886
16
603
490
557
141
431
485
612
573
348
203
672
644
273
621
418
863
78
243
165
247
332
516
580
831
231
950
43
185
720
730
923
63
716
316
306
528
789
484
215
308
137
174
385
642
588
468
856
539
238
220
967
151
679
930
852
167
769
868
75
529
551
83
27
706
601
426
291
281
455
282
710
914
982
455
921
314
303
174
756
762
385
820
362
781
768
89
600
37
698
194
47
279
628
451
990
147
12
845
379
992
548
695
612
694
55
610
27
743
962
834
235
105
662
40
630
554
382
188
973
275
938
371
851
178
932
460
267
281
826
609
627
749
163
151
116
193
448
554
178
329
766
228
949
292
934
336
137
270
88
450
312
462
298
727
852
376
189
895
623
347
748
299
649
214
684
788
510
577
98
359
102
75
885
364
183
85
275
509
299
151
588
734
175
971
335
237
200
765
51
823
528
755
370
233
468
636
396
680
736
846
534
146
45
172
875
124
827
26
845
229
366
197
509
51
263
647
551
827
898
852
296
186
721
410
800
831
276
649
460
794
202
464
57
916
322
405
204
64
179
264
478
880
47
361
927
203
74
185
613
195
350
313
11
358
6
702
309
762
868
56
798
70
994
642
849
534
198
628
943
372
117
251
833
648
765
750
60
308
942
881
129
415
707
153
961
266
481
740
877
76
417
883
984
332
683
385
817
738
68
838
59
626
31
168
466
630
490
698
235
672
358
234
802
957
747
29
17
687
3
516
723
735
287
571
549
827
545
785
567
98
343
24
655
312
328
686
485
607
666
149
963
78
780
125
775
735
497
704
683
598
559
594
620
353
593
98
445
496
40
491
676
677
190
502
99
523
588
764
863
422
683
764
960
826
55
302
358
6
710
879
648
149
521
707
990
157
2
482
782
604
213
757
672
738
759
923
745
756
294
854
104
286
133
725
771
64
493
575
281
608
515
940
193
246
597
794
372
666
484
723
158
468
615
409
513
493
438
898
413
953
526
172
498
835
148
978
771
754
668
875
271
142
798
23
956
333
236
757
273
224
803
839
524
82
597
349
420
789
980
578
418
205
26
164
707
729
768
759
789
97
271
682
688
42
76
647
82
801
710
634
784
495
35
390
646
105
978
290
825
531
829
260
975
890
389
624
836
92
665
513
815
173
439
958
719
214
640
40
10
187
982
326
270
130
704
32
138
912
346
899
923
794
460
94
982
46
414
928
617
395
725
535
995
68
900
269
996
238
448
582
58
628
235
618
964
757
587
188
509
791
237
551
361
516
969
531
643
279
335
252
273
906
339
18
901
498
151
673
396
502
670
882
854
890
403
750
338
541
339
100
297
555
842
794
388
725
676
32
617
143
239
353
383
742
276
72
917
610
528
470
614
131
544
796
154
513
79
360
967
885
522
982
332
767
231
347
115
875
960
860
359
991
72
614
423
7
206
323
231
28
680
908
116
123
899
363
907
536
241
835
988
856
927
902
440
333
283
217
63
175
706
970
722
578
177
760
761
820
676
239
839
807
702
169
885
940
118
675
575
762
680
883
837
808
249
462
282
629
476
387
889
906
414
375
186
883
429
391
736
814
815
11
808
863
255
965
640
309
85
144
539
47
843
206
821
347
86
25
95
368
917
783
510
614
460
586
568
115
329
479
826
809
216
521
729
941
382
755
852
627
731
949
530
266
934
373
921
380
932
193
849
641
109
146
842
887
772
861
653
385
836
983
704
756
411
889
903
29
259
930
351
253
979
551
22
766
861
81
194
116
968
530
991
779
817
279
153
909
568
876
231
117
862
879
539
777
604
163
337
495
825
637
42
843
400
576
302
758
87
448
603
237
522
598
562
221
324
928
599
998
734
435
580
150
688
406
904
931
173
170
429
580
792
82
929
650
386
635
637
261
328
501
30
492
781
882
772
698
177
316
569
591
92
429
332
146
481
454
712
556
482
341
695
911
170
856
368
566
69
32
442
3
578
217
725
835
262
189
292
162
914
593
96
275
363
261
894
924
187
815
231
292
792
703
861
238
755
596
369
147
859
499
563
938
481
527
859
596
355
693
574
786
891
992
101
45
754
642
585
519
184
249
454
733
881
783
30
747
897
874
258
20
849
551
812
447
290
57
170
446
864
148
500
84
543
724
592
230
323
979
20
472
541
553
197
235
639
597
718
956
668
536
698
392
509
143
736
613
852
197
889
348
182
172
833
502
386
658
912
175
198
19
602
953
943
576
194
964
312
881
125
766
932
583
130
406
738
621
899
651
523
600
969
149
195
50
843
671
274
625
319
572
365
410
623
748
604
354
158
968
372
962
833
659
512
441
693
827
813
106
842
919
339
10
181
901
963
72
432
375
633
366
393
569
428
427
625
347
288
716
911
743
623
399
407
178
592
989
865
621
591
995
495
799
157
924
732
601
750
977
215
87
781
577
346
884
739
833
723
414
681
140
959
197
875
654
581
422
790
691
493
285
588
83
875
560
423
329
85
977
839
281
690
871
373
261
982
902
787
752
850
266
175
28
692
105
771
365
303
978
125
382
27
316
824
74
679
679
242
742
501
285
210
706
842
183
534
216
76
202
555
271
684
329
930
372
843
694
881
305
926
338
298
185
578
721
770
362
698
506
814
271
831
114
391
122
344
700
998
745
871
158
786
459
974
517
471
423
300
378
172
550
809
675
901
97
286
222
725
471
119
581
178
334
263
592
470
276
670
362
227
883
390
875
252
136
848
136
994
718
751
275
956
887
806
326
965
128
999
733
14
250
786
708
289
72
935
264
526
23
599
441
737
228
13
947
507
786
631
701
87
743
488
299
691
741
842
313
172
656
615
651
369
287
57
877
400
427
838
397
390
747
803
371
981
986
85
304
627
170
764
812
662
579
413
206
883
129
507
202
998
113
176
92
401
968
660
535
259
203
135
750
203
372
364
347
4
81
776
147
844
303
45
15
498
494
738
864
419
405
261
879
706
391
801
34
300
853
44
334
20
216
27
390
906
16
934
622
356
975
423
905
933
399
86
985
476
477
404
26
681
192
119
251
683
905
39
187
642
172
474
351
187
564
635
9
77
540
130
294
100
618
32
861
200
474
870
912
893
227
352
128
739
501
875
305
751
522
723
568
110
863
569
833
788
555
560
311
854
63
782
676
433
83
757
443
354
720
623
79
615
298
341
334
729
873
597
118
712
661
110
283
255
33
442
11
523
231
973
294
837
982
810
79
938
379
242
747
189
103
911
716
749
553
831
680
385
589
806
67
903
584
274
641
622
892
504
370
826
706
620
421
333
533
175
113
558
292
380
437
745
83
505
474
414
667
598
805
146
406
267
507
442
366
774
409
306
405
367
310
215
589
857
901
491
126
700
317
961
82
69
601
704
227
343
924
184
689
930
771
666
155
286
184
31
345
467
702
880
452
221
333
821
475
93
603
952
481
955
217
573
750
878
865
174
167
431
154
60
754
115
241
115
243
455
733
470
893
85
906
342
696
501
569
997
10
403
29
863
21
334
121
214
988
155
701
404
847
534
731
850
759
958
273
989
129
378
773
677
745
200
597
125
137
682
405
290
626
666
148
836
726
125
176
536
571
991
235
472
884
802
921
127
471
698
383
435
502
530
585
946
505
388
803
723
772
286
788
203
833
359
497
957
286
982
747
212
887
539
667
703
131
805
284
873
79
427
960
868
787
179
188
51
229
555
415
80
796
825
67
313
86
972
409
40
505
737
670
278
356
411
332
991
779
441
289
896
413
102
907
10
150
52
257
163
68
320
698
52
369
318
691
216
485
407
916
941
593
256
118
504
907
400
341
647
465
732
31
731
311
933
891
460
18
148
410
684
789
605
220
339
967
329
707
19
596
457
42
997
556
839
79
61
147
301
702
651
627
941
297
43
920
886
436
674
51
93
582
979
792
793
467
786
257
346
607
117
220
892
207
846
994
873
43
31
739
654
551
295
443
125
489
175
124
952
362
108
832
23
885
747
6
529
145
420
820
464
407
19
291
904
114
346
326
307
644
493
315
243
457
914
11
933
441
788
264
768
254
573
848
42
966
379
946
401
367
648
794
436
505
3
995
671
233
202
405
766
682
771
838
934
122
523
835
906
899
344
151
866
853
81
686
435
412
496
273
193
786
575
867
730
708
305
838
682
268
747
252
807
834
284
207
851
59
84
885
380
461
558
379
50
923
930
263
846
693
21
352
569
278
835
370
614
744
600
972
864
669
814
991
884
608
800
12
760
43
486
831
327
688
271
234
765
486
524
345
552
897
204
95
227
426
401
749
574
696
505
505
681
326
334
650
763
878
314
536
771
456
392
732
871
305
541
157
814
931
78
292
589
423
403
522
423
250
643
288
603
779
953
533
932
411
655
900
61
14
963
477
403
987
659
365
995
415
197
596
288
977
772
89
602
711
782
220
413
84
555
585
434
501
260
894
842
441
979
322
718
49
804
673
510
788
55
708
172
388
593
981
512
803
505
699
143
130
744
789
829
342
355
160
363
116
527
294
612
152
799
66
852
741
270
115
84
407
630
438
305
142
899
316
116
567
472
231
821
306
353
411
828
67
468
741
41
257
601
117
324
909
260
909
920
941
132
512
9
607
754
627
864
912
294
599
998
812
589
424
74
655
133
826
279
958
593
404
315
708
821
91
695
100
173
297
709
92
32
250
372
477
38
55
572
879
812
811
474
153
734
976
610
462
609
175
838
503
350
151
496
433
793
804
495
823
658
224
91
190
965
907
134
437
685
132
190
600
814
208
978
247
188
206
564
74
414
817
938
900
952
994
791
255
338
338
885
768
377
974
489
278
566
978
750
52
200
533
895
424
553
44
802
675
304
231
386
336
504
664
206
165
882
144
706
77
464
628
551
636
699
306
583
701
812
258
727
219
610
740
933
664
850
517
280
531
404
654
66
444
270
176
504
331
545
788
172
220
181
242
558
36
458
434
188
536
790
300
125
362
751
269
709
926
895
154
317
343
23
100
381
483
683
594
456
290
87
859
573
179
810
929
18
765
557
572
504
529
870
454
825
708
716
918
644
250
598
894
127
305
543
917
215
431
639
279
103
15
117
233
627
4
645
498
918
253
93
841
277
371
488
797
906
734
74
858
153
996
658
863
329
19
567
518
481
249
790
201
957
843
331
29
502
700
988
827
430
968
52
42
856
550
164
459
151
946
387
146
417
390
340
939
458
770
317
128
711
871
837
504
255
276
120
167
303
649
684
799
532
510
747
539
42
868
531
36
110
321
341
181
141
997
268
517
740
574
326
568
673
70
163
356
138
597
746
794
319
787
881
926
504
536
484
247
934
422
600
544
198
251
363
13
441
738
875
918
584
175
329
63
536
894
462
102
202
471
780
119
715
684
899
659
881
947
233
82
4
801
683
988
92
525
510
255
962
1
91
601
208
545
536
916
262
237
634
100
865
949
21
843
537
616
551
148
184
785
924
323
584
634
199
964
780
500
313
839
479
971
776
555
397
456
919
593
139
131
632
647
154
901
420
47
298
636
930
884
749
664
971
556
467
246
110
277
772
318
537
459
97
269
600
429
378
961
924
461
293
623
63
148
388
239
11
969
654
981
81
215
406
164
236
134
536
328
975
665
2
563
372
946
782
757
972
834
317
188
189
148
50
954
377
375
437
51
728
170
184
424
45
57
672
599
227
454
420
352
763
718
213
205
829
588
353
165
457
108
272
7
259
350
749
560
532
96
794
40
911
814
107
278
807
31
311
218
490
353
634
214
16
630
711
415
746
104
749
519
497
313
37
595
684
201
387
706
452
410
43
903
476
405
638
756
71
657
983
190
983
476
743
728
169
657
151
753
275
660
759
339
843
195
543
635
182
860
202
795
485
519
152
446
389
520
451
329
662
133
572
143
221
111
293
781
441
142
317
202
5
212
199
594
270
992
717
57
890
513
410
593
953
305
36
600
497
698
624
542
665
318
293
515
16
276
747
779
697
49
155
836
426
871
878
71
371
165
515
78
697
319
183
796
380
116
162
589
256
390
935
70
109
482
626
226
331
689
887
971
469
250
97
396
116
224
305
885
287
434
804
679
280
715
940
874
403
77
13
302
735
835
914
163
717
52
202
441
980
823
169
591
224
652
68
674
921
406
762
276
375
138
320
899
181
125
211
759
584
512
901
867
258
600
930
445
701
126
232
92
541
399
262
356
324
703
25
532
671
379
260
857
705
520
326
871
650
2
280
863
24
561
593
303
941
996
32
765
861
189
90
133
138
49
226
891
579
784
500
956
403
465
802
919
339
890
801
279
298
918
340
596
577
551
128
982
891
862
932
631
979
892
503
230
654
601
865
405
44
836
54
823
278
745
871
961
927
756
229
598
707
946
149
922
363
980
898
553
341
983
346
743
233
220
164
859
554
956
183
36
33
248
910
72
401
577
903
422
382
676
907
316
646
710
650
121
180
319
80
776
568
110
769
832
260
550
844
356
793
166
239
238
422
865
607
420
892
541
89
453
139
939
106
247
922
339
178
894
760
263
81
307
439
253
623
741
461
253
633
471
812
108
619
18
41
854
783
806
366
699
747
743
997
880
597
925
249
355
755
400
982
591
375
815
20
498
341
6
374
422
260
302
55
951
768
622
373
54
745
148
132
273
90
116
93
804
340
173
835
314
93
131
566
486
791
609
321
758
824
356
395
581
672
80
621
38
917
303
680
880
992
821
248
886
111
673
175
371
348
795
182
730
665
593
484
70
472
878
26
776
992
574
599
347
286
248
900
460
201
671
983
521
634
600
52
99
726
675
704
18
565
308
394
516
322
527
760
376
815
619
620
361
238
227
366
634
955
445
11
504
631
783
414
697
55
345
833
119
107
937
8
506
750
577
403
49
473
622
723
796
472
588
336
641
308
593
812
339
862
809
169
266
82
684
979
981
401
268
95
959
800
102
189
617
631
71
896
893
694
906
178
70
267
476
21
665
288
576
384
980
843
250
277
81
857
570
91
877
727
277
924
549
795
918
817
127
258
209
230
31
567
522
910
312
32
656
244
349
535
895
883
146
415
628
800
686
651
527
761
304
301
225
96
794
225
452
463
109
947
83
494
747
7
5
463
10
510
933
426
963
191
873
549
719
806
186
184
319
327
638
981
511
887
19
669
591
330
525
83
760
66
710
369
415
901
395
798
729
555
639
257
784
426
136
590
279
953
245
594
927
484
221
236
505
941
317
187
511
27
546
826
426
673
283
833
10
453
265
297
73
937
310
906
722
263
598
483
395
590
210
665
827
359
187
156
522
252
990
734
489
154
477
264
501
562
486
648
56
317
603
485
698
500
196
17
284
173
105
359
962
557
702
549
834
981
433
870
658
510
519
352
965
353
932
379
32
959
872
34
969
803
468
254
250
306
773
903
197
829
907
993
95
967
577
94
454
228
909
829
92
278
906
194
754
747
9
763
502
45
295
102
41
28
313
965
291
879
817
223
821
178
707
266
177
768
541
168
72
491
101
889
809
444
309
489
210
216
784
778
155
255
259
900
106
397
168
158
423
889
151
335
409
684
703
675
567
480
419
567
484
182
738
135
580
96
938
319
763
45
9
828
460
889
73
306
599
818
155
718
809
95
457
151
275
212
22
836
228
994
643
628
211
851
584
866
473
879
365
534
833
479
22
597
824
941
312
53
72
312
874
647
68
954
751
394
595
344
142
59
902
198
524
167
507
154
43
715
737
831
574
595
184
497
489
416
735
927
95
439
987
68
986
90
304
421
37
523
517
396
455
559
622
996
300
975
221
515
515
586
820
193
21
731
401
677
736
344
835
611
961
192
320
884
993
864
773
654
816
960
43
606
318
241
595
525
772
276
752
484
442
352
607
73
828
496
607
602
486
858
525
689
366
62
544
445
302
882
48
208
65
218
607
202
339
311
252
320
713
540
712
271
97
547
326
183
593
238
8
848
425
431
140
624
212
579
623
436
705
621
334
576
311
928
939
950
374
168
372
978
846
547
721
896
622
695
810
512
969
37
483
70
929
368
630
786
935
652
437
110
606
367
903
470
860
700
118
835
233
847
543
558
928
346
478
25
391
510
851
975
467
883
190
665
436
135
912
226
241
536
924
512
885
268
411
619
82
393
329
624
234
374
325
590
26
685
110
371
114
216
469
14
496
998
529
887
250
753
719
684
391
263
824
40
421
916
315
175
208
951
734
547
269
773
94
331
887
903
512
28
966
517
328
948
520
175
355
835
619
494
276
524
653
971
26
372
99
933
481
36
176
915
631
689
212
617
936
398
414
783
579
693
81
4
490
450
404
864
817
505
301
152
217
253
74
128
824
25
93
783
361
813
656
757
496
436
98
552
439
518
858
582
512
21
326
629
700
273
952
275
105
63
150
642
879
273
189
542
90
832
343
99
615
570
258
261
557
576
360
542
768
326
115
412
950
447
14
517
43
715
267
235
860
602
312
822
427
539
234
108
929
726
730
267
934
451
307
380
592
653
982
193
412
560
817
390
364
98
993
185
653
190
383
363
492
951
280
789
904
862
931
786
265
95
517
681
731
50
743
941
761
198
98
427
653
30
142
395
708
729
86
31
371
327
414
588
637
586
445
192
454
606
143
438
680
577
876
673
835
553
344
447
158
224
967
979
169
870
554
31
932
506
5
860
228
964
429
993
306
365
729
789
913
91
523
978
516
439
68
860
693
578
828
798
887
72
697
17
899
526
214
489
30
392
919
559
70
317
277
371
440
129
336
161
786
891
159
799
567
101
541
899
741
665
744
259
941
423
368
16
91
98
957
378
763
154
385
435
983
333
801
34
65
944
803
80
252
146
775
663
834
104
888
19
273
805
411
726
246
994
834
396
667
398
160
764
453
774
136
631
797
560
599
401
495
708
382
115
626
863
451
191
350
64
759
395
466
745
788
629
330
598
826
548
992
911
814
344
295
965
146
518
421
697
38
473
901
237
439
679
626
674
667
794
30
533
169
451
718
808
281
850
433
475
878
129
680
517
55
480
554
251
244
207
697
149
298
731
174
668
284
972
559
197
118
13
23
28
65
714
383
800
77
476
77
42
682
13
636
970
862
248
839
311
700
601
232
182
66
613
393
661
205
249
238
221
974
340
537
543
152
984
691
826
665
483
591
383
83
336
544
29
465
436
463
729
499
139
134
810
865
974
78
414
846
744
13
483
837
233
72
457
382
402
889
244
987
521
187
358
82
479
59
372
915
509
962
311
33
413
50
793
333
679
50
191
392
276
8
898
153
506
495
406
28
854
185
111
593
970
413
553
428
450
244
775
250
986
726
847
993
134
836
657
231
610
76
431
470
283
673
981
565
463
682
552
880
166
637
420
359
879
412
494
804
808
674
414
658
671
184
781
930
696
892
309
965
186
481
237
317
114
974
199
429
202
824
585
606
528
596
340
300
651
449
848
260
402
297
983
843
251
847
269
459
965
167
799
662
570
586
604
453
574
504
413
979
73
837
274
734
262
305
817
792
966
5
929
351
39
805
496
734
122
483
55
560
961
347
69
799
175
618
437
942
800
715
309
706
255
514
402
533
737
626
492
433
750
400
9
773
33
302
861
530
381
154
209
712
537
415
151
577
272
487
274
433
187
109
980
318
159
104
554
663
600
803
38
487
820
47
749
307
232
839
268
586
135
611
789
236
980
555
422
345
937
211
820
220
770
453
666
785
33
703
341
264
800
472
668
631
523
434
312
919
521
424
778
332
399
95
524
919
298
346
931
432
455
985
915
169
315
870
716
20
566
945
934
831
935
814
549
247
836
12
702
915
304
458
809
371
87
252
817
190
2
675
605
505
794
301
281
383
950
66
78
45
336
937
823
24
241
113
574
459
216
991
315
16
835
15
378
379
297
499
791
946
824
428
683
403
10
967
414
820
606
542
531
508
366
653
558
661
847
727
274
328
64
490
566
690
246
787
238
450
16
452
687
645
875
65
906
626
694
784
68
860
158
920
13
761
787
762
856
213
701
710
958
652
854
503
729
81
126
527
708
357
694
24
705
145
825
334
785
47
516
38
76
754
777
727
849
886
956
760
192
850
265
906
821
780
71
328
332
336
531
809
720
270
869
161
391
562
771
471
846
319
636
705
285
298
51
830
726
67
8
252
719
144
671
465
407
958
48
479
549
543
640
782
907
594
570
450
418
841
694
55
92
394
418
3
177
842
835
157
891
381
568
200
584
144
277
782
911
298
366
170
614
398
876
960
19
423
766
641
995
807
919
19
458
518
539
675
906
501
428
737
794
392
905
399
687
645
820
797
823
126
628
620
98
726
592
758
34
570
986
304
567
491
367
387
529
359
461
310
367
139
21
806
631
495
246
726
563
913
294
843
366
983
80
5
50
328
975
725
434
66
119
593
570
494
269
656
917
722
183
639
31
233
249
934
222
823
333
412
201
649
355
744
662
460
113
11
316
652
191
938
697
626
477
63
168
720
984
621
176
108
561
276
31
258
278
278
324
40
273
264
538
986
139
214
972
522
602
757
33
583
990
421
273
292
329
22
235
267
515
750
295
538
301
694
460
991
819
625
263
485
603
490
424
974
484
931
394
604
943
75
836
808
470
671
658
935
575
698
141
280
967
523
868
503
286
929
884
648
907
855
415
578
364
227
334
348
969
576
751
478
404
266
975
251
409
545
53
816
250
406
377
390
418
750
230
610
770
164
514
883
405
667
556
728
946
620
710
406
584
442
707
595
561
325
795
910
235
731
367
636
627
527
292
478
295
318
314
631
587
113
301
116
202
534
235
597
988
543
164
355
110
60
562
746
175
682
490
657
95
160
985
744
772
669
600
202
494
392
190
99
273
118
672
12
395
655
957
452
887
35
737
755
654
162
653
84
299
614
343
301
290
413
536
463
995
387
152
277
839
871
6
581
163
932
166
516
808
612
580
602
734
131
188
757
400
995
404
658
280
697
223
347
291
861
776
8
290
631
412
500
148
11
606
873
390
466
464
933
12
609
675
179
380
350
813
596
795
376
275
560
770
982
454
36
936
581
56
954
616
79
719
487
592
492
875
428
955
832
796
714
616
822
206
785
778
893
992
900
893
910
705
78
37
903
140
805
904
964
85
986
244
524
128
513
579
39
119
917
621
299
182
248
797
70
16
411
823
394
583
706
693
513
850
864
862
687
445
688
403
308
962
262
724
75
904
665
679
885
403
819
842
105
806
874
803
272
373
921
540
948
274
483
609
590
704
590
793
381
125
530
32
627
237
476
366
757
355
127
715
877
449
224
240
178
316
695
674
374
475
335
588
368
414
481
83
509
146
675
773
455
847
333
184
668
8
146
893
890
167
946
732
365
532
354
90
541
802
651
346
34
44
846
486
419
317
66
745
502
972
62
646
67
943
746
241
739
477
559
600
337
154
61
932
705
400
696
483
979
186
716
269
205
273
387
411
653
749
269
968
978
151
665
140
868
405
423
809
542
298
189
439
787
891
398
141
536
638
914
569
299
980
274
508
516
520
819
979
160
804
932
236
754
651
90
413
29
921
503
404
752
694
634
693
681
519
719
85
491
722
649
524
592
185
709
287
106
4
233
923
123
572
637
644
484
460
712
710
991
493
536
263
882
468
871
760
322
858
23
995
496
310
687
634
933
646
951
229
404
755
971
69
604
317
952
301
158
635
924
197
590
360
309
34
980
450
487
551
761
409
945
803
673
40
283
954
782
487
138
174
775
95
517
16
890
567
242
885
574
872
544
322
968
399
71
480
823
769
900
134
43
842
936
606
226
899
604
319
453
369
537
681
829
554
801
290
201
771
989
860
689
744
731
88
475
172
51
649
843
925
273
249
341
151
865
62
176
505
163
190
591
539
226
952
253
745
836
233
252
950
247
769
60
114
888
589
657
5
979
369
615
926
730
970
854
425
17
761
629
47
55
595
837
368
767
760
678
665
504
751
120
754
90
660
922
476
812
446
402
220
11
905
763
82
595
747
180
989
275
727
328
26
139
620
992
784
471
698
214
663
142
43
824
417
135
651
892
547
894
891
706
613
703
751
615
971
539
809
566
276
660
351
21
172
419
808
112
716
279
518
769
627
196
479
473
875
89
623
958
118
875
920
190
157
851
957
763
582
783
106
525
6
388
808
764
868
993
761
466
536
522
470
927
14
682
392
254
405
343
830
655
613
802
892
50
840
992
746
571
847
913
55
546
358
203
279
716
33
692
750
565
187
197
814
350
535
58
800
574
985
344
671
3
529
987
520
376
750
281
467
686
944
773
119
776
727
934
663
800
698
520
537
833
459
544
759
199
738
560
911
16
142
372
447
738
157
816
628
599
396
850
686
391
332
560
531
422
706
622
391
752
106
754
502
827
578
226
515
221
19
162
856
604
586
366
517
543
235
180
721
341
247
231
12
861
933
131
512
653
925
172
854
676
885
16
121
981
467
395
583
303
950
249
263
350
449
73
894
534
148
846
930
703
115
846
59
161
88
724
902
204
432
877
842
211
344
995
341
395
815
555
231
59
532
459
525
984
47
654
338
859
762
540
332
729
847
50
995
336
62
792
84
955
54
244
31
173
634
599
623
131
90
570
176
865
647
222
559
18
347
903
40
302
506
683
372
677
880
26
984
520
278
204
886
358
739
552
682
104
314
420
508
14
434
719
344
13
85
472
622
966
10
554
326
914
476
632
513
836
417
468
751
135
9
280
366
746
730
800
157
870
95
648
323
941
111
34
106
721
207
829
231
783
774
381
797
54
590
154
736
606
1
391
202
516
76
272
902
131
511
156
280
123
254
255
844
723
116
711
12
994
483
338
227
81
636
591
933
652
937
357
10
468
68
574
459
71
789
722
656
894
73
515
162
899
255
879
561
999
441
340
159
461
34
866
210
136
866
626
719
510
820
788
673
780
461
144
53
603
227
632
359
474
708
858
563
447
559
521
573
967
119
27
870
185
500
540
840
723
950
848
979
800
681
76
13
817
943
91
641
612
866
360
186
768
368
934
652
63
940
984
516
976
53
54
434
43
803
331
254
390
392
658
188
997
719
431
751
304
990
959
463
21
379
390
895
392
919
809
348
636
542
365
483
514
587
479
654
152
367
853
31
824
858
47
449
958
868
173
435
454
469
938
887
472
842
262
728
868
183
856
872
797
368
225
508
540
330
713
194
890
166
719
46
229
651
913
780
402
839
758
187
462
121
358
449
756
465
12
260
209
306
843
475
950
323
903
467
689
820
169
696
472
367
69
385
810
445
607
260
282
346
678
283
650
281
774
327
120
72
716
584
806
389
711
502
471
962
350
408
391
870
685
489
669
342
467
406
229
429
548
993
311
141
107
379
410
14
292
447
993
702
344
235
23
47
480
344
91
799
968
748
937
839
115
556
223
18
733
923
771
840
126
739
395
693
376
474
686
422
934
8
7
786
462
958
633
148
663
135
855
525
347
282
196
724
562
702
410
310
864
133
414
392
366
498
945
201
625
150
771
117
708
165
892
725
399
455
504
64
439
88
345
433
919
148
860
811
852
723
25
241
234
409
981
397
7
107
832
701
193
243
567
237
487
210
746
641
780
624
611
642
80
545
534
450
667
683
73
920
623
988
642
931
786
993
472
844
842
407
440
344
480
435
297
95
526
396
531
750
785
232
919
888
641
79
361
20
215
404
310
906
781
597
285
244
185
781
789
404
227
90
878
989
217
746
416
103
910
11
384
43
83
420
893
561
138
350
62
631
916
720
634
362
813
883
55
618
31
606
208
46
817
110
897
791
208
997
105
676
521
350
878
32
287
370
626
204
801
571
350
296
222
842
379
480
465
517
948
538
354
76
726
758
535
498
197
339
945
932
24
95
86
675
91
742
245
287
404
735
742
434
215
935
536
936
734
508
925
57
313
731
243
301
631
824
696
251
316
840
23
129
535
679
640
221
207
824
205
27
317
525
954
119
93
796
380
49
857
88
173
132
528
811
656
154
554
141
590
780
96
986
986
29
91
781
419
908
435
906
223
196
971
625
668
289
793
792
58
225
393
984
640
931
394
760
450
474
371
355
127
968
676
967
881
264
277
435
492
752
184
755
425
862
365
667
911
399
11
692
744
757
815
153
94
454
491
130
162
522
422
472
805
768
156
751
317
465
756
493
475
698
2
76
385
98
712
975
348
815
766
424
689
598
297
251
941
354
438
280
599
86
238
929
658
660
355
820
770
812
749
757
588
913
113
410
270
526
987
798
195
583
804
526
315
522
901
188
125
782
417
149
224
470
410
248
949
980
407
535
782
786
44
357
26
978
19
521
791
957
411
973
65
574
481
463
292
384
31
487
230
620
336
98
875
718
366
254
432
69
848
932
614
553
703
171
342
392
343
585
827
233
909
344
618
439
387
215
412
788
731
491
479
837
217
838
429
88
571
226
325
671
395
485
629
309
501
14
77
149
779
907
563
84
322
249
9
482
524
517
982
586
725
878
66
861
106
174
760
443
692
199
397
494
371
481
692
762
871
867
310
49
686
305
707
126
807
247
257
412
313
862
430
734
753
736
79
3
260
177
650
979
922
622
505
362
881
46
858
355
228
168
721
950
844
399
450
259
480
221
898
298
546
608
198
460
102
635
197
727
596
631
735
437
346
662
48
231
985
774
847
701
810
841
764
943
75
192
317
720
419
343
183
897
200
864
863
905
893
689
953
865
141
442
312
403
944
401
986
851
949
233
350
470
69
994
619
847
769
240
469
249
592
982
30
269
277
722
128
35
624
95
191
334
632
249
546
451
29
170
937
544
861
228
428
453
115
951
431
362
541
10
671
311
49
255
196
88
454
457
616
672
970
653
973
432
943
246
236
879
1
687
716
301
671
919
146
415
804
694
908
936
488
483
973
94
889
808
244
859
92
783
658
822
259
994
678
763
376
457
598
580
674
243
882
267
969
58
140
352
730
841
95
21
470
778
639
14
263
855
441
634
231
768
70
817
517
901
768
947
170
798
962
875
343
608
409
328
61
110
750
925
930
952
340
893
323
138
876
697
934
817
200
218
352
752
471
121
265
564
14
912
810
125
561
957
760
603
831
538
517
269
967
855
547
317
157
146
514
515
24
314
209
826
262
568
586
692
366
899
484
722
721
283
915
915
886
572
774
448
820
93
662
70
21
773
135
313
86
155
408
761
906
289
387
183
321
138
447
581
618
545
547
499
706
681
681
504
764
864
792
626
935
591
833
995
837
28
593
336
277
495
132
95
130
734
528
319
763
189
94
448
633
335
887
182
777
873
814
318
522
540
983
924
50
207
757
459
131
964
925
209
946
326
110
754
16
41
8
915
355
393
987
498
216
458
414
342
565
281
445
199
88
346
59
408
220
2
201
320
122
792
542
627
673
545
216
94
510
876
70
585
555
805
553
216
358
70
549
107
944
847
770
760
371
83
282
575
968
610
728
716
129
902
870
216
471
129
908
872
362
125
27
276
736
356
642
180
911
701
863
601
408
973
103
482
809
175
973
133
274
237
359
148
99
675
695
779
91
425
212
144
234
591
820
498
568
577
447
160
337
939
435
585
5
576
309
72
967
517
969
37
917
416
882
636
187
658
503
748
636
951
281
651
38
162
246
669
173
412
114
650
741
529
830
653
804
916
640
787
210
688
538
408
815
350
940
7
823
266
871
134
87
4
925
378
782
977
943
737
475
529
764
601
310
225
630
432
49
685
243
319
495
223
521
398
491
536
727
905
243
105
499
947
349
71
11
548
539
115
661
611
25
584
206
878
964
854
203
42
748
306
211
117
74
7
974
345
550
994
990
600
335
7
882
704
349
627
927
769
440
39
4
977
371
872
352
784
880
562
882
926
522
119
384
660
947
242
73
633
876
407
569
518
414
289
27
952
370
123
621
970
369
277
723
63
687
312
657
940
484
261
730
468
514
478
221
129
130
166
948
497
114
561
915
824
607
358
962
726
25
442
99
131
398
668
957
234
414
222
7
782
978
661
101
354
970
419
798
119
294
840
8
357
920
414
537
970
843
153
408
665
613
683
40
400
647
117
221
475
310
471
307
685
196
602
220
866
916
536
376
84
716
486
285
868
375
217
864
580
197
51
995
930
327
163
563
390
493
798
152
201
479
594
396
623
964
183
411
305
849
706
483
328
374
270
131
119
691
98
885
869
951
495
810
455
871
85
469
53
391
682
213
261
927
569
593
791
423
807
87
827
942
833
988
896
924
381
587
746
369
702
200
961
747
414
661
4
36
748
919
184
911
284
104
379
239
70
570
389
902
187
513
528
477
413
983
585
702
56
728
813
317
45
961
632
498
680
737
992
390
197
107
422
26
784
383
62
48
791
26
884
492
711
870
757
524
17
470
272
412
966
232
228
773
915
913
299
680
121
155
924
418
588
301
534
714
442
500
759
646
606
640
373
708
721
467
555
632
988
836
487
502
392
113
602
121
392
328
691
198
445
644
676
150
648
727
635
204
661
286
978
922
279
994
659
691
915
752
52
523
362
592
784
357
770
601
614
97
698
461
760
962
388
887
762
934
999
858
298
574
701
657
674
282
413
572
961
14
272
169
858
587
780
322
337
188
202
500
767
813
492
846
182
535
534
424
674
909
28
910
2 5728
9 9137
6 7987
8 8920
2 9846
1 1758
9 9525
5 8309
8 8498
10 9992
5 5913
1 7830
5 8099
7 8674
8 8715
2 2579
1 9928
6 8430
8 8281
2 9537
7 6996
4 6341
3 7079
7 9897
9 9002
6 9025
5 5034
9 9600
6 9007
8 8237
4 8137
9 9376
1 5648
2 4066
4 6027
5 6784
5 5401
4 8272
2 5952
8 9847
5 7540
6 7174
2 9117
3 8551
5 5384
4 5640
6 7789
1 4800
6 8846
7 8765
3 5438
7 8649
10 9989
8 8396
8 9512
10 10000
7 8101
2 4373
6 7595
6 9139
1 9014
4 6866
10 9995
4 4319
6 7478
9 9101
5 9002
7 7783
10 9990
7 9831
9 9564
7 7193
2 4136
8 9906
1 2178
5 9612
2 5706
2 3691
6 7190
3 5672
3 8936
3 8445
5 5864
2 6222
2 2159
6 6680
9 9398
3 8914
2 7570
3 4624
7 9974
2 6853
2 2024
1 3609
7 7746
7 7037
7 8677
3 4164
4 6437
10 9989
9 9286
9 9125
3 9620
9 9723
6 7514
3 8093
3 5951
9 9196
4 9282
7 9773
2 5164
9 9515
8 9795
2 8256
9 9040
7 8957
6 6473
4 9734
7 9568
3 5326
8 9333
7 8530
7 9425
5 5158
2 8749
8 9424
9 9888
3 6369
9 9493
5 8992
7 8724
7 7027
1 9889
3 4666
9 8999
3 5842
9 9575
4 5157
9 9244
7 9533
5 9953
2 8528
7 9561
3 3652
10 9991
9 9343
7 9487
7 8214
8 9160
8 8784
1 5192
10 9991
7 8233
7 8465
6 9669
8 9960
8 9975
1 6675
3 8854
6 8113
1 4729
1 7949
3 5835
7 7744
8 8745
3 6169
2 7277
3 3632
5 7769
1 8466
7 8846
5 8176
8 8795
10 10000
5 7027
4 9868
3 4586
9 9478
4 7044
8 8220
1 8736
7 8604
3 8645
8 9042
10 9989
9 9588
8 9071
6 6987
2 3400
1 8352
1 8170
2 6037
6 8088
2 7466
9 9551
1 7814
5 8079
9 9770
3 3689
6 7776
1 5970
3 8061
10 9989
2 7887
5 5092
10 9995
4 7559
2 6878
7 8703
1 2260
3 9771
6 8918
8 8696
8 9536
1 4332
10 9990
1 2144
10 9994
5 9282
9 9306
1 7283
7 8401
6 9898
3 8140
9 9625
10 9995
7 7773
2 2902
2 7704
5 8893
10 9999
5 8165
7 8503
1 8929
10 9998
6 8966
7 8239
10 9999
5 7909
9 9805
10 9996
10 9994
9 9600
9 9863
10 9996
2 9555
9 9707
5 9657
3 4409
4 6740
4 5303
7 9492
2 5901
10 9989
1 3162
6 6237
7 8701
1 7136
4 7387
3 4682
3 6065
7 9343
7 8017
5 9146
6 8708
9 9941
6 7951
6 6972
8 8900
3 6522
6 9197
1 9617
1 5625
6 7264
6 6438
2 3526
7 7375
4 6365
9 9419
4 9932
9 9554
3 8965
4 8796
1 5670
5 7112
6 8830
3 4826
1 2671
8 8908
7 8162
2 3698
10 9989
8 8121
1 8093
4 8916
4 4932
8 8123
6 7742
8 9569
2 3262
5 7458
6 7262
8 9693
8 8688
6 9256
7 8322
2 7246
5 5838
7 8386
8 8553
4 8564
3 5030
3 3168
7 9176
1 8316
2 6470
6 8420
2 7151
9 8992
4 6315
4 9372
7 9726
10 9997
1 4495
3 3972
4 7825
9 9963
1 1336
3 5401
4 9943
7 7015
2 5684
2 4370
5 6191
10 9995
4 8917
8 8230
4 7090
4 8774
9 9691
2 4131
4 5513
6 8535
4 4876
8 8327
9 9856
1 2984
2 8166
2 2768
2 4469
3 4873
3 4290
5 5005
7 8177
5 8093
1 9748
3 9537
6 9649
9 9981
5 6991
2 3388
3 5384
2 9380
8 8664
1 9880
9 9103
10 9994
9 9997
10 9992
1 3909
10 9991
9 9103
4 9307
1 6873
7 9082
7 8316
5 7276
2 7849
4 9875
5 8799
9 9779
8 9034
4 9701
1 4346
4 6351
9 9135
5 6352
8 8428
1 6347
8 9799
2 6795
8 8209
6 9436
3 6792
7 7146
10 9997
4 7881
4 7403
2 2586
7 9626
9 9274
6 9451
2 6989
1 6314
10 9997
9 9154
2 7973
9 9198
7 9108
10 9999
7 8457
8 9771
1 5201
7 9274
6 7588
6 8753
1 7508
2 7341
3 7349
3 3358
7 7486
1 3090
9 9451
7 7033
5 8742
8 9739
5 8715
10 9989
4 9976
2 9998
8 9109
1 2733
4 8699
1 5396
8 8406
9 9920
6 8996
2 6452
1 8853
6 8779
4 9216
10 9992
3 9002
3 5844
5 7409
9 9595
1 3505
5 6602
3 3563
5 9166
4 8436
9 9923
3 8701
9 9429
7 8976
8 8889
1 8455
3 8832
2 2825
9 9664
7 9475
4 6691
8 8340
5 7549
7 9709
10 9994
7 7790
5 7051
2 8069
4 4539
1 7188
9 9219
10 9993
8 9480
5 8470
5 9323
3 6500
10 9993
3 3028
3 5815
10 9996
4 9039
7 7922
4 7872
4 5156
10 10000
9 9153
9 9397
2 8738
7 9985
8 9739
8 9872
10 9995
8 9635
4 8489
5 5652
3 5017
4 7028
6 6581
9 9607
