10000 500
2839
6952
5525
6963
8454
8835
6241
6779
6102
4772
4734
4910
4419
5513
9077
6047
7977
5891
7560
9334
8396
5843
6943
4943
7114
7386
2004
82
1956
3289
5935
9631
8974
3047
8480
7495
4887
6884
7759
4552
5656
4321
2748
7417
1942
2258
2140
2217
8975
4888
3191
1589
6498
1943
9617
2005
1178
9970
6202
1613
4737
2994
1387
5585
4914
8241
4935
1329
79
4855
1913
212
2218
3791
2879
7608
4963
4173
9560
579
4402
6770
2643
1432
9578
8919
6872
1519
9502
2479
7280
781
4314
84
5565
9532
5927
8720
3790
7379
6742
4408
6897
4419
2792
5207
8062
9959
2369
3971
554
5965
816
292
8525
9485
2095
5248
2154
6488
2073
4314
7582
6476
4341
6774
4701
5248
2015
7908
5942
5250
6873
3785
2363
7433
8001
5278
8097
8527
4021
4408
6425
312
8927
2556
5611
837
6628
5430
2369
4009
2075
8445
3486
5969
4371
3413
3815
2442
8307
7375
9090
7909
8732
5143
5310
7497
4366
9175
2484
436
3240
4019
6578
8486
3429
4320
5017
3762
5506
8386
579
5816
2031
5872
7821
6066
7465
4589
2162
4938
2690
4170
3492
9079
7869
7840
697
9630
7201
4328
6135
3056
1251
7368
6129
5223
2438
3813
1015
79
4684
5259
8954
8236
784
4601
6442
5809
8949
6549
9741
4105
9081
4270
4135
4405
4619
3396
9829
6191
5175
7852
7290
8119
4490
242
9351
5495
6269
417
1047
7141
2031
6526
3696
4084
4588
589
1108
7168
4571
8584
2342
7510
2273
4675
9670
1794
5633
470
2664
4554
8593
6324
3822
2929
8784
2043
9429
9240
6491
2522
2416
6770
5861
8973
5544
4290
1734
3804
6346
1828
3786
6161
7685
6121
6411
3056
8197
996
7132
4765
6754
3559
6265
3727
9905
2900
9379
4111
216
2744
6513
4502
3551
2965
6344
3178
557
5516
8846
9095
964
5041
8845
4502
5423
4498
6936
498
5763
1411
4815
6594
4089
9467
2410
886
1594
7831
1269
5358
9848
3055
4290
2108
3712
7815
7575
4856
7075
6064
7890
4219
7206
959
6659
4579
5067
8610
2933
5324
4790
5896
5378
6118
9798
5115
1997
5513
7972
6036
7345
2083
3639
6334
8557
2354
6079
5361
8975
522
7430
9624
3388
7418
8186
8554
2083
9752
5771
1760
2540
1842
371
4241
6552
1585
4259
4326
5917
3266
7239
8674
2640
2281
792
3260
9732
6768
2428
7555
3992
2467
8790
6218
5739
3297
6462
4003
7618
6400
4029
137
4158
7496
4434
6764
804
1625
8283
5398
6433
7893
912
2537
2087
7179
5071
6825
838
2330
6859
3592
3748
1313
5882
3956
9973
4795
7699
9349
9694
5255
9196
83
4745
6472
1827
7350
2909
6226
8891
1566
1263
176
842
2691
8042
5362
4372
6620
425
348
9793
8069
5433
9413
1699
545
6693
2066
3052
7917
8151
6540
1198
6541
2432
101
8152
6105
8345
2100
1927
6626
8437
6340
4742
5598
655
3174
3612
7597
7322
6786
8362
7152
5257
7125
6527
9881
8844
2364
8538
1248
3653
4042
3074
7796
2646
7288
3935
1794
5637
1672
3864
1203
7867
4312
5881
9457
4282
6517
1372
122
2724
1527
3099
9885
5660
7357
2635
1024
4239
5872
8554
2644
4497
3326
8766
4382
3081
6847
6312
5683
2003
4104
5596
3000
1499
9540
1971
3702
9148
9616
4798
6996
1725
8094
2361
9704
9352
5996
2513
4401
8473
6524
1380
9881
7
2941
9667
9418
7125
3318
9807
9720
2173
2415
2764
121
8766
8854
8170
3906
401
7078
4617
191
689
4325
4625
2705
8498
7674
9947
1331
7304
7476
8563
3662
8085
8254
6368
3315
2387
9010
7022
1736
9286
748
4936
740
7151
9941
8585
4649
3477
8806
4924
741
7051
1896
5471
2466
1542
703
3974
259
9262
2377
9352
4472
3060
6756
8392
6597
4560
6294
3944
4580
663
9610
3377
5468
2711
5746
3642
4098
4030
9555
6792
5563
1300
4121
5316
4273
6614
9842
6073
609
4165
1392
7269
9806
270
4372
9629
3970
2190
2838
338
1218
7526
1981
2786
7708
4729
6688
3183
2144
323
9891
5110
7119
6202
2792
5408
6073
3486
7244
2423
832
4290
6746
5520
3931
6262
2932
4787
7916
3549
7457
1703
3548
3571
7751
3325
301
1428
7419
7609
3049
597
2275
1665
8831
4932
1442
7817
8508
769
6831
5241
7669
6312
7971
4841
8191
5921
3357
4791
4810
5737
3587
8353
3518
4372
7624
2612
3088
1709
342
2222
6787
1561
1895
1433
3307
6357
8793
5339
4357
1711
4790
7505
2158
9563
2510
8131
414
6069
3943
2148
6504
6363
5809
644
2402
2698
4811
3852
2219
9539
8028
9059
6691
4012
674
3581
4850
4073
497
165
3261
3372
8257
2157
4467
2695
1740
2114
122
8686
4449
5048
3246
8027
9508
7380
1539
2038
2828
6933
401
3431
224
7311
9953
17
4996
3558
2899
527
2775
6294
4709
5811
6423
1366
9559
8709
1110
4026
764
2697
9865
8436
6201
7664
2872
2945
2270
1229
5238
1496
762
770
8292
3284
1132
5855
1827
5122
8601
7775
8141
3617
8467
7748
3039
8006
4046
2720
8778
9179
9620
5434
5206
3414
9508
3567
3757
4374
6024
9649
2181
3188
4600
4515
1008
4527
8271
5652
5187
6811
1575
1883
8907
9098
7867
6724
1525
5747
772
9551
5424
7047
9816
4420
3720
6777
7890
8005
3164
3044
7743
7039
7032
4406
9805
5600
866
2464
9315
5430
8485
9076
294
2097
2203
2476
107
5699
1028
2495
9813
7603
9937
4363
872
1774
5348
8829
7398
9930
6627
2969
2791
4519
7083
1390
3511
4471
3037
8102
7198
9578
5666
1930
896
510
5623
2923
4692
3574
6445
2015
4958
1057
9508
6660
6419
4690
8295
4120
75
1441
2513
1636
8682
3109
6047
5500
8644
2844
4576
8695
386
3048
2264
4883
5948
4867
6517
3981
3798
5899
5768
3051
6454
7141
9521
8390
8047
7455
9650
2278
7468
6071
7279
5089
8153
2216
6241
1750
168
9409
190
1217
9701
8741
2641
1130
7306
1131
7832
4825
1213
955
1964
3126
8175
8754
3221
4676
4808
5499
8443
8077
5947
6226
4033
1595
2882
3438
8840
1129
8504
7390
4176
9989
2011
8520
1732
1838
1829
9553
734
4016
2997
6955
2464
843
7304
8043
4455
9736
3884
2287
7988
1172
5377
7997
9903
6022
7939
7841
8408
64
8607
6533
2321
2598
1469
4964
5475
7208
2765
8883
8039
7620
9484
1753
8746
5782
8209
312
4480
9173
4352
8157
1793
9283
3761
7819
6220
8327
7029
6262
8997
2011
5555
9186
6756
1309
6720
4406
4639
8486
5461
1235
2988
9140
6696
6643
1999
5589
3775
79
5078
4560
3678
1746
7307
8527
4303
6354
5148
5668
9811
8287
5001
4307
7103
2645
2472
5606
7976
2661
6157
4456
6631
514
9834
6957
952
6687
953
8088
1921
8546
7477
7812
7978
5462
9198
6112
3134
1784
2591
1220
9159
8865
804
2660
3716
2898
7461
5316
9326
7459
2032
7075
6009
2134
5979
2829
5309
3182
8176
5205
3495
7456
2790
1788
5366
4183
2349
5416
3886
6607
5944
556
8489
5120
1542
3724
5624
192
7013
550
224
6782
637
9061
5293
2901
5515
6727
5922
8478
6548
7379
9259
1518
4115
2485
4432
2183
6577
9314
7491
431
5877
8798
9823
9663
5114
4897
8614
4987
4495
4982
7947
3250
3918
3449
9639
8740
7848
2691
8601
6427
3605
6824
9540
3717
7485
5976
740
4539
5771
5105
8827
1297
4037
2141
8952
9983
5023
950
2483
6404
2041
8883
5288
5223
7406
2146
3977
2408
4447
4608
4221
4525
6008
4301
994
4339
7415
1059
2302
2589
4060
674
7481
4295
2074
3546
9276
6917
6187
8747
3901
2049
5737
7024
536
4753
1925
6643
5868
8237
4374
2638
6447
4018
9598
8758
1344
5371
9150
4345
1259
697
2051
1555
9773
9602
3353
1561
721
8425
3912
8650
8182
3320
8105
2255
2066
1334
4942
7188
5400
7145
7804
8692
4283
7236
4389
7230
9697
2455
5416
3365
2503
3815
9041
3689
2419
5937
1393
8506
2159
5699
2851
3280
9222
4136
7114
9024
5244
6225
6415
9670
5836
2388
1123
8319
6286
4260
6955
1537
845
6393
5099
5193
2673
1341
9088
4868
9861
7395
3512
5831
2014
5343
1457
5075
9657
6100
2446
8560
895
641
4637
346
3434
4519
4178
4543
9461
4364
7745
5813
3459
8303
9455
4223
6218
2630
3789
4073
3492
1185
4983
1590
3363
6989
673
6407
186
1507
7970
2472
9882
5419
4809
1155
7896
5907
3153
8293
8499
8786
821
6762
1906
7551
5803
3089
8203
6603
1629
3517
2087
3370
3196
1946
3578
2965
1852
2768
4552
6070
4508
4951
1863
5145
6990
4832
4512
2918
9042
8391
7396
54
8057
498
6594
5928
9265
650
1944
3545
8802
5413
9812
8476
5209
2243
5510
7497
3245
813
8504
1446
8961
7342
2664
9042
9369
9617
8550
3301
409
4361
4108
481
4489
8531
487
6478
436
374
5997
8630
7116
9292
8123
8134
700
290
5773
216
3980
7020
1943
3335
9254
7848
6246
4717
1354
6917
8641
2369
2708
9018
4979
705
7963
8021
1621
5865
4404
9270
3166
251
2586
9752
2801
2297
1187
3959
8329
1415
6193
8057
2811
4892
3456
7024
6077
965
1332
9232
183
4820
9229
114
8302
8043
3729
4238
6373
3186
3827
6941
4783
3752
6884
3189
1304
4508
6240
7789
9442
3774
4811
7029
3944
6239
6512
7440
492
4648
2290
29
3436
636
3547
9239
8353
5060
7611
1253
2290
1523
9265
6372
25
2191
6890
9413
5023
4700
4364
4914
4933
5045
6424
3323
9713
7433
3067
1941
9301
3920
4607
9358
6066
5912
8483
3590
9279
9163
3202
546
4554
5758
6985
5255
9581
815
4209
6587
37
4294
2440
2589
9888
455
2328
5711
4946
9049
3861
1964
2609
2685
4012
5039
639
2039
2513
2712
1363
9959
7671
2378
5233
2440
9023
8692
3624
9334
2703
4734
6435
6865
6480
3941
7886
4828
5392
6973
7613
5509
7196
8477
7354
9148
491
1761
386
4786
1225
4568
7657
8239
2639
475
265
7147
8327
959
2613
530
2231
4494
6188
8728
9826
3987
3595
683
5319
4156
8130
7911
571
9160
3558
5543
3689
9986
212
4632
5815
942
9528
8396
4095
7076
1321
7759
8012
8165
8347
9007
2615
5086
5611
6309
1474
3098
4119
3914
5877
4675
5919
1176
705
5487
2349
2677
6867
7572
400
3495
3799
7275
3786
6674
7975
7807
1557
5382
3183
5938
9789
2752
6374
9297
1233
5187
8062
7808
448
5504
2584
1440
8155
8624
8494
296
8979
1470
6973
8112
4843
1774
7005
8257
4520
6531
7244
9778
399
4075
2587
3486
8020
4448
4683
5943
3222
371
3202
6641
3359
914
7800
2164
8028
8822
1039
2020
7454
8826
3557
6842
7871
4146
4339
8951
838
9610
340
3397
567
2671
3387
448
5751
4103
5925
7031
4444
785
7311
8180
9630
3842
7667
3260
5647
7509
1063
1576
5168
9123
9205
8551
9761
3081
1768
8410
7362
2238
6666
9394
2625
2895
9553
9314
8397
9653
7910
1266
5997
1650
5355
8152
1899
8224
2566
2258
4959
31
5183
6641
6471
5437
9626
3004
1184
8602
6970
8191
8594
2817
6820
8715
2821
4930
2330
6377
2376
4171
2650
1070
6133
5881
3910
6454
1274
9424
4355
8463
984
4629
5975
4495
8061
8852
3702
6325
7174
5216
9490
9988
2101
6295
5072
8939
9489
1519
8073
9092
756
9459
1366
669
2163
6714
2367
1888
962
7628
1528
5501
3862
6717
5783
4626
4326
6733
7418
1566
1885
3116
1915
5069
6724
5455
8894
565
4249
119
605
4932
2883
9339
9571
1563
4965
6027
5911
4068
5059
3151
5488
5051
1673
4612
3283
5433
3396
2386
6113
5697
2871
3351
5423
5
7498
2149
4374
339
4095
2198
2366
4651
9834
8800
1724
444
8294
7403
5312
6253
1545
9573
2531
9661
5433
9114
1021
5780
2759
3797
880
2935
6706
4629
5451
4979
4299
985
4062
2969
6351
1364
2363
8931
9522
6558
546
3125
4855
5423
8677
3902
3094
6919
6626
2335
5045
5939
1728
9129
1693
7527
331
6230
9811
9855
5608
2620
2174
3942
9885
9192
7165
3736
8873
3290
9654
2799
1028
9456
6330
1335
7906
6321
2983
602
6339
2037
6622
6452
964
75
5760
2434
266
4681
9439
1899
2970
6430
8892
8644
8189
4616
9263
2760
5251
148
7652
1366
5917
285
5301
8373
7203
4808
3468
226
1039
3290
7164
9855
1131
6685
6463
2330
502
8209
6229
4781
6831
5260
2548
2772
4733
5323
9
1193
6220
7512
3513
859
8755
2093
599
6523
3969
8238
4610
131
2363
4535
8148
4315
8878
1663
6512
7768
3279
8006
2510
258
4370
934
6096
9602
1536
3052
333
6329
3909
4378
3431
7427
7137
2394
6463
7578
2795
2778
4022
91
7974
8819
7259
6090
9019
5133
3774
2923
3797
2419
3774
665
5963
5377
7069
9109
3933
2565
5193
8551
4958
8624
9695
5625
3912
4258
9675
421
206
4765
2581
7294
2797
5096
3050
6579
2203
5094
869
7361
358
7919
8832
1487
3256
9675
968
6489
6576
3797
3221
3025
3249
9801
9167
9738
4150
5956
6359
1468
6663
9708
1543
1570
1403
2731
8195
7806
2610
3218
972
992
8623
676
4172
5653
1983
2736
6298
5265
1201
5153
1909
9241
7044
1530
9982
9793
8798
1419
7368
6480
1577
2797
3820
9523
2919
3477
2623
3095
4065
6174
4016
553
2861
2380
301
3763
2398
9600
3685
7055
9479
5790
3485
4917
9038
6600
7711
8712
9119
5550
7408
6376
3216
5076
2568
1617
6143
3086
9769
6660
581
7932
9135
1490
4532
5360
4042
3218
8583
6907
8075
2717
1749
5203
7516
7210
8083
9433
262
2399
6271
8647
8874
2702
5940
2247
8503
4121
9433
8565
9746
8812
1174
655
7104
6866
126
9437
9856
6141
948
599
7529
9734
1527
8039
7491
7595
5956
2841
3023
3804
1045
8991
1403
5531
6430
2790
4688
2178
87
6220
9911
448
6878
2232
4882
997
8264
3096
9225
1432
5767
527
6942
4064
423
1431
2426
3485
2608
4652
4759
5769
538
4275
4225
2024
8655
9649
9575
3023
5155
5417
6171
6288
4570
6659
3728
8977
3867
9488
7010
1982
8098
2013
48
3098
1601
9094
9688
4091
1762
990
7916
683
4018
6772
9485
4117
2072
3910
9309
569
903
8924
1547
1970
8425
5090
6256
5372
8622
8913
4876
4967
6891
5059
5847
9733
744
1783
7368
7109
8895
6820
9796
2001
4503
1477
4346
5974
6773
4119
3003
3660
2069
5142
5845
2411
324
7739
8735
2750
4720
6259
5614
8818
8965
5286
2745
3009
280
8475
1078
5853
2182
8625
2502
2524
9734
7252
8149
1975
40
17
3502
4687
1866
9072
4765
4160
6292
9614
7950
2821
2128
5929
2139
3402
3022
1897
3394
4363
8824
2051
7714
3585
812
9212
2256
2933
4457
6184
9587
6849
5519
5703
3985
2329
541
3387
9892
3218
5280
8424
4118
8377
9445
3447
4711
1664
8060
4355
5422
8503
5910
997
9062
8584
9657
7404
5312
1759
7672
292
3202
6633
1296
2317
6683
8765
1226
6680
4916
9376
7572
2477
4920
8144
3726
4815
4178
9263
5682
7257
8618
4801
3058
5130
9663
3888
2431
6923
8914
773
3234
8647
2375
2641
356
539
7434
8307
9793
8986
5288
1763
4960
8073
1838
1767
5932
9771
4106
5820
8280
8785
7976
7178
7525
257
2546
5212
8951
4767
1417
1308
767
5993
7411
3683
8853
2798
2074
4613
6141
5890
3870
3487
2997
3564
3790
2437
6489
9758
5746
365
8135
5290
2666
731
4101
1353
5817
353
6942
7508
8298
8774
1506
6588
6802
4976
251
9956
6841
3468
7479
3592
474
1345
6117
1932
6721
5626
7084
8889
8561
1171
9440
6870
4790
2544
4632
4702
9690
4484
8186
566
8980
7244
270
8945
965
2810
1547
1025
1347
8337
3388
7415
6900
2771
5409
9718
6717
7720
1645
339
3347
7245
5696
9726
847
5089
2680
3202
2378
856
6206
8270
1416
564
8222
6497
3226
4598
5632
2799
577
6440
5311
9747
826
435
1162
2277
2075
8019
9428
6800
1627
6044
7294
8739
9172
4074
8380
1625
9216
3685
6034
871
4137
1877
9147
3907
1958
96
7788
7042
5595
4324
9871
2968
5883
5609
803
726
6777
2329
8716
7991
6002
50
4746
4734
8666
6959
1528
3406
8959
4538
4208
2891
8565
3764
2514
8461
6374
3014
4066
9770
9271
4753
9468
4984
2686
4749
6503
1203
8047
5659
765
8376
9518
6279
4581
6868
1393
995
3306
2639
4046
1808
3973
7572
4702
864
2496
8150
4121
9894
8710
4310
9303
6477
7656
8712
5093
853
338
219
1183
2362
8324
4523
3384
7633
4224
9675
3589
6571
9796
5035
8993
1929
3013
6434
3152
3634
369
994
8795
6329
5878
5875
5890
7931
3404
29
150
3308
2573
7340
373
4010
3175
7488
7823
3131
8822
1014
5522
4918
4550
8587
7370
1973
1470
4773
1760
1755
8876
876
9762
6691
7349
6575
3854
6994
9827
8757
1929
3489
9085
7149
3936
7323
3576
3952
5635
5392
9837
2758
795
6234
8720
6584
2890
5749
5566
8663
4965
9322
8412
968
8528
3186
8823
9904
4272
859
6942
6369
6637
9288
6602
6156
6761
884
7611
7339
8859
298
5615
4442
5898
3069
1820
542
3289
3691
9526
1145
8292
7039
7862
7619
1357
4819
8909
9338
5352
6606
6990
9357
6320
1509
8749
8154
8180
3532
8648
911
4054
8510
2622
6374
923
8102
6818
1427
9504
3753
3358
8250
5145
3645
9538
4250
423
4760
8516
2520
3817
1702
4200
6038
6482
8909
562
1785
4173
6734
6094
9237
6419
7932
5008
2367
53
7135
1529
3631
9562
6743
4098
3508
2615
8954
1719
6174
7148
3187
9582
323
1122
9016
9872
2031
4882
4260
6184
8236
8442
2318
4401
3876
3480
2848
6803
7710
833
9388
7180
8661
7441
4081
5123
1621
4001
958
9248
2840
7497
8613
8400
2760
8124
3825
7886
1076
4610
7944
9972
5522
9241
3752
5551
3193
3688
1287
6551
1141
7975
8887
4784
854
1364
994
477
6566
6883
2585
2405
3393
9556
7651
3504
7188
321
6031
8218
3438
9284
4525
561
6963
9905
272
259
5758
6453
1948
4607
3284
9
7823
4630
6759
3590
8035
6080
2810
3878
9653
215
1957
8712
127
236
6451
9817
7363
3707
8870
2457
5205
9663
5417
8390
6420
9218
7114
9697
3115
3089
8632
1712
4953
762
6091
8676
3370
4804
2594
4428
1165
2499
5185
2580
6857
168
2485
8653
6205
3247
8584
8551
3449
797
9289
1853
478
8052
3827
1095
4937
9134
5035
5132
8508
2671
9866
2263
5021
8973
263
6404
1930
2424
7947
9954
685
1750
8530
5931
9931
8858
47
4060
1433
5809
4644
5297
9918
5025
3333
6239
2931
7739
7453
6035
5588
318
561
5951
4768
3117
9565
2673
3449
9118
1647
5567
1297
8948
2546
6421
4557
7380
3424
8425
9547
8116
7729
7591
5895
3209
9223
5240
8139
8895
8379
9069
4501
2976
8834
3580
1025
7407
3187
1371
4519
8848
644
9252
9047
8653
4122
3939
7331
6142
9686
9163
5928
8325
5207
7763
6531
8038
4241
4302
1110
7422
9459
5647
2266
7412
456
1235
269
5627
7783
9487
5850
4933
95
4384
6297
832
2590
1325
4844
1259
1810
635
1895
386
7291
6075
1237
7556
7818
5411
712
490
2366
5225
4873
6472
5802
2689
6923
1923
5299
196
8367
3810
1606
6202
8032
2360
8113
8107
7412
4407
7192
1516
2382
6519
2475
1773
6848
6790
3879
7180
8929
474
943
2121
2734
5487
7048
8303
5698
131
9134
6321
69
9816
5400
894
2881
2482
5698
3050
4014
749
6574
728
5556
3652
8875
1152
5262
6068
6153
9918
6390
2726
7523
4974
8101
6940
9002
4208
5028
5526
5592
5396
9032
3078
2413
2899
2278
8528
7000
2321
2879
3501
2247
3321
4125
1548
4613
2354
560
6164
8133
5711
9065
359
7794
2907
7004
663
2959
7903
4561
5910
2153
6314
177
355
1795
3924
7364
5537
9542
8756
7986
8832
3087
4154
431
2336
9402
2165
5139
1858
6351
6336
9061
4363
778
2371
5498
4558
4927
9902
2724
4053
6986
7830
2510
4775
2680
6471
3879
5880
4498
1236
1484
1924
7916
5638
2626
1725
8386
3397
2353
1456
7347
7296
3036
29
1733
4979
8789
7345
7899
2592
3821
1933
6061
7385
9201
4221
7914
1884
2157
3337
8119
3958
1301
3057
1182
8189
8270
1797
2794
3657
7
7782
5324
3235
991
683
2881
6928
6200
3358
2319
162
5072
7932
498
5679
6299
8257
5337
3993
7544
1059
4024
1111
2993
4455
930
7660
3154
5009
9849
1101
2699
9927
8066
1074
7136
810
5842
1170
7714
2
8797
84
7173
9561
6148
5385
7758
2692
6980
3997
8360
2839
9598
5296
8097
2964
3151
5844
4927
6861
4231
8683
134
8973
4870
3361
4539
20
3243
3825
6433
521
7937
8566
4356
9253
4281
9351
2641
7746
5684
4210
8313
4038
1560
3266
3838
6799
7581
5160
4918
4066
2968
69
2802
2426
2795
7229
8090
8123
3458
7571
3183
2052
9984
5535
5866
6127
4440
9195
5668
2642
4319
1532
173
1973
993
9079
3779
9135
1615
1886
1971
7418
7458
3211
2467
1897
2816
1352
621
6503
6185
8928
2485
2097
1390
6627
9290
9571
7514
322
7469
797
2274
8026
7807
5975
2994
7976
8909
9571
7581
8272
8430
751
279
5274
8712
3410
6742
4139
2045
3200
3783
1017
8325
4467
6852
8797
3424
7978
4562
4827
5064
2066
9332
271
5831
6838
7566
7584
3149
6975
1219
3580
7648
8706
9799
3457
7857
6482
2053
14
2894
2267
8102
6261
2020
3202
4686
9622
496
2597
2193
2429
9335
8412
2082
6612
9164
9232
1452
3842
1683
9925
8711
5033
1469
585
8321
8255
8739
9117
1127
9222
5644
6855
3097
1602
8298
3525
7915
4768
3512
3819
3513
2637
2746
8331
5396
521
590
7632
2460
3336
7350
2709
1114
2683
2120
584
634
123
5222
6607
1139
7861
5817
2347
9836
1793
223
4595
214
2982
2967
756
9236
3110
7059
8556
4424
8992
5344
5619
9793
8196
4781
4280
2634
1089
1730
415
5847
896
4767
5256
5149
1036
2921
6433
2816
3852
9564
1382
1397
9720
12
5215
5264
4013
1294
5188
5324
7559
6340
3603
6442
8365
7434
9170
6708
5755
7991
4832
5418
4885
4673
6671
9414
8307
7394
1554
7806
3317
5009
716
6379
5031
9129
5399
2316
266
5454
4890
1599
3744
291
5472
70
6139
4963
4676
2323
2207
9339
5525
9013
2078
7764
546
9332
9187
4069
9234
7641
7122
1586
655
3259
7922
5892
3553
6692
2806
9961
8156
759
7658
5990
2894
4109
7062
3054
1394
3635
4354
4745
9717
270
9415
4909
993
1698
4273
7781
1657
8138
4937
3319
6159
9047
3940
7843
6699
9033
1594
7772
5268
8349
8352
8944
7601
7364
2808
3117
2400
4320
7516
9949
8099
1932
4957
4266
3686
8462
9016
7409
8234
9672
8876
4
7556
6735
100
8996
5951
2551
436
8102
3526
1422
1415
478
8902
5801
3079
1693
6368
518
3232
3278
9662
5338
4858
4064
6440
641
676
7699
540
939
5181
1791
5940
477
5645
6100
4820
3568
5510
6510
6007
9788
27
5695
1560
6110
3586
8457
3201
3150
5385
2472
6366
8823
2689
5434
8861
8628
279
9278
7675
7945
4544
2779
2535
8331
7620
5475
9978
3652
2324
8559
16
3175
979
6284
39
8306
8910
4658
7817
6619
3046
7228
2250
9000
8055
5327
7096
5732
3803
5250
4592
7459
7705
1933
7929
7799
8297
9868
7132
2714
5155
324
5193
5558
8409
5841
2193
2229
5864
3045
4398
1156
2971
5591
7151
4180
8362
8956
2894
3269
4891
6146
1855
6985
5070
257
2507
6907
8695
6924
595
1799
6230
1612
3540
7463
7325
25
5405
7813
7411
1730
3244
4117
814
4274
9477
7704
2302
6048
7760
1009
760
9624
8882
1046
3727
2332
9917
7801
6544
4948
89
4796
9446
811
2630
9885
2341
5225
6228
9682
8401
6507
2298
1502
9081
4911
4242
4264
3809
7659
9088
9589
4175
4072
3791
8971
966
846
2308
9420
7719
2377
2343
1328
4453
4545
2020
1913
3646
2085
6752
6746
1497
2389
9543
8583
2488
2863
2208
1057
7026
4260
4258
5461
275
1658
8916
4549
31
1907
5078
2883
4630
3078
6649
8128
2137
4868
204
1232
8433
7861
8385
1893
2740
4611
6732
680
8311
7987
7006
96
1377
9115
6265
6944
3269
364
1866
6254
7230
5305
6419
602
9919
9628
4261
1596
8940
4771
1744
8007
8818
6537
5722
2667
8088
9020
4968
1700
5657
568
7584
8478
8069
8192
1428
5047
9040
9903
1021
4929
2806
8422
8507
3258
865
4517
5967
6232
747
6129
4937
9344
2726
6398
56
4499
4545
4739
2765
6722
6726
7108
5149
4794
4214
8791
4916
7101
7494
1379
3938
2328
8734
9699
3507
3439
4952
9225
2725
5260
4645
9790
5950
9060
7450
3031
6169
6338
1211
4626
9018
1388
5319
4176
8696
4260
5516
2013
5947
5736
7178
2990
8415
9645
3333
2518
5973
5247
6193
7545
918
6336
315
4252
6844
5766
3165
2189
2180
5327
1077
9034
4844
5431
3645
2561
3496
1176
2715
5621
3508
7227
4631
1745
4219
1475
7580
3845
985
6055
2279
2594
5178
8715
9079
9608
1668
2938
3132
1227
1721
135
7257
7275
5580
2266
2859
8760
2313
5707
2549
810
3115
3168
773
6998
1148
5630
1378
4781
699
9402
2842
1712
874
2141
8958
7660
1613
3573
4940
7388
2438
7156
9888
4437
9810
4696
2618
7727
2155
799
9229
426
54
7470
7667
4834
3177
2357
3273
1930
618
4637
6834
7889
7900
2159
221
5503
4459
6644
190
1391
9976
7121
1087
1319
4123
8629
7169
1623
4665
2804
3915
5982
1641
7674
7022
462
3074
587
6278
7655
4371
7360
1467
3628
1305
7665
5214
9283
5988
5151
812
5543
8238
5019
8164
7494
6434
3256
2999
3813
1374
9657
8826
2983
7907
6190
3045
4314
5034
6555
3129
9707
4967
7632
154
6381
2750
4036
3052
8704
6819
276
9158
552
9001
3385
8055
8168
824
3956
2417
5976
3150
2328
7422
7180
971
719
4453
8752
7708
8943
6599
4786
9771
86
2316
7011
4557
9041
2743
2763
6827
7586
4060
5570
2414
4861
5021
1371
3830
5033
8321
558
3399
6944
1575
4526
5924
1490
3911
5093
6099
5887
2329
2541
7245
6343
8681
4897
8112
2415
667
8091
7830
5454
1534
8549
4305
6304
41
3866
2392
6704
4219
8953
3175
1343
5566
4811
9423
2371
5851
7027
6994
8604
7692
9825
7810
3639
2765
8772
7376
6686
4270
2170
8491
1118
9740
2457
4068
455
6046
6071
9372
3245
9910
7284
5732
2376
4110
4224
598
1354
3107
1908
3074
361
6177
9944
7673
8642
6141
8308
6405
1163
424
883
5164
4711
6618
7968
9207
9666
919
6070
4299
3217
5124
7414
6149
4132
3826
7163
5980
7395
9593
4970
1794
16
3405
6745
8962
2438
9800
9585
7790
147
2660
2784
3240
4154
7340
3127
4605
9146
5874
8176
3041
7513
7959
8297
470
7864
3113
7792
7298
2397
1383
2655
5835
2375
7453
1841
5898
6506
8793
3076
3217
9126
5732
788
4548
4889
5139
8384
6689
215
7690
4173
4676
2778
9299
4171
6581
7336
9011
191
8931
5852
5958
9986
7692
6118
1416
2229
7093
8929
7664
2468
8394
7427
8757
3414
325
2604
4384
790
2445
9897
2670
320
9406
5522
7690
5073
6838
8051
9661
7560
2014
2356
1082
7943
7018
1133
51
4396
4855
6783
4368
9948
9890
5626
9751
4702
1008
2457
1942
5014
1866
1392
4673
5914
5594
8607
6598
2470
5378
2331
6579
1000
2819
1090
7511
7264
3805
5049
7285
437
7535
8805
9421
9493
191
7785
2153
2660
7861
9788
7614
1775
1195
8755
2268
6032
6973
7918
5761
3775
8332
9748
7663
9888
2945
6553
2111
6740
6882
2631
5264
1136
9554
1746
4324
8552
5413
6476
5029
3826
7769
1943
2704
627
9213
912
9392
6956
3820
2224
8010
1982
8545
8786
848
2129
2975
2553
2122
2128
2045
2802
6105
432
6435
1837
3463
7649
8341
8731
6925
489
7044
3212
4733
9898
8009
5222
4113
9895
1020
5949
7169
6106
2879
4714
3954
2138
4654
2189
9390
5131
9955
6194
4154
8982
6208
1816
1591
1240
7276
455
1150
2584
856
3208
4240
2891
7280
71
6676
6420
9480
8447
108
3266
1370
980
2295
3084
900
7546
3413
3514
5028
8450
5910
8432
6205
2753
69
4630
2193
4699
2579
3446
2501
1700
1997
135
317
7307
7336
2268
8773
4149
171
2475
5377
6617
2899
7428
6926
2053
9383
9314
7511
8177
91
3401
823
3347
5260
141
4259
7511
3162
2979
6444
6386
7490
4230
6793
4238
8892
8590
2688
1623
1796
9034
5210
8271
7672
1188
8645
4506
438
7229
5027
5687
4003
6625
974
341
459
4683
2122
3384
8476
375
7458
4517
4123
4732
3164
4093
4406
3392
2758
9300
5082
5867
9836
1675
3136
2354
9704
5522
4569
3857
9053
5202
6214
1359
9210
8091
5518
4811
3214
411
9437
909
6198
166
7306
9283
5119
726
3495
7162
7249
3855
7621
2123
3772
1994
65
3412
6669
4461
9560
5323
5047
8773
2295
5964
2770
7653
1816
4676
820
5823
2888
1337
8644
9072
6525
6496
1557
4401
6528
2841
751
1030
9272
1113
7921
2401
6577
9334
9911
7854
9468
6423
5744
2394
6598
5425
3798
4175
5525
8568
3474
9214
6036
7535
9750
1707
8280
1110
6082
3479
5114
5720
8093
3752
1376
362
9427
8449
2808
5726
7587
6307
7735
7210
7849
9401
9292
457
6245
9312
5765
7326
3871
7877
6900
1324
2231
1690
7071
3947
6875
2525
1500
3244
6045
1778
6480
5811
959
3991
4676
4171
1251
1533
9283
6680
4210
4380
2661
5414
7809
836
4263
2856
9689
4672
4229
6428
2469
2725
6241
7864
3914
9630
1519
5119
8670
2405
5968
4319
4028
9016
3856
8590
3065
2816
6099
1994
491
5904
4240
2408
3928
6202
9625
2178
5974
105
4212
3930
8946
1373
7819
6547
1754
1236
8410
3296
1534
8745
3442
4257
2679
8364
9611
2020
4482
9953
1895
6843
8435
8166
4697
2231
8784
4069
2711
3413
8919
2954
7818
6320
2352
3673
1936
9549
9361
3838
2540
3020
6151
3169
9067
5702
8518
9908
897
2092
6214
5409
8726
6195
2967
2959
8354
6597
9470
4048
1057
7810
5822
1823
6848
3687
6499
7395
3923
4853
5366
7522
6175
1618
9811
4546
6404
3968
4877
296
3049
5779
2496
5628
2192
9682
9444
6725
1213
1761
7801
9084
1877
6848
1579
8870
525
9064
9987
1346
1996
9771
8463
8752
1496
3414
7178
1892
4647
2445
5027
8289
6609
8913
2103
7859
6271
4236
5586
7073
9972
1540
4712
8741
6648
6713
1131
9767
6695
5314
9155
8286
8629
3702
3025
4905
337
1664
1798
4734
5365
7863
517
9610
2924
5328
2146
4780
5278
473
1266
1851
4444
9791
6545
5971
5263
5168
4093
6234
2608
7295
2116
6717
1787
744
8765
2
1083
7213
7726
2706
936
6353
3156
2966
6781
9720
8166
9555
8091
7018
5501
472
674
1341
6029
7732
8808
1731
8088
149
9141
6489
9470
1567
9936
5786
439
2901
6970
1559
17
9791
7305
6397
8518
2054
8720
6738
3844
9478
6588
9638
9189
6984
5126
4369
1403
2896
4451
9746
8042
8421
332
377
1338
4791
3426
4979
8856
4072
477
2685
1249
9095
192
2895
5227
6376
2476
3346
9380
8687
6247
5194
935
5666
2461
7169
3778
6947
2035
6123
5607
543
8651
1189
13
9407
1716
5878
2193
2581
6496
4743
2753
5299
7551
9921
2952
2107
4398
3366
7535
4957
1862
1510
975
1485
5245
7879
4260
2689
3229
7973
996
1557
3149
443
3846
5271
5932
5025
1181
1885
1063
5255
2583
1558
5207
4235
1853
5949
3495
5997
5237
4387
6224
5025
7548
485
8025
4051
880
3492
4316
8947
2636
37
1457
644
1328
7349
8444
804
4066
9587
3117
1839
9247
1922
4690
3968
4534
221
8236
3833
5355
7562
3027
2183
4094
7660
2983
9764
1119
8898
1039
4167
1144
1109
2135
7760
1056
2751
8285
9078
3065
4470
17
6101
1445
722
6574
9965
3263
9358
4907
3709
6610
2104
1531
1850
7003
6926
8556
3233
1872
8999
8497
9005
4978
9589
4901
4686
3028
7897
4163
4889
261
274
9719
2014
7018
7305
9028
7319
5826
8957
1565
6479
4842
9623
4651
5936
3117
5368
9937
9457
2767
3691
7616
513
3117
7398
9791
8765
748
1750
4917
690
6548
6810
7251
6647
1278
292
5350
679
7198
9703
1497
6110
4386
5280
2770
9929
6207
7560
3947
5291
2350
583
7024
6435
5202
9181
1353
8132
8297
4276
918
1990
886
202
6024
8636
7302
7430
7923
4079
3047
9347
667
6414
2832
1027
2434
8991
6771
8800
2896
534
2127
7097
6662
8404
173
5211
6173
8347
9350
647
9043
9790
2438
2902
6111
7872
8753
4334
3448
7092
9835
9729
7470
5129
8427
103
2364
7003
2924
251
3920
8666
3582
5635
285
66
5208
6484
4882
9183
7717
1568
799
4262
9307
1475
7691
5739
3574
2245
3952
5937
5631
2220
3744
9752
4953
4970
6136
4819
5174
3706
2120
6844
7109
2228
4590
3382
3219
2890
6848
8783
7984
6355
6289
9334
8853
2861
7957
41
8095
1864
493
209
615
5914
7020
3184
1287
9241
7721
8645
7536
6924
8289
1492
5500
6158
3912
7558
1620
8036
8310
7014
5692
3497
3920
2668
2202
4448
6323
3489
3509
6237
4327
2808
7883
2939
7353
1573
6375
5026
5160
1863
5079
7914
4801
2663
9952
8880
1789
3418
4073
9217
4540
5190
9985
3302
5032
1177
616
7083
5686
2492
5885
6225
7234
3763
6087
6125
2168
1461
5542
3704
2379
9593
2212
3750
2829
1951
703
9082
1079
9039
7719
1197
488
3465
605
2106
6292
71
4182
6699
5371
3001
3941
4444
6124
7625
1112
6937
9287
5903
9023
8935
8298
6255
7315
5541
5360
6848
2344
5947
2820
7352
5996
8653
8792
6331
8080
3243
5115
9582
8497
1548
8983
4863
8932
3930
470
2732
7732
4027
5049
344
6262
711
291
3925
8918
9761
461
1951
1165
6965
8097
4200
7355
7760
7066
8471
3648
3432
7370
4192
7408
8182
9302
833
2938
7524
2893
776
167
724
1043
7609
4930
7574
1511
4668
2566
9611
4000
8898
8504
2806
7313
5440
9094
786
2683
8119
3602
7319
7427
7459
3635
6869
4365
6371
6489
5616
8043
8505
3161
6579
4211
9340
3104
4003
5501
7912
9642
5198
3433
1662
4796
1974
7248
8821
3396
4589
5318
4619
1011
8649
2193
8754
6623
5340
9612
5981
4699
7277
5836
8483
4803
1371
7456
5548
8179
2381
7622
471
6149
2201
4625
7929
4471
6234
736
6703
7019
1655
4313
7591
5206
6448
3628
8459
8274
2667
8521
2242
7831
4589
9770
9461
8276
133
3297
2445
1603
8998
492
8451
1064
2491
1157
1560
2681
107
96
4127
466
9696
835
2492
6627
7623
2888
8676
7059
8783
1366
3891
9760
4136
3234
9907
8510
2246
3694
114
2398
6085
1586
8680
5287
8496
3108
9083
1515
5566
7748
1347
5905
3481
9296
1076
8237
1593
6585
4503
979
8116
2227
4935
331
4862
503
4748
368
4249
1429
5637
1378
9116
8471
6704
5994
3154
6748
7857
3327
2802
9452
5953
6657
7390
3399
9780
1144
7687
695
2
6133
7086
4837
9498
1108
4615
6383
4843
5727
866
1471
4822
744
3204
4887
2894
5548
3793
7524
8277
8725
6579
458
7
844
7196
7417
5313
9328
2508
7380
5595
7703
9186
6160
724
2914
7466
9096
5158
51
9676
2405
5935
7554
8613
3328
4146
1235
4759
2701
4899
7644
3819
8399
2949
1330
1233
1852
7224
3548
4136
3512
1856
6581
8529
766
5641
7758
3959
6046
5203
1141
375
4991
4481
7667
5352
9404
1152
299
5029
5371
2135
5392
7799
2999
2057
2661
9594
3758
9095
6418
5593
9630
8836
8228
659
4440
8649
9732
6840
6659
4419
975
2176
8565
7122
446
6137
7108
4096
4155
5687
7058
6309
7190
989
5797
3030
8491
1965
7122
4432
8035
2720
8275
4979
8820
2370
4874
7361
4408
9726
4204
5485
6776
8653
5094
9579
1960
6223
6207
5063
4453
995
3731
8614
2336
1435
1949
2238
3753
4767
4933
6725
741
7213
7220
7373
2245
1486
6907
8448
1896
8894
4834
6733
6384
8307
5735
3222
6821
2883
2020
8824
1555
9150
5448
3246
3939
7202
232
8704
6737
131
755
8479
4437
3003
8170
9944
8829
9285
2778
3231
1886
9568
6718
4432
1778
5759
2982
876
9316
6957
7872
4905
5209
9855
6076
176
1775
654
3133
9716
4689
833
5613
289
3698
6737
2024
1568
1636
3270
9827
6501
2611
8556
3989
4407
4676
9088
3698
4867
5391
9511
2848
8206
821
6943
1234
364
6143
1250
8404
4769
2192
6315
1316
1374
2656
1397
6892
2528
7315
8680
9854
4055
7488
1380
3029
7121
5445
381
9759
2967
2559
8533
4593
4120
3204
6546
1403
2499
7104
1627
7702
8890
9473
9333
5301
3895
3383
6961
4914
4832
7623
9383
5735
8471
1385
8719
6236
7824
7063
1710
1521
9723
6122
3137
7994
9837
2257
131
5742
8864
790
2884
6184
717
7090
8157
4815
3239
6648
3500
9213
6900
4997
5484
6677
3378
4234
375
9638
1439
3842
7644
9537
4269
6509
7490
1352
4604
5751
6315
9557
7122
7807
3176
458
1539
8455
4784
6953
6457
1611
7081
6861
4965
1527
2495
7075
7918
1497
4277
6749
9806
6905
6988
87
572
5338
4106
7920
3509
6097
16
1043
6827
3668
2280
9261
9096
3042
641
9761
3815
2131
3443
3265
1243
8311
7585
9968
3578
1576
5573
9854
7578
9388
2223
842
1067
8232
7041
1581
1106
5966
6278
2838
1140
9769
8530
4674
5955
3256
6197
4748
1783
1580
6560
3868
2147
9355
5172
9329
245
5394
2279
9003
5694
128
2500
8283
2920
5600
6259
7718
3404
4291
5498
3752
8063
6298
3519
8411
4688
4664
3810
318
5042
1720
5121
3435
8531
1997
4143
1993
1383
1888
6023
8692
1363
7676
5837
6243
9858
9291
3245
8834
199
729
2471
3822
7474
7664
9676
9110
6913
1316
3847
3518
3940
5798
4435
569
5133
2864
284
9118
6178
5220
1646
9824
1284
1358
2342
2308
555
9636
4319
8688
6679
3596
3276
6014
8170
9570
1273
5344
745
2930
7982
6100
1940
3078
6161
7610
3002
7575
2670
168
2653
5061
3875
8339
1051
3584
2438
7488
4189
2302
3755
2745
5691
8313
3674
2871
9780
8555
782
1225
2627
8740
6563
2923
4819
9708
9120
1600
8066
2713
4270
5010
9861
2779
7995
5544
989
5174
8407
6650
6174
5851
7103
2708
7544
6778
4372
1851
2946
1745
4725
3962
9577
7360
4845
5540
9872
2259
5236
6668
8389
3655
2345
725
9715
647
3602
6276
9687
5848
6234
8356
7187
3572
7427
267
7625
3036
7873
5070
196
4858
3783
8008
7954
7534
5844
8715
6840
4799
4090
6726
1123
3001
9024
4537
2734
5149
7414
5343
5697
4205
7516
1655
6351
8082
5680
8581
5760
6705
1822
1110
873
6054
4509
495
2497
2100
9003
5700
5743
4006
7811
1133
749
1129
2986
1103
4367
7433
1090
62
3318
2309
504
6228
6234
1511
1981
4259
810
8344
3106
5034
1
4721
5734
9316
8665
9731
4824
9936
7192
5566
329
4765
492
7763
1101
6372
9622
3324
5316
5941
3851
1126
3269
3612
7977
1275
3960
7321
4265
5672
145
7895
4591
2294
413
1244
9826
7739
3262
1349
9350
7184
2685
7397
9947
3160
4555
2901
5931
7111
5429
3255
1284
2831
1070
9820
2898
534
6769
257
868
9831
79
8486
7978
7404
1437
8987
1757
4795
3598
3292
9194
8768
5759
2864
6748
3779
7759
6926
6205
809
6171
879
5854
7153
1930
5681
9650
2917
9252
3676
4821
9691
9536
1911
53
3330
4949
1367
4419
9192
8151
5701
4562
8755
6384
5790
121
510
4789
1807
8635
7470
1754
7693
3576
8925
8162
7298
9310
363
5256
2125
6444
8624
6676
8359
8848
469
844
9481
1636
3886
1469
1755
7125
9901
5995
4150
5712
8461
6467
8793
3529
2015
379
8271
2392
3328
6749
6808
7198
1309
1247
3153
8418
9166
261
4116
2781
7358
5169
8146
2532
8467
5499
8500
601
9079
4098
21
8746
2017
1227
1567
4337
167
4206
2830
9152
1133
8223
7466
6610
5097
5078
591
2223
8839
6793
2445
3223
984
3057
6232
350
5476
6845
2804
4477
6052
6205
1557
9740
7231
6794
2581
5257
5013
5349
5292
9110
979
7962
1568
5555
2211
3274
1387
8264
825
8237
5216
9790
6584
7474
6218
7774
1576
6130
6131
154
403
4605
1541
3161
9585
6684
5693
3292
6941
7806
9976
834
2906
8476
5137
7260
4779
2066
4033
9829
114
3737
4516
7806
5035
4257
8773
409
2235
1677
2856
4224
3436
6706
8166
2698
3458
9038
4417
8617
642
665
2334
2289
8071
3978
8404
569
485
1407
7654
3218
3952
7337
9985
9665
6895
6587
8975
6675
5205
4312
3015
4020
9
4832
6293
5974
3861
1180
4844
6092
169
2888
3135
8420
1389
6529
825
3457
8138
9127
1627
1399
8994
8786
5111
4841
2906
9701
2583
9844
3140
4047
9770
5036
908
3592
9991
2456
4280
7790
8708
2630
9509
1947
1663
7936
8099
226
7806
6932
305
6231
199
8405
9996
2974
4275
6863
2861
521
3123
8101
692
6965
2058
4949
1182
5733
1919
7991
7195
1935
2726
3862
6042
3527
1496
2892
9722
1323
5154
7270
5207
4272
1870
2103
5235
3169
7409
3711
7070
8184
1418
6154
8480
9847
4907
9017
3458
3970
1478
2936
3836
6890
962
3708
5791
5694
5880
3549
6980
464
1340
9225
4797
9916
2225
2907
1914
9485
5157
7722
5853
8866
1133
9406
6068
4204
6429
8957
5698
9699
2581
4092
2613
5845
5548
2861
6262
3496
625
1457
9637
2699
5634
7516
452
7710
312
5962
6573
902
3757
1796
3242
7042
3142
1741
5514
2715
5285
6121
7008
6151
4362
1839
9990
4640
8721
6132
49
3016
4037
2219
1539
1550
7086
2688
9729
6470
8376
1432
2863
7142
8670
1445
781
163
4012
4622
3620
3692
5542
2364
1282
3885
6001
6222
5275
4000
1463
395
1943
824
1408
8014
5453
3773
5791
5499
4209
9442
3312
5048
1961
156
4767
7853
163
953
5961
5811
1256
3091
4177
9974
2705
6789
969
1151
8025
5012
6851
1727
7401
2216
5222
464
9097
7350
163
8216
7054
7992
9751
3290
9812
4943
4217
3915
4189
2114
5065
8392
5644
3526
5607
1511
4218
871
682
5948
3829
7860
4162
7554
7850
8787
4386
8521
8563
2652
1140
54
2975
1690
4304
4269
5830
3771
8507
1435
2533
2600
6184
7580
7114
7062
4680
2354
1804
5545
5284
1795
6659
6107
4754
8828
2552
1791
2988
5427
4123
8903
4249
6296
9991
4624
528
8152
6260
8315
3933
6337
6238
5190
8599
8456
7848
7891
8624
6886
362
3806
1524
888
2624
3085
6227
5749
1363
4232
3124
1558
4883
6323
2851
2899
8108
8984
850
6313
3600
4671
7371
8856
839
8163
5677
997
2940
979
54
9395
8092
3832
537
2392
5226
2130
1689
2812
7075
2392
2660
4130
7064
2084
5305
2322
5742
7416
334
5387
9207
4159
2344
542
2133
8541
3601
6633
9069
5441
4596
7428
9005
6205
6709
6938
6593
521
3406
5285
5656
4218
138
1602
8807
7971
5901
4275
5243
4403
3238
8076
7625
1066
8912
4467
3858
6165
7947
1584
1756
1873
1946
1240
6854
8976
2646
2265
7248
9866
7511
7013
5486
1093
4344
7273
9106
5077
7017
682
9153
761
7623
9290
9633
4549
4596
5081
4442
8240
3279
2253
9413
5981
9712
9593
3439
8257
437
7598
5604
5604
136
4588
7867
5347
6260
6249
2081
293
7188
1218
1619
5789
9403
5329
412
7541
4219
7881
67
7203
7389
1519
9954
7553
5659
3652
8489
3404
4770
6385
2446
5118
2215
4227
4548
1503
625
1125
4385
3075
1980
9495
3212
6334
2690
6556
820
9975
7301
3103
3121
5570
1804
6659
3784
4710
8023
3084
4531
7321
6195
2139
6399
4234
5582
903
5151
1108
3100
7194
4477
5883
5089
1758
5900
6396
3152
9423
5243
7185
6691
8865
1091
1961
7919
1249
9440
9147
5283
8706
582
561
9032
3836
9588
7436
1657
1221
3284
5852
2321
6189
673
7292
2359
8329
3808
9641
6589
5399
2809
5132
2494
6267
8918
2663
5727
797
1890
539
1704
8173
3906
3012
4991
9619
3445
5764
2690
3540
7369
4716
9254
4502
6174
5607
748
3870
5568
7312
2573
5340
8728
4365
2942
5276
1322
4748
9466
2460
6245
2848
7411
7257
5949
7296
9376
423
2895
7851
615
1484
6398
9548
3218
4730
947
3074
8672
1099
9885
9966
9534
559
7462
119
6691
4003
108
1971
677
535
7378
8962
4615
7787
1300
3040
1780
5487
7275
7992
4600
954
8611
5250
537
3823
7335
324
6967
1377
1550
8334
8169
8663
4522
562
3813
6153
3408
6986
5038
4507
6947
9417
616
1820
5062
275
6331
1601
2812
5630
1492
4657
7843
8507
4208
8531
5787
9495
6344
7234
5740
5675
3343
2312
7441
7937
4768
9914
5492
5285
2115
9011
4184
1737
4227
9499
342
6158
4167
7759
6065
2105
241
7884
6848
475
1033
6423
5740
2910
4055
7151
1542
8222
4730
6174
5329
7919
4318
453
907
2374
7675
1894
9012
9265
8072
3095
9146
4825
8938
6722
5276
2175
5301
2204
6052
3197
874
9280
7027
8577
4200
2928
2615
85
9388
1710
5686
9725
9884
5369
9054
5772
3962
7519
9252
7453
2904
4346
1268
1943
2674
3829
8393
6296
4306
5333
3095
9183
7132
5344
3325
8057
7704
5488
5705
3795
7205
3099
6045
3548
7687
9192
7311
2249
1776
7779
8974
8424
1729
100
369
341
3932
4580
1413
7790
9971
5493
8032
4914
3553
3834
6314
2769
7867
642
3506
7493
3601
1243
3465
9360
3416
2381
8615
8116
1533
7399
7472
1173
4368
5265
8606
1449
821
1977
3243
8375
3643
9733
9222
8999
7807
6609
8173
9883
839
7819
2670
3396
823
5915
691
623
1009
8828
9494
531
9354
6179
5550
6537
6974
1577
6313
6395
7255
9811
8161
9598
3991
3568
3576
6962
2481
7831
917
9600
3938
9852
6901
3521
558
1014
2602
9659
9879
7813
2323
2759
5654
1480
6368
3398
6069
5751
2512
4182
8833
2054
8827
7386
3895
5642
8547
9951
2257
4513
7201
1850
3819
5149
2639
7812
7540
860
7358
1177
5990
94
4601
1395
4083
828
8895
530
6941
316
2703
9208
9150
364
8280
600
8889
3387
8574
7184
7608
373
7008
9769
3225
8309
3559
2810
6155
2168
8289
5456
9439
8527
1694
6356
7233
3963
2824
8970
6962
9285
2300
1927
9496
821
5665
4779
6835
6406
43
3355
6134
2431
8266
5261
1927
3317
5418
2967
9056
4831
1339
8012
8737
7832
2701
6567
4901
2324
3701
7
5188
9395
6435
4838
8606
3232
300
8637
344
507
6951
8244
4786
6254
6586
6432
6730
5653
8267
8116
790
995
3165
5876
4048
372
3574
6026
6820
2050
7441
5834
8873
3965
9167
8470
245
1746
8452
2191
5238
6145
9
2433
1884
5214
2198
6874
5971
7652
9724
3995
9018
7689
8183
370
9323
6904
7826
9300
4663
4261
5324
1124
2453
7624
4694
1938
1994
6153
4515
6004
5492
6135
673
1589
8001
6851
3002
76
6525
9802
4709
562
1880
4437
5373
739
9938
1838
2611
8627
5
3732
7423
8376
8969
3579
7663
3629
4079
9969
636
6703
472
3331
3478
1446
3322
2040
1807
3676
1628
5592
3213
8683
7752
8976
9164
2589
7829
4081
627
5255
1849
5535
2354
6674
9081
7906
2029
2824
319
689
6382
6968
8924
2608
5254
2709
9149
9094
6074
4251
2117
9837
3572
9190
657
4541
6212
9197
7645
3398
3821
7865
2566
2618
8993
373
8624
7415
1295
1039
4519
4292
3944
5602
7202
8067
2452
4632
1716
5119
2739
9481
9370
3502
9640
3123
4880
4958
9104
7138
6139
8417
9497
8521
2414
9677
5459
9282
6368
9301
5219
5631
7417
8089
1658
2964
1352
7757
507
9813
1834
4490
8997
6849
359
627
6613
9004
6362
9194
4889
9870
3188
936
9280
3843
1094
2761
8126
4347
418
1120
1591
921
606
6381
4850
2848
4977
9344
4954
3141
9668
9944
6195
9719
2004
8120
2798
2162
7911
8147
1868
4537
273
561
4784
4965
8233
3508
1321
7657
6442
6192
8624
1706
6515
7986
4308
2396
1808
3161
2949
721
9837
3541
7742
6320
6908
2331
8532
2634
4487
4054
6459
4220
3661
9847
3906
3464
8803
5538
3808
3453
9915
5736
9588
5057
1858
9166
5155
3559
4508
2350
1753
7343
3656
6018
6772
3376
5018
6181
1149
9966
4488
3917
748
5815
8376
904
5317
3115
5769
3565
7035
1017
2586
1949
6607
373
8593
9650
4222
4011
7768
217
6899
5829
392
8794
7271
6034
1157
3572
6711
2843
8866
8013
233
9649
7466
2261
5653
430
5826
2115
5190
7381
6781
1290
4599
3330
3093
3412
277
2858
758
7325
8621
2980
2628
8498
6493
2004
7926
8092
1781
1425
3298
6455
3911
3783
3377
4984
9718
6772
3292
282
2162
5898
6086
1634
6625
187
3697
813
8075
7223
6566
5081
6981
3384
5734
6078
4151
9375
7209
1738
8612
5791
1760
1451
3802
8325
4413
6946
3238
9368
2350
9621
6003
8610
3589
4583
3153
8440
7194
8589
5973
6609
3928
4899
451
2502
293
7564
3532
6743
5365
8009
7032
1780
6838
3158
2772
3045
9035
4066
8091
4572
4901
1232
7769
9787
7225
1833
9380
7740
361
6318
4431
3907
7663
382
6232
5651
4909
4079
8760
7731
4022
5216
114
1993
9360
2848
1305
2638
7011
8610
7641
8918
4091
9668
3560
1153
741
5672
1427
3888
1599
1199
7829
482
9576
127
9409
6437
2605
8150
5860
8913
7950
3647
4254
6526
4685
843
3124
2637
9891
6339
5378
4378
2259
2990
4272
8590
2600
5545
1219
7946
7666
1170
3757
5567
6129
6860
1686
7460
4532
2123
3122
5196
7564
2185
1524
2635
6553
5812
7195
8619
7833
5203
8861
5848
2763
1951
8639
7904
9480
2949
6561
4507
2787
819
3306
1485
7488
8244
5511
3550
7719
4785
6125
2362
3341
1947
4985
2867
7447
1635
8773
5691
1899
5022
1318
9599
3158
339
1047
4598
8673
5109
5337
5198
9768
7398
2736
9681
2192
8400
9886
6542
6924
5424
3767
5121
1883
3007
3632
9033
4584
7238
2037
3368
1502
6770
3560
7083
5514
3625
1673
4402
917
5072
491
8634
294
2041
7717
4087
7542
878
7066
6733
7263
5238
3521
7902
4673
6028
1286
1633
1558
3228
9229
4153
1986
8074
469
8376
5787
9464
6741
8748
614
9457
4950
8907
1482
1027
7269
4578
5444
6361
6509
526
7045
2226
3926
9636
2812
7994
6939
8997
6432
7302
6881
8449
9017
8015
8899
9195
5955
9318
2755
4403
5159
9483
4466
8382
2040
5323
7026
2601
9078
9267
8581
961
416
5775
9073
5767
7704
5305
9067
3264
4932
7597
8970
3021
5019
3597
7766
2995
5473
2604
1909
799
1744
625
116
7527
5750
4710
7409
3176
8211
4788
8567
177
596
9077
4141
4308
1166
8728
7315
8171
5575
4278
5358
5971
6020
9511
9316
4477
3889
4274
2490
6624
1028
5904
6887
3523
217
982
5108
8927
4818
6957
3913
9221
829
3836
6520
7128
981
8321
2373
7299
1406
4357
7793
3479
7881
6483
941
4454
6910
5545
9306
1052
9116
5920
8799
5663
1161
3225
8890
5123
6671
7374
6664
2664
7746
5774
1587
3175
116
789
913
4674
8938
6908
8073
3189
419
7094
7527
2254
9827
8640
7441
4975
126
8884
1461
9225
4181
3444
2996
3608
4432
7513
3938
5433
2011
4413
4172
5154
6234
4836
5632
6226
7794
1340
683
1233
4335
9087
537
5501
4481
6179
3658
8426
4623
479
7578
5188
5928
7724
5657
2566
4765
4878
4791
9827
1719
312
7205
3253
1013
4882
8660
6321
684
5822
5434
1838
142
5535
9724
5027
7221
2066
8079
189
9715
7269
3070
623
7281
1625
3901
1091
9632
5820
9624
822
4427
9303
2768
154
5940
4521
9120
5004
1178
4965
7456
8042
293
4683
2935
246
3938
2493
7106
1291
3979
5455
4535
3726
4119
361
7932
8547
9035
319
3504
3844
5948
4208
478
5176
4229
1591
9516
2749
9175
2706
6103
5879
7513
1444
7821
2166
3937
333
1162
1586
5646
6044
6503
7062
2300
4676
4234
3373
4357
9714
6333
6192
6430
371
8366
583
4419
9923
4013
5470
1767
2243
4563
9745
8930
3629
6728
7452
2746
9635
7988
5033
6876
2243
755
5585
4106
9017
4058
4730
5591
9691
1748
2572
4465
4170
9937
2794
1083
5164
5668
2068
6921
8728
560
3596
9303
9985
465
5467
9464
4652
696
5299
1390
5912
9882
7303
3422
5803
6776
3725
225
9076
8904
396
7346
1296
6498
4909
3281
4735
3732
1470
9196
6364
5406
3586
3118
920
4650
6597
6607
3436
3859
6720
7370
5978
9462
8207
4033
9392
7050
6868
9383
739
6585
5394
7354
516
6812
9638
2297
5362
8035
6170
1150
31
4357
6427
3474
7109
7431
6350
9689
6490
5862
8985
3489
5162
9981
1636
3769
4751
856
8582
6986
2357
470
8867
4550
1647
6091
8646
3431
6999
7026
2791
3214
5437
573
1586
6131
3260
9260
1222
292
6612
4527
8866
4818
3
9089
8879
1717
6290
8279
1329
9975
6306
5902
8386
7386
8447
9470
3964
2981
3337
8537
7304
4947
3167
4803
6395
6669
461
2516
4684
3303
4531
7146
4270
433
2149
4272
7208
2559
4820
8829
2841
2005
2754
7391
9632
605
6088
8371
9316
3396
5264
8578
2922
119
276
9219
1482
7588
3331
1513
2166
619
5977
1101
8476
3333
553
7876
8292
6646
1723
7135
7483
3376
2950
4365
3336
698
7049
2263
491
7930
596
458
5916
2269
1032
9708
4198
5891
2845
1393
3638
2375
321
664
1707
9863
46
6352
5254
6501
3513
1176
8544
5380
4906
9061
8855
1726
7268
3245
960
28
4543
4033
6911
4619
3152
5189
9297
3387
7146
8269
2649
5882
8179
9414
4183
1446
1450
2075
744
9040
1729
6238
1761
9525
7784
6832
9016
8312
9059
4767
816
713
8761
2754
8466
297
1065
3529
5138
4710
3595
5992
3901
7042
1193
2649
449
9193
139
3690
4556
8525
9064
5840
9658
6092
3928
8911
9471
6691
9194
8544
7460
4493
6592
4673
8198
1069
7095
7407
465
782
2250
7997
8090
7693
4842
7904
7209
3153
2403
2682
961
4115
8261
3445
1566
3168
563
3024
540
7859
1992
5143
8486
8304
7707
4307
4892
4729
3832
6093
3226
5096
2628
5522
3845
6469
8050
6495
3312
6409
3744
6417
5025
3732
6569
3990
5871
1255
2110
2663
9178
7732
7780
9258
9010
595
4720
8954
3657
5600
5238
3963
4409
8632
1374
2588
4008
1419
157
5511
6370
7445
724
630
1538
7817
8935
5324
6088
460
4383
9089
4719
7942
1763
4883
6741
236
473
1669
1581
562
3324
528
6008
161
819
6479
9388
6785
3722
9107
9591
7861
153
2732
4974
4369
5466
9874
2802
5345
95
5356
6477
6610
9931
8378
8221
6908
4676
1263
7653
7670
7396
8432
2626
8343
7755
2448
8004
401
4341
4165
1567
563
9373
467
5777
1762
2954
5244
5695
7789
7723
1035
6922
9450
6733
5476
5283
8195
9106
8535
1613
3224
6364
7876
5757
3206
415
4687
4892
2803
56
3342
5061
6728
5257
8709
8312
4603
229
5562
2116
2189
746
9897
7835
3541
9604
9279
5608
2974
3371
5377
7603
7345
4494
4390
8105
8379
9772
4093
8527
4603
5406
4271
1255
6422
7154
7272
4497
5755
5870
2530
706
9713
5797
9555
634
4401
7498
6691
3626
5145
6831
3703
9100
9134
3795
2680
5255
5756
5717
2687
1899
1006
7313
321
4043
9980
7611
728
4082
3231
7047
4373
9277
3133
8557
7715
9355
3872
3717
9550
8398
5324
7777
2325
9823
4188
5854
1133
9742
8258
544
7648
1161
3084
697
6758
7582
4852
495
1505
8880
4460
7871
7402
2782
5342
6799
9775
3421
1750
8499
3239
6470
9607
6329
2453
9143
6391
5219
4059
544
7693
2414
9769
6243
6569
7915
8181
2348
1769
5219
4828
737
8870
3371
6676
8759
1411
4687
6904
2891
719
506
2495
7745
8650
5050
3370
502
6144
7774
6774
5544
8277
8853
398
8115
8765
7502
4326
3239
4460
8686
9329
5099
6621
1007
1943
5445
3888
9451
4963
4740
1704
8847
8769
1047
5647
9108
8385
715
7087
2992
8322
6653
3881
1708
9244
7684
7804
8083
3179
5424
5417
6289
9144
5624
5958
1155
3322
9413
7337
4988
3110
9406
9132
6692
1898
6660
925
4290
4359
957
893
2013
2942
8066
5289
6409
4133
725
2267
147
217
9336
3023
9792
8709
1233
4139
5463
302
6950
1361
8821
5433
5935
2177
5659
5291
3552
2653
7483
1970
4649
9081
1597
3056
7277
4119
1840
7680
1356
4290
3945
2708
3585
4903
6938
4128
4238
1990
4950
9577
6550
4337
4162
9462
4798
8575
3262
4741
1942
636
9940
443
8810
6712
9238
6788
3364
8155
5712
9992
2197
5550
245
359
5457
1489
1124
8010
2741
9966
2041
5535
5773
8639
4003
9431
8783
6197
7994
4852
5924
7512
3479
7521
8340
6918
9492
9327
4677
4455
9090
2334
357
9635
1028
8952
8277
1954
2504
1425
5650
6434
4375
3575
23
8130
5903
5174
4217
8132
579
9304
9034
1287
2930
9871
7909
4721
28
663
7013
5877
7343
1448
192
747
8483
7556
8016
6214
3367
3349
4537
5149
8666
8903
9935
8864
1190
6355
844
3428
3391
3976
1967
7810
9077
9140
3551
3474
8269
4503
6490
1860
4834
8837
5106
3317
1438
1460
4726
6789
2494
1476
7728
3041
4788
9859
3201
3078
1933
4240
7280
1826
8007
8905
7270
5930
8497
9156
1633
693
6792
1858
4011
163
5137
9221
9701
4256
5381
3336
1204
3299
634
7641
7057
8997
4065
8563
3437
1017
1913
3727
7596
8550
3442
6816
3852
6923
7048
6412
7231
3205
3967
5375
1054
369
3062
6574
6735
7571
2712
8735
6854
2471
3732
845
3044
10000
9948
317
5128
4377
5856
4734
8381
9048
9047
8011
6493
1548
7303
5994
1632
4973
8784
1119
3288
2220
2664
736
516
1644
1403
3990
8725
6895
4540
7045
3651
8385
7190
4988
2809
4955
2169
9367
3822
9869
9999
9102
4502
2181
4791
8216
2268
5173
4140
3413
664
9127
5772
3449
8241
49
4083
863
7927
1959
2924
4938
6741
9542
5784
5202
4131
4022
2331
9165
6639
7347
7801
6927
6762
1303
5555
2341
5513
8037
7632
4352
8104
5363
7218
1931
9974
2613
1119
5155
2087
5919
2951
3277
5488
9021
9858
4604
7259
9360
7571
2644
2237
237
8872
4709
826
922
8448
8196
6888
8073
2696
9680
7655
9610
8183
2108
5970
6978
3126
6619
9929
84
6002
8358
8703
7614
1996
1175
6244
4248
4374
9734
7928
5459
3461
601
2727
3053
1021
9528
6529
2575
8697
4733
3293
1774
595
1587
6462
5320
6212
8477
9241
8406
7126
6372
6245
5353
1879
945
1301
9101
3560
8246
2639
1131
6855
5575
7146
8626
8399
498
9690
7633
7224
659
3008
8950
9881
6553
8231
8382
1919
9432
8855
9996
7890
6153
8858
8118
166
5125
7664
3786
859
4780
7739
2679
1933
8795
9121
6046
4318
6850
9383
3734
5 4550
8 2978
6 3698
5 9225
7 6556
8 5848
10 2843
1 5030
3 728
8 156
10 3834
7 5867
4 8871
4 7690
9 4336
3 612
5 4492
7 9462
9 391
3 4769
6 5030
4 3134
7 3344
3 9677
6 4438
9 9411
9 9606
10 3708
4 3397
7 8153
5 4846
9 4884
4 9903
6 7303
7 3122
5 9268
1 512
4 8428
10 2106
10 610
9 3798
6 5745
3 9870
4 2974
7 7004
6 1909
4 7706
6 3940
6 2014
3 5520
5 1907
4 7087
2 5396
10 2501
3 1427
8 7273
4 8347
8 291
6 1901
9 1981
1 3416
8 5404
3 6959
8 1895
1 8669
9 5812
1 9803
9 8706
5 2089
9 1920
5 2880
6 211
10 8577
5 6952
1 4200
2 2524
8 2648
2 6059
8 5986
3 5738
8 6515
8 5336
4 8511
2 2158
6 1665
1 1926
3 3564
9 1272
7 7473
4 3873
1 148
4 6426
10 931
3 819
4 8342
6 7936
6 9589
7 8725
4 4446
3 8843
8 2117
1 6600
5 5330
2 6374
5 6224
10 4579
5 1072
4 9997
3 3477
9 264
8 1304
4 9591
7 8596
9 8107
7 5367
7 9449
5 6821
2 6964
9 4983
5 3623
9 1514
7 7807
6 9637
8 5653
2 8628
9 1145
10 2040
8 1307
2 3021
5 5886
7 5788
1 4043
10 7094
10 7089
4 8781
7 1015
3 1623
5 3594
9 9176
9 1639
5 5345
1 8859
9 3861
5 1140
4 8392
3 668
5 7430
4 1189
9 4629
9 7526
1 6525
1 1403
5 5269
10 2871
5 5817
8 4140
7 4895
5 3065
6 746
4 467
5 550
2 8946
9 4765
8 9903
6 5691
1 5335
4 5446
5 8251
2 895
6 3127
1 3385
10 3631
4 3465
10 6126
5 168
10 6759
2 3403
8 1624
10 9303
5 3171
9 4704
6 6915
7 9287
1 48
7 9395
3 3785
6 9114
7 35
3 7221
3 6421
1 8468
2 1221
5 3590
6 455
6 4790
6 4329
6 2626
9 4159
4 1094
1 5217
1 5596
3 6951
1 8442
4 874
3 105
10 7631
2 9063
4 7306
6 2706
9 5457
7 6168
2 451
1 8626
10 661
8 9061
8 6916
4 4614
3 6480
10 9383
5 2552
10 663
4 1358
2 6126
2 9411
3 3818
1 6880
5 3758
6 5459
9 9701
2 7580
1 4360
6 4198
6 3255
7 6438
10 101
2 4170
7 7358
7 3078
10 4424
8 2525
4 9528
7 9360
9 2640
6 3108
7 5041
3 1985
2 8264
1 5681
9 7402
8 160
7 9835
7 1312
4 7368
6 7935
9 4969
4 6365
10 3784
4 2958
10 1196
5 5185
8 7639
2 5490
9 5315
2 1448
4 9128
10 7001
6 6182
4 1223
4 3420
7 9976
10 4253
5 4834
9 6886
5 685
1 8323
7 2632
6 2114
8 2459
9 6076
1 6066
6 2485
6 2068
6 6887
1 9194
6 7027
1 312
2 6702
4 9495
9 2903
3 2376
3 9297
6 1581
8 7733
1 8219
4 7264
8 7967
9 1749
1 3854
10 4772
9 7498
3 2212
2 456
3 9171
9 2391
5 8312
8 6886
9 3846
7 1184
2 4443
3 7024
7 572
9 429
3 495
4 88
8 8516
2 9012
6 5481
4 5321
4 4034
5 4312
2 3100
4 6770
1 2486
3 7775
9 7591
3 3372
9 8905
6 4507
5 1363
10 4796
8 4445
8 7187
4 6398
4 308
9 9803
9 8356
9 4090
1 6392
7 3856
1 9706
10 4656
3 6018
6 1101
9 7555
9 9536
6 7869
6 1873
1 826
3 1271
3 9570
5 552
6 4466
10 8349
2 4817
3 4908
8 5888
5 6706
9 3792
5 9993
6 8289
2 3622
6 3666
10 2136
7 6836
4 2192
1 5538
3 340
7 1988
7 7519
5 5418
2 5437
5 6188
3 7189
5 5044
7 9422
7 3832
5 3001
6 6204
5 6243
2 2516
5 5847
5 6001
4 7230
8 2426
4 2053
5 1298
3 9749
1 3000
10 6067
10 7995
2 2759
5 9323
6 4661
9 1458
8 2344
3 3518
3 8374
2 2450
6 3887
7 6704
2 4442
4 7268
7 2265
3 5614
9 1728
7 5314
2 1477
4 8640
6 7273
10 7728
8 4768
9 9327
2 2731
2 6887
7 6313
8 2488
7 8203
8 8842
2 6692
1 7809
2 4918
1 1325
2 9883
1 567
4 1226
1 9665
5 7732
10 4269
7 5915
10 891
3 9691
7 5558
9 2170
6 4692
6 8909
4 2393
9 4010
10 1529
3 5944
2 879
5 6015
10 1668
9 2225
7 9849
6 6718
9 1974
5 8647
4 843
3 1049
10 2771
8 5283
2 5092
1 443
4 8099
3 8584
2 5040
6 4774
7 5313
2 6252
5 1142
6 6630
9 7309
8 673
9 1750
2 2225
9 7037
7 7482
1 2117
9 6376
10 3162
8 4516
4 9995
4 8109
3 403
2 3655
9 3619
5 369
5 3366
9 3526
8 2716
6 3227
5 5646
4 7371
5 9645
2 747
3 8159
7 8158
9 6179
2 6375
1 836
8 5939
10 8855
10 5982
6 6236
8 8972
5 9481
3 3881
4 3738
5 7170
5 976
