10000 500
1
1
1
1
1
1
1
1
2439
1
1
1
1
6492
1
3685
1
1
1
1
1
3652
1
1
1
6769
1
1
1
6702
1
8648
1
1
1
1
1
1
1
1
1
3764
1
1
5042
9499
7311
2491
1
1
1
1
1
6853
1
1
1
5888
1
1
1
1
1
1
1
1
8272
7987
1
1
1
1
1
1
1
1
1
1
1
1
1
1
1
1
1
1
1
1
1
1
1
1
7111
1
1
1
1
3295
4191
1
1
1
1
1
1
1
1
3469
1
1
1
1
1
1
6132
1
1
1
1
1
1
4993
1
1
1
9445
6276
1
1
8070
1
2287
1
1
9166
1
1
1
1
1
1
7315
1
1
1
1
1
7278
1
1
1
1
5373
1
7639
4166
1
1
1
1
1
1
1
1
1
1
1
6000
1
1
1
7541
2849
1
1
1
1
1
1
1
7892
1
1
1
4011
3879
1
1
1
4482
1
5306
1
1
1
1
1
1
1
1
7979
1
1
2625
1
1
1
1
1
1943
1
7985
1
1
1
1
1
1
1
4715
9562
4715
1
1
1
7927
1
1
1
9617
9103
1
1
1
1
1
1
1
1
2379
1
6851
1
1
1
1
5230
1
1
1
1
6213
1
1
4473
7465
8927
1
1
1
5836
1
1
1
4057
4216
1
1
8461
1
1
1
1
1
8646
1
1
2280
1
2515
1
1
7435
1
1
1
1
1
1848
1
1
1
3080
6067
1
1
1
3929
1
9613
1
1
1
1
1
1
1
1
1
1
1
1
1
1
1
1
3591
7845
1
1
1
1
2777
1
5511
1
8617
1
1
1
1
1
1
1
2137
1
1
1
1
1
1
1
3429
1
1
8580
2190
1968
1
1
8351
1
2250
3160
1
1
1
7989
1
1
3692
1
1
1
1
1
1
1
1
1
1
8957
3025
1
2795
1
1
1
1
7268
1
1
3777
3955
1
5085
5392
1
1
1945
1
1
4014
1
1
8926
6050
1
1
1
1
1
6548
1
1
1
1
1
1
1
3269
1
1924
1
1
1
1
1
7644
1
1
7104
1
5799
1
1
1
5274
1
1
6599
1
1
1
1
4378
1
9592
1
1
1
1
1
6252
1
1
1
1
1
1
1
1
1
1
8356
1
1
1
1
1
1
1
8890
1
4539
1
5157
7856
1
1789
1
1
8572
1
5578
1
1
1
1
7468
1
1
1
1
9067
1
1
3943
1
1
1
3977
1
1
1
9461
1
1
6217
1
1
1
1
1
1
1
9926
1
1
1
1
1
6405
1
9317
1
2543
9864
3873
2321
1
1
1
1
1
1
1
1
1
3007
6232
6616
6112
1
5872
1
1
6690
1
1902
1
1
9473
5808
8707
8154
1
8157
1
1
1
1
1
1
1
1
1
1
1
6223
1
1
1
1
1
1
3903
5113
7430
1
1
1
1
1
5902
4860
6435
1
1
4974
4663
1835
1
2006
2144
1
4947
1
2618
1
3638
1
8145
5393
1
1
1
1
1
6577
1
1
5422
1
3684
1
1
1
1
1
1
1
1
1
4764
7992
1
1
1
1
1
1
4531
3814
8613
1
1
1
5402
7588
1
1
1
1
2027
1
6202
1
1
3496
1
7213
1
7096
7480
5814
5864
1815
1
8335
1
1
1
1
5463
1
1
1
1
7314
1
7836
3805
1
3854
7816
1
1
1
1
1
5332
1
1
9086
1
7854
1
1
1
1
7692
1
1
1
1
1
1
1
8573
1
1
1
8710
1
1
1
1
1
1
1
1
1
6273
3519
1
2588
1
1
1
6857
1
2491
1
4947
7642
1
4723
1
5664
6189
3610
1
8850
1
1
2748
1
1
1
7215
1
1
1
1
3983
8426
1
1
1
1
1
1
5818
1
1
9861
1
1
1
3614
1
1
1
1
1
4086
1
1
8233
1
1
1
1
8507
8578
8200
1
1
1
1
1
1
1
1
1
1
1
1768
1
1
1
1
1
3033
1
1
1
1
1
3095
1
1
1
4313
1
1
1
1
4844
1
1
9952
1
1
1
1
8083
1
2458
9985
1
1
1
9686
1
1
1
1
1
8059
1
7663
3846
1
1
1
1
3374
1
1
6156
1
1
5934
1
1
4681
1
1
9896
6527
1
2125
2363
4444
7733
9582
1
1
1
1
1
1
2459
2675
1
1
1
1
1
1
1
1
1
4580
1
1
3205
4084
6266
1
2824
2439
1
1
9370
1
1
1
1
6922
9866
1
1
1
1
1
1
5986
1
1
1
1
1
1
1
6563
7177
1
8150
1
1
1
7153
1
9316
1
1
1
1
1
1
1
1
1
1
1
1
1
1
1
1
1
1
1
1
1
1
2078
1
8156
1
1
1
1
1
1
1
1
1
1
1
1
5439
1871
1
5549
6357
1
1
1
1
1
9851
1
5890
1
1
1
8256
5177
1
1
7846
5350
2036
1
5150
1
1
1
1
1
1
1
1
1
3262
1
1
1
3664
1
1
1
7867
6661
1
2683
1
1
1
4962
1
1
1
1
1
1
9995
1
1
1
1
1
1936
1
1
1
1
1
1
1
1
1
7851
5225
1
1
1
1
1
1
1
3799
4918
4324
5632
2573
1
9692
6843
4087
1
9671
9877
1
1
1
2917
9358
3833
1
7564
1822
1
6685
2761
1
1
1
1
1
8877
1
8475
1
3598
1
8766
1
1
6267
1
8482
1
1
1
1
1
1
1
1
1
1
1
1
1
1
4494
1
2246
1
7335
4069
1
5400
6833
1
1
1
9633
9259
1
1
1
1
4198
1
5671
1
1
1
1
1
1
8683
1
1
1
1
3490
1
1
1
1
3080
8722
6203
1
1
1
1
2802
1
3125
4101
5258
1
5445
5740
1
5640
1
3365
1
1
1
1
1
1
4450
1
1
1
1
9492
1
1
1
9733
4492
9204
1
1
1
1
1
9553
1
1
9372
2799
4140
1
6722
1
1
1
5543
3303
1
5704
1
1
9235
1
1
1
1
1
7000
1
1
7210
1
1
2675
1
1
1
1
1
5481
1
1
1
7939
4624
1
5735
1
1
2889
2855
1
1
1
8743
7096
1
5904
6489
1
1
1
1
7552
1
1
1
1
1
2443
3754
1
1
1
3757
6911
7766
3679
1
1
1
1
7952
5708
1
1
1
1
1
9227
3532
4400
7528
5914
1
4518
1
6608
1
1
1
2253
1
5236
1
1
1
1
1
1
1
1
1
6568
1
1
1
1
1
1
1
1
7705
8802
1
1
7131
1
1
1
1
2791
2866
2733
1
1
9704
1
1
1
1
1
1
1
1
1
1
2900
1
6996
1
1
1
1
1
1
1
9301
8878
1
1
1
2560
1
1
1
1
3900
1
1
1
7426
7740
1
2961
1
1
1
1
4536
1
1
1
3120
8183
4364
1
1
1
1
7100
7711
1
1
1
1
2700
1
5478
1
1
1
1
1
1
1
4977
1
1
9392
1
1
2098
1
1
1
7762
1
1
1
7205
1
1
1
1
4372
1
1
1
1
4229
1
1
1
1
1
1
6891
9525
6880
1
8606
1
1
1
5298
1
1
1
1
1
1
1
1
9171
1
1
1
7662
7928
1
1
1
1
1
2049
1
1
1
5094
1
7992
5498
1
1
8249
1
1
1
8333
1
1
1
1
1
1
1
1
5274
6120
1
1
1
1
1
1
7815
1
1
1
1
1
4283
1791
1
1
1
1
1
2405
1
1
1
8814
4816
1
1
2516
1
1
1
7501
1
3661
1
1
5593
1
9372
1
1
1
1
8198
2293
1
3029
1
1
1
1
1
2809
1
2107
1
1
1
1
1
1
8632
1
4598
6366
1
9567
1
1
1
1
3548
5436
1
1
9275
1
1
1
1
1
1
1
1
6461
1
1
1
1
1
1
1
1
1
1
1
1
1
5845
1
1
1
1
1
1
1
1
1
1
1
1
1
1
1
4641
1
8307
1
1
1
1
3016
1
1
1
1975
1
1
1
1
1
1
9844
1
2496
1
1
6085
8285
1
1
1
4697
6910
1
4755
1
1
3924
1
1
1
1
1
1
1
1
1
4685
1
1
1
1
1
1
1
1
5797
1
1
1
1
1
7233
3718
1
1
1
7107
1
1
8914
1
1
1
7213
1
1
7484
1
1
1
6396
4801
1
8044
1
1
1
3583
2109
8386
1
1
1
1
1
1
1
3675
1
6766
1
1
1
1
1
1
1
5893
2919
1
1
1
1
1
1
2659
1
3481
1
1
1
1
1
1
1
1
1
1
1
1
1
3573
3897
1
1
1
1
1
1
1
1
1
1
1
6698
1
1
1
1
1
1
9414
1
1
1
1
1
1
1
6355
1
8542
1
1
8033
1
9456
1
7968
5333
1
1
1
1
6508
1
1
1
1
1
1
1
1904
7321
1
1
1
7871
4249
1
1
1
1
6184
1
1
1
1
1
6443
6758
9537
1
2940
1
1
1
1
1
1
1
1
1
3303
1
1
1
1
1
8155
1
1
1
1
2426
1
1
1
1
1
1
1
1
1
2298
1
1
1
2878
4124
1
1
3958
1
1
1
2503
1
2093
1
7460
1
1
5607
1
9204
1
1
1
1
1
1
1
1
3135
6801
1
1
1
1
1
1
1
1
1
1
1
1
1
9799
9335
1
1
4747
1
1
1
3029
1
6031
1
1
1
7990
1
1
5966
5490
1
1
5108
1
1
4818
4540
8761
1
1
1
1
1
6239
1
1
5184
1
6355
2560
9572
1
2260
1
1
1
5013
1
1
1
1
1
1
2210
1
1
7605
1
1
1
3654
1
1
1
1
7547
1
1
1
1
1
3627
1
1
7781
1
1
1
7851
1
1
1
5694
1
1
2282
1
1
1
9379
1
4111
7647
1
8791
1
2552
1
1
1
1
4865
1
1
1
1
1
8168
7598
1
1
1
1
1
9556
1
1
1
7901
6841
5298
1
1
1
1
4783
1
8719
1
1
1
1
1
1
1
1
1
1
1
1
1
1
1
9553
4116
1
1
3412
4225
1
1
4036
1
1
1
1
4431
1
1
7683
1
1
1
2973
1
3297
1
1
1
4150
1
3193
1
7578
6824
4335
8652
1
6787
1
1
1
1
1
1
2922
1
5466
1
1
5862
1
1
4128
1790
1
1
9451
1
1
6055
1
1
1
8501
1
7487
9287
1
1
1
1
1
1
1
1
1
1
1
1
1
2902
9614
1
1
1
1
1
1
1
6813
1
1
3413
2322
1
1
8320
1
1
1
1
1
1
1
1
1
1
1
1
1
1
1
1
1
8464
1
1
5594
1
1
1
1
8781
1
1
4208
5377
1
7542
1
1
1
1
1
9810
3254
6992
1
1
1
1
1
1960
1
1
1
1
1
1
1
7725
1
1
1
1
1
1
1
1
4164
6439
1
5827
1
9051
1
6689
1
1
1
1
1
1
6579
1
1
4451
1
5357
1
1
1
1
1
1785
7326
1
1
1
1
8328
1
8266
1
1
1
1
1
1
1
6788
1
1
1
1
2422
6753
3275
1
6313
1
1
9159
1
1
1
1
1
6957
1
1
1
1
9883
1
5121
1
1
1
1
1
8013
8230
8252
8433
1
1
1
5458
1
9078
1
1
1
4708
1
3829
1
1
8514
1
1
9404
1
1
5115
8197
1
1
1
1
3367
1
1
1
8553
7692
1
4077
1
1
1
1
1
1
7901
1
1
1
1
1
1
8427
1
1
7988
1
1
1
1
6500
1
1
1
9564
1
1
1
1
1
1
2645
1
1
8023
1
1
1
1
2056
1
1
3157
1
1
1
5786
1
1
1
1
1
1
1
1
6425
7398
1
1
1
6292
1
1
1
1
1
1
1
1
1
1
1
1
1
6886
1
1
2175
4019
1
1
1
1
1
1
6217
1
1
2936
1
1
1
1
1
1
3454
1
6301
1
1
7010
1
1
1
1
1
1
1
1
2306
1
1
1
1
9244
1
1
1
1
6341
1
1
1
1
1
1
2920
1
7181
1
6252
1
1
1
1
1
1
1
7511
1
6807
1
1
1
1
1
4495
5237
1
1
1
9844
1
1
1
1
1
1
1
1
7016
1
1
1
1
1
1
3297
7479
1
1
4883
1
1
1
1
3204
1
7039
8662
1
1
1
1
6036
1
1
1
1
1
2996
3241
1843
1
1
1
1
1
1
1
1
2932
9672
3086
1
1
1
1
1
6098
6925
1
1
1
8143
1
9271
1
7726
1
8554
1
7654
1
1
1
9002
1
1
1
1
1
1
1
1
1
1
6502
1
1
1
1
1
1
1986
1
1
1
1
1
1
1
1
1
1
1
6131
2542
1
1
1
1
1
1
1
1
1
4451
1
4354
1
2656
1
1
1
1
1
1
1
7243
5266
1
2421
9474
1
1
1
3174
1
1
1
1
9428
4770
1
1
1
2473
1
1
1
6536
1
7964
1
1
6224
1
5987
1
1
1
1
1
1
1
1
3903
1
1
1990
1
1
1
5734
1
1
1
1
1
8131
1
1
1
1
1
4963
1
1
1
2703
1
1
1
8183
1
1
1
5199
1
1
1
2629
1
1
1
1
1
1
1
1
5128
9724
1
4179
2391
1
1
1
1
1
1
9731
1
1
3391
4806
8870
1
1
1
1
1
1
1
2788
1
1
1
1
1
8732
1
1
1
6796
1
4001
2971
1
1
1
8610
1
1
1
1
1
1
7567
9112
1
7401
1
1
1
1
1
1
1
4237
1
1
1
1
1
1
1
1
6374
1
3948
1
1
1
1
1
1
1
1
1
1
1
1
1
1
1
1
1
1
9120
7603
1
1
1
6283
1
6112
1
7231
1
1
1
1
1
7452
1
3702
6303
1
7329
1
1
1
1
5221
1
1
1
9987
8596
3729
4078
1
1
1
1
1
1
1
2802
1
9611
1
1
1
8950
1
3235
9817
6556
1
1
1
8365
9751
1
1
1
6357
1
1
8529
1
1
4942
1
1
1
1
1
1
1
1
1
9120
8238
1
1
1
2400
1
1
1
1
1
1933
1
7233
7884
1
1
4405
8861
5709
1
1
1
7534
1
1
1
1
1
1
1
1
1
6103
1927
1
1
1
1
6635
1
1
1
1
1
3338
1
1
2329
1
1
1
1
1
2098
1
1
1
1
1
1
1
3515
1
1
1
1
1
9598
1
1
1
1
1
1
1
1
8683
1
1
1
1
1
5978
1
1
1
1
1
4062
1
3463
1
1
2140
1
3211
1
1
1
1
9362
3819
1
1
1
6227
1
1
5416
1
1
1
1
1
1
4171
1
1
8032
1
1
5677
1
1
9323
1
1
7043
4897
1
3912
1
1
1
1
1
1
1
9433
1
1
1
1
1
1
1
1
1
1
1
1
1
1
1
1
1
1
1
2359
1
6315
9452
1
1
1
5406
1
1
1
1
1
1
1
1
1
1
1
1
2914
1
1
1
4932
1
1
2317
1
1
3480
1
9481
1
1
1
1
5627
1
1
1
1
1
1
1
1
1
1
1
1
9279
1
1
1
9116
1
5378
1
5724
1
1
1
1
1
1
1
1
1
2986
1
1
4696
1
1
3165
1
1
1
1
6584
8998
1
1
1
2413
1
1
7834
1
4696
8315
9134
9604
1
4480
1
1
1
1
1
1
2227
1
1
1
3032
1
1
1
1
1
1
2047
1
1
1
2671
1
1
1
1
1
1
9605
1
1
1
4783
1
1
6402
1
1
1
1
1
3915
1
1
1
1
1
8131
4878
9419
1
1
1
1
1
1
1
1
1
1
1
1
1
1
1
1
1
1
7858
1
1
4966
1
3333
9675
1
7285
1
1
3877
1
1
1
1
6259
1
4602
3970
5428
1
1
8344
1
1
1
1
1
1
1
1
1
1
5215
1
7521
1
1
1
1
1
7200
3744
1
1
1
1
1
1
1
9026
6568
1
1
1
7393
1
1
9362
1
1
1
1
1
1
8285
1
1
1
5515
8293
8038
3202
3339
1
1
1
1
1
5353
1
3627
1
7708
1
8087
1
4734
1
1
1
1
1
1
1
1
1
4328
9159
1
5317
1
1
1
1
1913
1
6704
1
1
8778
1
1
3134
5647
1
1
3019
9189
1
1
1
1885
1
1
9243
1
1
1
1
1
2214
7757
9351
1
1
1
1
1
1
1
2402
9917
1
2610
1
1
1
7181
1
1
9885
1
2664
1
1
1
1
1
1
1
5624
1
1
1
1
2528
1
8736
6590
2272
1
1
8828
1
1
1
1
1
8015
1
1
2083
1
1
1
1
1
1876
1
1
2725
1
1
1
4764
7158
1
1
1
1
1
3542
1
9690
1
5797
1
1
1
1
6780
3400
8765
1
1
1
9260
1
1
6393
1
1
1
1
1
1
1
1
1
1
1
1
1
1
3878
1
1
1
1
2162
1
3087
1
1
1
1
4919
2431
1
5584
1
1
4561
2809
1
1
9185
1
1
1
5221
1
6137
1
3534
1
1
1
1
6058
1
1
1
1
1
5136
1
1
1
1
1
2257
1
1
1
1
4851
1
1
1
8778
1
1
4007
1
1
6667
1
8023
3709
1
1
1
1
3998
1
1
7939
6411
1
9901
2930
1
1
7765
1
1
1
1
1
1
1
1
1
1
1
1
1
9897
3092
1
1
2863
4310
1
1
6812
5829
1
1
1
9472
1
1
1
5719
1
3799
4467
1
1
4308
2860
8715
1
8636
1
9072
1
1
9962
1
9235
5320
2260
1
1
1
7798
3110
1
2213
1
1
1
3210
4386
1
1
1
1
1
1
1
1
1
1
5616
1
1
2832
1
1
6295
9395
1
8194
1
1
1
1
1
1
1
9256
7136
1
1
8644
1
1
1
1
1
1
1
2973
1
4339
1
1
4823
1
1
1
1
1
1
1
1
1
3127
1
1
1
1
1
1
8470
1
1
1
6984
1
7690
1
4260
2316
1
1857
2769
1
1
4084
1
1
1
1
1
1
1
4794
1
1
5131
1
8408
1
1
1
1
1
4882
1
1
4227
1
1
1
3124
1
1
1
1
1
1
1868
1
1
9106
6934
1
1
7233
1
1
9213
1
1
1
1
1
9969
1
7358
1
5127
9259
1
1
3929
5862
1
7918
2711
8418
1
1
9291
1
1
6237
1
1
4310
5444
1
1
1
1
9359
1
1
1
9902
7571
1
4845
1
1
1
1
1
6749
8566
1
1
9171
1
1
1998
2154
1
1
1
1
1
1
1
1
1
1
9206
1
1
1
1
2203
1
1
1
1
1
1
6845
1
1
2586
1
1
1970
1
1
1
1
1
3864
1
1
1
4020
1
6054
1
1
1
1
1
1
1
1
1
1
4767
1
7618
1
1
1
1
1
1
1
1
1
1
1
1
1
8126
1
1
1
6400
1
1
1
1
5450
1
1
1
1
8266
1
9537
3037
1
1
1
1
1
1
1
1
1
1
1
6085
1
1
9952
8784
1
6805
1
5088
2291
1
2036
1
1
6966
1
1
1
1
6891
9481
1
1
1
3655
6627
1
1
1
1
1
1
1
5564
1
1
8904
1
8761
1
1
1
3951
1
3189
1
4272
1
1
6601
1
1
1
1
1
1
1
7594
1
1
1
1
1
1
1
1
1
1
4573
1
1
1
1
3702
1774
1
1
1
1
1
1
6645
1
3792
1
1822
1
1
1
1
1
1
1
1
1
6874
4356
4662
1
3499
7789
1
1
1
1
1
1
2161
3290
5578
1
7792
3832
1
1
1
3417
1
1
3148
1
1
4494
1
1
1
1
1
1
7736
1
9111
1
1
2389
1
1
1
1
7610
8406
1
1
1
1
1
1
7453
1
1
1
1
1
1
1
1
1
8536
8109
1
1
5533
1
4842
1
1
1
6942
1
1
1
2827
1
1
3359
1
1
1
6940
7258
1
1
1
2746
1
9834
1
6676
5489
1
1
1
1
1
1
1
1
3312
9993
1
1
1
1
6505
1
1
1
1
4889
4747
1
4525
8797
1
1
1
1
1
1
2813
1
1
1
3637
1
1
1
1
1
1
1
1
1
1
3065
2834
1
1
1
1
1
1
2146
1
1
1
7368
1
1
4099
1
1
1
6189
1
1
1
1
1
1978
1
6413
1
1
1
1
1
1
1
1
1
1
2185
1
1
1
9306
6404
1
1
1
1
1950
1
1
1
1
9451
1
1
1
1
3502
1
5578
4066
1
3047
1
1
1
1
1
1
1
1
1
1
1
1
8414
1
1
9964
1
1
1
3799
6625
1
1
1
1
1
1
1
8538
1
1
1
1
1
1
9413
1
1
9758
1
8818
1
1
3916
1
4612
1
1
1
6072
1
2092
1
4395
1
1
1
1
1
1
1
1
1
1761
1
1
1
1
1
1
5071
3585
6058
5487
1
1
1
1
4155
1
1
1
1
1
2162
1
1
6447
1
1
1
2694
1
8599
4046
1
1
1
1
1
1
1
1788
3809
1
3147
1
1
9811
1
1
1
1
1
1
1
1
1
1768
4589
8812
1
9442
1
1
1
2628
2373
9754
1
3002
1
8651
6714
1
6352
1
7123
4671
1
1
1
7947
3182
2375
1
9810
1
1
1
1
4540
6995
5524
9789
3790
4502
1
2199
1
8371
8959
1
1
8381
1
1
6574
7719
1
9328
5008
1
3338
1
1
1
1
1
2027
3111
4881
1
8992
1
1
1
9810
1
5185
5327
2736
1
1
1
1
1
1
1
1
1
1
1
5731
1
1
1
1
7559
9352
9034
1
1
1
3268
4432
1
9059
1
9138
1
1
3637
1
1
1
1
1
5019
1
4775
1
6080
1
5230
1
6726
1
5151
1
1
1
1
1
1
1
1
7647
1
1
1
2944
5276
1
1
1
9909
7050
3853
1
1
2836
1
1
1
1
1
1
1
1
8109
1
7223
1
1
5716
1
6031
1
1
1
1
9664
1
1
3728
1
5845
1
1
6116
6257
1
9889
1
1
1
1
1
3524
1
1
1
1
1
1
1
1
1
2022
1
1
4657
1
1
1
1
1
1
1
1
7667
1
1
1
1
4681
1
3491
4263
1
1
4207
1
1
1
1
1
1
1
1
1
1
1
4645
1
1
1
1
1
1
1
1
1
1
1
6668
1
6008
1
1
1
1
4291
1
1
8469
9781
4630
7401
1
1
1
1
7864
1
1
1
1
7982
2298
1
1
1
6366
3958
4988
1
1
1
7918
1
1
7824
3552
7786
1
1
1
1
1
1
1
1
1
1
1
7338
1
1
1
3960
3623
7390
1
1
5135
1
1
1
1
1
1
5534
3493
1
1
1
1
9143
8601
1
1
1
1
1
1
1
1
1
1
5885
1
1
9974
1
5572
1
2202
1
1
1
1
1
1
9416
1
1
2829
1
2419
6077
1
1
1
1
5410
1
1
1
1
1
1
1
1
1
1
1
2854
1
2460
1
1
1
4360
5661
1
1
7820
1
7508
1
1
1
1
1
1
1
1
5907
1
1
1
1
1
9273
1
1
1
1
1
1
1
1
1
2429
1
1
1
7085
1
1
1
1
1
1
1
5824
1
1
1
1
1
1
8748
7906
1
1
1
3019
1
1
1
1
1
1
1
1
6271
1
1
1
1
1
1
1
9510
1
1
1
1
1
1
1
7302
1
9385
1
1
9895
3955
1
1
1
8275
8070
6924
1
1
4322
1
1
8818
8346
2764
1
6210
6841
1
1
5974
1
1
1
1
5917
1
1
1
1
1
1
1
1
1
1
1
1
1
1
1
1
1
1
1
1932
1
7627
6042
5242
1
1
4424
1
1
8362
1
1
1
1
3880
8977
1
1
1
1
1
1
7111
1
1
6419
1
1
1
1
1
1
1
1
1
1
1
2173
1
7517
1
1
1
1
1
1
8723
1
1
1
1
1
1
1
4530
9022
1
1
1
1889
1
1
9947
1
2585
6976
1
1
1
1
1
1
1
4762
1
1
1
1
1
1
1
1
1
5066
3255
1
1
1
9109
6036
1947
1
6325
1
1
9510
1
1
1
1
1
1
1
7071
7182
1
1
2659
1
1
1
5735
1
1
1
1
1
9155
1
6614
1
1
1
1
1
1
1
1
7385
1
1
1
5528
1
1
1
3205
1
1
1
9749
1
4046
1
5182
1
7927
9770
1908
1
1
9222
1
1
1
1
1
1
1
5818
1
7522
1
1
6479
1
7579
1
1
3747
1
1
1
1
1
1
1
6724
1
1
8371
1
5742
1
1
1
1
1
1
1
5273
1
1
1
1
6769
1
1
1
1
1
1
9329
1
1
1
1
1
8724
1
5650
1
7744
1
1
1
1
3551
1
9131
1
1
1
1
1
1
5965
6005
1
1
1
1
1
1
7140
1
2741
1
1
1
5098
1
1
1
1
1
1
1
1
1
1
1
1
1
1
1
1
1
1
1
1
2996
1
7802
4676
1
1
1
1
1
1
1
1
1
1
1
9296
9144
1
1
4470
1
1
1
1
1
3305
3051
1
1
1
1
4275
1
6134
7582
1
1
7672
1
1
1
1
1
3459
1
1
1
4320
1
1
1
1
1
1
1
1
1
1
4989
4851
1
1
1
3312
1
3396
5522
1
1
1
1
1
1
2715
1
8092
9784
1
7579
1
1
4516
1892
1962
1
9733
1
1
1
1
3467
6813
1
1
1
1
2098
1
1
4273
1
1
1
9501
1
1
1
1
7169
1
5992
1
1
5253
1
1
1
1
1
9473
1
1
1
1
8504
1
1
1
1
7415
1
1
1
1
1
1
1
1
1
1
1
1
1
1
7948
1
1
1
4042
1
7750
1
1
1
1
1
1
1
1
1
6335
9583
1
1
1
4365
1
1
4517
1
1
1
1
4593
1
1
9520
1
1
1
1
5589
1
1
4982
1
1
1
1
1
1
1
1855
1
6711
1
1
1
1
1
1
1
9196
1
1
8166
1
1
1
1
1
9694
1
1
5052
1
1
6284
1
5425
1
1
1
1
1
1
1
1
1
1
1
1
1
1
9488
1
1
1
1
1
1
1
1
1
1
7588
4736
9036
1
5671
8887
1
1
1
9796
2990
1
3353
1
8328
1
1
2623
1
7839
1
1
1
1
1
7294
1
5119
6471
1
1
6977
7996
1
4759
1
1
8671
1
2590
1
1
1
1
1
1
1
1
1
1
1
1
1
1
1
2068
1
1
1
1
1
8971
1
3851
1
1
4924
1
1
2499
1
1
2214
1
1
9745
1
1
6661
2952
1
2230
1
1
1
1
1
1
4476
1
3456
1
6966
1
1
6456
1
1
2265
1
1
1
1
1
6790
1
1
1
1
8532
1
1
1
2728
1
1
1
7401
1
1
1
3641
1
1
1
1
1
1
1
1
1
1
9342
1
1
1
3819
1
2594
1
1
1
1
3407
1
1
1
1
4945
1
1
1
1
1
1
1
9184
1
6116
1
5176
9462
1
1
1
1
2703
1
8527
1
1
1
5698
4400
1
1
1
1
1
3814
4144
1
1
1
1
1
1
1
1
6187
1
1
1
1
6650
1
1
3351
7758
1
1823
4801
1
5880
1
1
1
1
1
1
1
4217
8351
3427
5682
1
1
1
5990
1
1
1
1
1
4177
1
1
1
1
2446
8225
1
5476
1
1
5313
1
1
1
1
1
1
5057
4288
1
1
1
4265
1
1
1
1
1
1
1
1
1
1
1
3333
1
7804
1
8948
1
1
1
9469
5735
9437
1
3061
1
6489
1
1
1
1
1
1
7344
7969
1
3618
1
1
7281
1
1
7726
1
1
4542
9390
7871
1
1
1
1
1
1
3589
1
1
3229
1
1
2821
1
2194
4945
1
1
2610
1
6174
1
1
1
1801
1
1
1
1
1
1
1
1
1
1
1
1
1
1
1
3919
3146
1
1
1
1
2235
1
8935
1
1
4901
1
1
9119
1
6249
1
1
1
1
1
5028
1
3384
1
9166
1
4153
9652
1
1
1
1
6489
1
1
1
7808
6921
1
1
1
6099
2997
1
1
1
7515
1
3068
4120
1
1
1
1
1
1
7634
1
5208
1
1
2542
4372
1
1
9075
2384
1
6679
1
8046
3604
1
8692
6523
1
2112
1
1
1
9806
1
1
1
4305
1
1
1
1
1
1
5093
1
2177
1
5017
1
1
6649
9764
1
1
1
1
1
1
1
1
1
1
2584
1
2721
2754
1
2970
1
7351
1
1
1
3711
1
1
1
1
1
7183
1
1
1
1
1
1
6471
7331
2025
1
1
1
1
1
1
6608
1
1
1
6461
6464
1
1
9056
1
1
1
1
1
1
1
1
6950
1
1
8875
1
1
1
1
1
1
3842
1
1
1
3681
1
1
1
2928
1
1
1
1
1
1
1
1
1
1
1
1
1
1
8395
7018
8970
7900
6595
5894
1
1
2197
1
3994
1
1
1
1
1
1
4177
1
1
1
1
1
1
1
7060
1
1
1
8943
1
9344
2352
1
1
1
3741
1
1
1
1
8424
1
3793
1
1
1
1
1
1
1
1
6264
1
1
3173
1
3382
1
1
3279
1
1
7884
1
1
1
1
1
5137
4057
3346
1
1
1
2774
8248
1
1
1
1
1
1
9309
1
1
1
1
1
6826
1
1
9016
1
1
1
2684
1
1
1
1
8325
1
4294
1
9803
1
1
3374
1
1
1
1
8889
1
1
1
1
1
1
1
1
9780
2013
1
1
1
1
2020
1
1
1
1
1
1
1
1
1
1
1
1
1
1
1
1
1
4349
1
1
1
4194
1
1
1
8207
1
1
1
1
1
5554
1
1
5092
2434
1
7329
1
1
1
1
8848
3418
1
1
1
1
7401
1
1
9239
1
1
1
1
1
1
3634
8987
1
1
5001
2155
1
1
1
1
1
1
1
8894
6679
1
1782
1
1
1
1
1
2211
1
1
1
1
1
1
1
1
1
1
2959
1
1
1
9642
9438
1
1
1
2000
8894
7766
1
1
1
1
1
1
1
1
1
1
1
5538
1
1
9942
1
1
4500
9952
1789
1
1
7293
1
3010
1
2581
9550
1
1
1
1
1
6710
1
1
5509
1939
1
1
1
6597
1
6818
1
1
1
6661
1
1
1
1
1
1
1
1
1
1
1
1
1
1
1
9145
8663
4903
1
1
5377
8375
1
1
1
1
1
1
1
1
1
1
1
5749
2332
4562
1
1
1
1
5041
1
1
1
1
6606
1
7911
1
5035
1
1
1
1
1
2231
1
1
6883
1
1
1926
1
1
5397
1
1
1
1
1
1
1
1
1
8907
1
5361
1
1
1
2349
1
1
6339
8695
1
1
1
1
7036
7601
1858
1
1
1
1
1
2481
5929
1
1
1
1
1
1
1
9412
1
1
1
1
1
1
6962
1
1
5379
1
1
4087
7048
4639
3748
1
1
1
1
1
7836
1
1
1
1899
1
1
1
1
1
1
1
1
5026
9713
7532
1
1
2511
1
1
1
8155
1
1
1
5568
1
1
1
1
1
1
1
3514
4868
1998
7368
1
1
1
1
7756
1
1
1
1
1
7022
5945
1
1
1
1
1
8986
1
1
1
1
1
2842
1
1
1
8055
1
1
1
1
1
9937
4562
1
1
5651
4158
8189
9068
1
1
5616
7505
1
3311
1
3473
1
8260
1
1
1
8816
4299
5953
1
7014
2567
1
6023
1
1
3092
1
8296
1
1
1
1
7974
1
5960
1
9196
1
1
1
1
5770
1
1
1
1
1
1
1
1
1
5505
1
1
5614
1
1
7571
1
6749
1
1
1
1
9999
1
1
1
1
1
3597
1
1
1
1
1
1
1
1
1
1
1
6326
1
1
8491
1
1
1
1
1
1
1
1
9148
1
6384
6741
1
1
3831
6480
8453
1
1
3944
1
1
1
1
1
8238
1
1
1
1
1
7469
8213
1
5858
1
9532
1
1
1863
1
1
1
1
2607
1
1
1
1
1
1
4264
1
1
3124
9622
1
1
4633
5594
1
5634
1
1
1
1
8677
1
1
7944
1
7915
1
9704
6915
1
1
1914
1
1
1
1
1
1
1
5248
1
4901
1
1
1
1
1
8455
5044
9626
4187
4582
1
1
1
5611
1
1
6455
1
6036
3138
1
1
1
4455
1
4334
1
1
1
1
7928
1
1
1
1
1
1
3179
1
3019
1
1
7129
1
7084
1
3758
1
1
1
1
1
1
1
1
1
4827
8524
1
7321
1
1
1
1
2689
1
1
1
1
9664
1
8703
1
3183
1
1
5517
1
1
6589
1
1
1
7654
1
1
1
8964
1
1
1
1
1
1
1
1
1
1
6712
1
3786
3106
5804
1
1
1
1
1
1
7081
4402
1
1
1
1
1
1
1
1
1
1
1
1
1
1
1
1
6187
1
1
1
1
1
1
1
1
1
1
9674
1
5019
1
1
1
1
1
1
1
2057
1
1
1
1
8966
1
1
1
1
1
1
5467
1
1
8862
1
1
8107
1
2986
1
7082
9829
1
1
1
1
5416
1
8483
1
1
1914
3639
1
1
1
1
6818
1
1
1
1
2068
3547
1
1
1
1
1
1
1
1
1
4200
1
7024
8908
1
1
1
1
1
4956
2116
1
1
1
1
1
1
1
1
9878
1
2910
1
7633
7890
1
2626
1
9293
9504
5991
3771
9979
1
1
1
1
1
1
8398
1
1
1
8791
1
1
1
1
1
3976
6561
1
1
1
1
8297
4245
1
1
1
1
9675
1
1
1
2703
1
1747
1
1
1
1
1
7558
9926
1
1
1
1
1
1
1
4704
1
6102
1
9620
1
1
1
1
1
1
8757
1
1
1
1
1
1
1
1
1
1
1
1
1
4985
5037
2412
1
1824
6578
6439
1
1
4652
1
1
1
1
1
1
1
1
1
1
3270
4647
8941
1
1
1
1
1
5664
9848
9617
1
1
5684
1
1
1
1
9824
1
8701
1
6058
1
8626
6199
1
5867
1
1
1
6627
1
1
1
2733
1
1
5645
1
1
1
9553
3715
1
1
8305
1
8282
1
6633
1
3923
1
1
7952
1
1
1
1
2274
1
8434
1
1
1
1
1
1
3072
1
1
1
2543
1
1
1
1
1
1
1
4146
6372
1
1
1
1
1
1
6369
1
9202
1
1
1
4387
1
1
1
1
1
1
1
1
1
1
1
1
1
1
1
8617
1
1
1
1
1
1
1
8730
1
1
9756
1
1
1
1
1
6746
1
1
1
1
1
1
1
1
1
1
1
1
1
1
1
1
1
7765
1
1
3502
1
1
1
1
1
1
5776
1
3237
1
5501
1
1
1
2782
1
1
1
1
1
1
1
1
1
1
1
8046
1
1
1
1
1
1
1
1
9945
4263
9547
1
1
1
1
1
8251
1
9213
1
4399
5146
1
1
5267
1
3663
2368
1
1
1
1
1
1
1
1
6143
1
1
1878
6349
1
1
1
1
1
1
1
1
1
1
1
7826
6005
2485
1
6476
1
9381
1
1
8014
1
1
6247
2673
1
1
1
1
1
1
1
1
8413
1
1
8100
7195
1
1
4579
1762
1
1
1
1
1
1
1
7296
7146
2866
7025
8572
1
1
1
1
1
1
1
8374
1
1
2309
1
1733
1
1
1
1
1
1
1
1
1
1
2790
1
1
1
1
9049
1
4328
1
1
1
9989
1
1
1
1
1
2334
1
1
1
1
1
1
3430
1
8698
9191
1
6008
1
3706
1
5246
7371
1
1
5652
1
1
4686
1
5009
1
1
1
1
1
1
1
1
1
1
4524
1
1
1
1
1
1
6897
1
1
5381
1
1
6143
1
4032
1
1
1
1
1
1
1
1
1
1
1
9427
6028
2894
1
1
1
1
1
1
1
1
1
1
1
1
1
1
1
1
1
1
1
1
9382
1
1
1
1
8869
3446
2947
7519
8988
1
1
1
9019
1
5283
1
9116
8482
1
1
8368
1
1
1
1
1811
1
1
1
1
1
8217
1
1
1
1
1
7231
9711
1
1
1
9405
1
1
1
1
4273
1
1
1
1
1
1
4856
1
1
1
5468
1
1
8590
1
1
1
1
1
1
7076
1
1
1
1
1
1
7490
1
1
1
1
2085
1
6390
8862
1
7628
1
1
1
1
1
1
6985
7071
1
3869
4325
1
1
1
7114
1
9212
1
1
1
6085
7615
1
1
1
1
4738
1
1
4988
1
9228
1
1
1
1
1
1
1
1
1
6974
1
9007
2126
7414
1
1
5613
1
1
1
1
1
1
1
1
1
1
1
1
1871
1
1
1
6941
1
8549
1
1
5641
1
1
1
1
1
1
1
1
1
6796
7681
8617
1
1
1
3849
1
1
1
1
1
7803
1
1
1
5975
7897
1
5165
1
1
1
1
1
1
1979
7696
1
1
1
1
1
1
4395
1
1
1
1
1
1
1
1
2477
1
1
1
1
1
1
1
1
1
5076
8140
1
1
1
4620
1
1
4671
9088
1
1
1
1
1
1
1
8651
1
1
1
6289
2380
1
1
1
1
3854
5290
1
2485
1
1
1
8028
1
3764
4020
1
1
3070
1
1
7495
1
1
1
1946
1
4384
4903
1
1
1
1
1
1
1
1
1
1
5105
1
1
1
1
1
1
1
7268
1
1
1
5353
1
3829
1
1
1
1
1
4669
1
1
1
1
1
1
1
8381
1
2525
3227
6433
1
1
1
8519
1
1
1
1
8546
9086
1
1
1
1
6170
8400
4235
1
4937
1
1
7344
1
1
1
1
4833
4030
4011
1
1
1
1
1
9317
1
1
2120
4241
1
1
1
2763
1
1
1
1
1
1
1
1
1
1
1
1
1
1
1
8842
7447
1
1
1
6944
1
1
1
1
1
9738
1
1
1
1
1
1
1
6833
1
1
1
8104
6175
2113
1
5324
1
1
1
4482
7260
6047
1
8322
1
4604
1
3895
1
6161
1
1
1
1
4831
7224
4612
6904
1
1
1
8558
1
1
1
1
4400
1
1
1
1
2506
1
1
1
3558
1
1
8849
1
6132
1
1
1
9339
2848
1
1
1
1
1
1
1
1
8832
7150
1
1
1
1
7243
7426
1
1
1
1
1
1
1
1
1
2232
1
1
1
1
1
1
1
1
1
1
1
1
1
9100
1
1
1
1
1
1
5775
1
1
1
9720
1
1
1
1
8832
2577
1
7351
1
1
8567
1
1
1
1
5365
1
1
1
1
4833
1
1
1
6781
1
1
1
1
1
9931
2327
9511
1
1
1
1
1
1
1
1
1
1
1
1
1
9778
1
3288
1
3753
1
1
1
7178
9495
1
1
2530
5968
1
1
1
1
6352
1
1
1
4812
5183
1
7163
1
6724
1
8541
5724
2128
4257
1
1
4615
1
7616
1
9277
1
6303
3961
1
1
1
5461
1
6762
1
1
1
8628
1
1
9035
1
1
1
5416
1
1
1
1
1
3673
1
6553
5519
8349
7547
1
1
1
1
1
1
1
1
1
2500
1
1
1
1
1
1
2645
1
1
5186
1
1
4220
1
1
5923
1
3246
6161
2472
1
1
8093
1
1
1
1
1
1
1
1
5697
1
6539
8049
3534
1
1
1
7293
7456
3888
3247
3576
1
1
1
1
1
1
4377
3607
1
1
1
1
1
1
1
1
1
2028
1
7051
1
1
6638
1
1
1
6919
1
5121
1
1
1
1
1
8842
8114
7675
1
1
1
1
1
1
9583
1
1
1
1
1
4714
1
1
8956
1
1
1
1
1
6904
1
1
7744
8603
1
1
1
1
1
1
1
7274
1
1
1
1
1
1
1
5302
1
1
1
1
1
1
6165
5926
8498
1
3079
1
6411
4775
1
1
1
1
7960
2898
7721
5340
1
5134
1
1
1
3252
1
1
1
1
1
1
1
1
1
1
9577
7812
1
2338
8709
1
1
1
6416
1
1
1
1
1
1
1
1
1
1
6485
5082
1
8341
1
1
2799
2396
1
9053
8417
1
1
1
5549
1
1
1
1
1
1
7364
1
5537
1
1
1
1
1
1
1
1
1
1
1
1
1
1
1
8305
1965
1
1
1
1
1
1
1
1
1
4966
4555
5786
1
1
1
8278
1
1
1
1
1
1
1
5852
1
1
1
1
1
5779
9159
1
1
1
1
1
1
4567
2771
2085
2072
1
1
1
1
1842
1
1
7645
8080
1
7169
1
1
1
1
1
7289
1
1
1
1
1
1
1
1
1
1
1
4551
1
1
9072
1
1
1
1
1
9301
6019
8816
1
1
1
1
6860
1
4875
1
1
1832
1
9937
2877
1
1
1
1
1
1
1
1
1
1
1
1
1
1
8501
1
1
4934
1
2641
1
1
1
1
1
1
1
1
2654
1
1
4181
1
1
8238
9007
2126
1
1
1
1
1
1
1
4462
3262
1
1
1
1
5762
1
1
1
1
1
1
1
1
1
1
5595
1
1
1
1
1
1
1
1
1
1
5677
1
7739
2467
7793
1
1
1
1
1
1
1
1
1
1
5954
5980
9703
6860
1
1
1
1
9535
1
1
1
4900
5552
1
1
1
3986
1
8111
1
1
6959
1
1
1
8215
2299
6523
1
1
1
1
6508
1
1
1
1
2519
1
1
1
1
6708
1
1
1
1
1
7533
1
1
1
1
1
1
2840
1
1
1
1
1
1
1
6334
6446
1778
3979
1
6016
4384
1
1
1
4115
6093
5905
1
6656
1
1
1
2065
1
3614
1
1
1
1
1
6697
1
1
1
1
1
1
1
1
1
4768
1
1
9089
1
9810
1
1
1
1
4421
4889
8287
1
1
7610
1
1
1
5290
8743
1
1
1
1
3938
1
1
1
1
7974
2945
1
1
1
1
3393
1
3221
1
1
5792
1
1
4069
8230
1
1
1
4798
2278
1
5943
1
1
1
1
7243
3551
1
5298
4234
2352
1
1
1
1
7296
1
1
1
1
1
9831
1
8449
6543
1
1
2566
1
1
1
4636
2979
4845
1
4003
1
1
1855
1
1
1
1
1
1
1
1
3467
1
9666
1
1
1
1
1
1
1
1
1
1
3419
1
4038
5347
1907
9734
2334
1
6317
1
1
1
7027
1
1838
4833
9817
1
1
1
1
1
1
1
1
1
1
1
1
1
1
1
1993
5683
1
4726
1
1
3692
1
3105
1
1
1
1
1
1
7786
1753
1
1
1
2072
5039
4338
1
4820
4655
1
1
1
1
1
1
1
1
1
2208
6326
1
1
8177
1
7696
1
1
1
1
1
1
1
1
1
1
1
2453
1
5765
1
1
1
2452
1
1
1
1
1
1
9214
1
2636
1806
1
1
1
1
7264
1
1
7918
1
1
1
5322
1
1
1
1
1
3331
1
2288
1
1
1
3565
1
1
1
1
1
8553
1
1
1
1
1
1
1
1
1
1
1
1
1
1
8400
1
1
7687
1
1
1
5485
1
1
7440
9698
1
1
1761
1
1
1
7474
1
1
1
5945
1
9979
6597
1
1
3595
1
6962
1
1
9849
1
1
1
5449
1
1
1
1
7284
7438
1984
2014
1
1
1
3323
1
6203
6342
1
1
1
3890
1
1
1
1
1
5432
1
1
1
1
1
1
1
1
1
1
1
1
1
1
1
1
1
1
1
1
1
1
1
1
1
3524
1
1
5076
1
5548
1
1
1
8272
2872
1
1
3433
8115
1
1
1
1
1
1
1
6120
6728
1
1
1
2956
2686
1
4436
8845
1
1
9643
1
1
1
1
2592
1
9766
3007
1
1
3308
1895
3576
1
8982
1
3440
6514
5267
1
1
1
1
1
1
1
1
1
1
1
1
1
1
1
1
1
1
2264
1
1
1
1
9627
1
1
3717
1
1
2166
1
1
1
1
1
5284
1
2405
1
1
1
1
1
5366
1
1
1
3486
8093
1
1
1
5192
3995
1
1
1
1
1
1
1
9344
1
1
1
1
1
3371
1
1
1
1
1
1
1
5939
1
1
1
1
1
1
1
1
1
3852
1
1
1
1
1
1
2872
1
7992
1
9789
1
1
1
1
1
1
1
1
1
1
1
1
1
8735
1
9085
1
1
1
1
7500
1
1
1
1
1
1
1
3738
1
1
9051
8671
8436
1
3449
1
1
9914
1
1
1
1
3963
1
1
1
4062
1
1
1
1
1
1
1
3564
1
3244
1
1
4445
1
1
7114
7145
1
7960
1
6142
2545
1
1
1
1
1
1
2293
1
9609
1
2900
7368
1
3753
9970
1
1
1
6732
3284
5718
1
3194
1
1
1
1
1
1
1
4039
5913
1
1
1
1
4481
7415
1
4591
1
1
3663
4810
1
1
1
1
5258
1
1
4109
7039
1
2717
1
1
1
1
1
1
1
1
2535
2632
1
3171
1
1
1
1
1
8771
2339
1
8590
1
8078
1
1
1
5823
1
1
1
1
1
1
1
1
1
8562
1
1
6807
1
1
3145
1
1
1
1
1
1
4506
1
1
1
3064
9865
1
1
9919
1
1
1
1
1
1
1
1
1
1
1
1
1
1
7144
1
1
1
1
1
3160
2529
1
1
7359
9279
1
1
1
3222
1
5166
1
1
1
1
1
1
1
1
1
1
1
1
1
1
1
1
1
1
1
1
1
1
1
8809
1
1
1
7125
3780
1
1
1
1
2364
1
1
1
1
1
1
1
9774
3715
8449
1
5208
4227
1
5057
1
1
1
1
1
1
1
1
1
1
1
1
1
1
1
8832
5047
5602
3283
1
1
1
1
7874
1
1
1
1
1
1
1
1
1
1
6886
1
1
1
3195
1
1
1
4225
1
1
1
1
1
1
6180
1
1
6513
1
7701
1
1
1
1
1
1
7092
1
2026
7052
1
1
1
1
1
8632
1
5364
1
1
1
1
1
9210
4750
8727
8639
9013
1
7264
6870
7716
1
1
1
1
1
4967
1
5958
1
5574
1
1
3055
1
9044
5203
1
1
1
1
1
1
1
1
1
1
1
8800
5393
8055
1
1
1
1
1
1
1
1
1
4982
1
4098
4705
1
1
1
1
1
1
5807
3440
1
1
1
1
1
1
8125
4639
1
2982
2000
5152
1
1
1
1
1
5094
1
1
1
1
1
1
3367
1
1
8854
1
1
8182
1
1
1
1
1
1
1
1
1
1
1
1
1
1
1
7422
1
8922
1
1
5205
9721
1
1
1
1
2727
1
1
1
1
1
1
1
1
1
1
1
1
4918
1
6384
4128
1
1
1
1
1
1
1
1
1
1
4455
1
1
1
1
1
1
1
1
1
4950
1
1
1
1
1
1
9392
1
1
8797
1
6239
1
1
1
7137
1
1
6529
9872
3092
3459
1
4212
1
1
1
5975
1
7396
1
1
4726
1
7068
9499
1
1
8149
5254
1
6921
1
1
1
1
1
1
1
1
6639
1
1
1
1
3508
9897
1
1
1
7475
1
1
1
1
3166
1
2883
1
1
1
5929
1
1
5562
1
6123
1
1
1
1
1
3402
1
1
1
1
7564
7248
1
1
5761
1
9651
1
1
1
6773
8199
6556
9264
1
1
1
8208
9428
1
1
3907
1
1
1
1
1
9028
1
4903
1
7060
5843
1
8170
1
1
1
9720
1
1
8516
1808
1
1
1
8941
4437
1
1
1
4415
1
1
1
5634
4167
1
1
1
2628
1
5827
1
6867
1
1
1
1
1
2783
1
1
1
1
1
1
9250
1
1
7119
5770
1
1
1
1
1
1
4865
1
1
1
1
7164
1
1
1
5056
1
3825
1879
1
1
1
1
4423
1
1
1
1
1
1
1
1
2542
4135
8677
2150
1
1
1
4495
1
1
5242
1
1
5929
7776
1
1
1
2607
1
1
1
1
1
5872
1
1
1
8934
1
1
8932
1
1
1
3114
1
1
1
1
1
1
1
1
1
1
1
1
1
3037
1
1
9003
1
8215
1
1
6229
1
1
7675
1
1
4744
1
4160
1
1
1
1
1
1
3201
1
1
1
1
5771
6452
1
4731
1
8450
7204
1
1
5690
1
1
1
1
2888
5700
1
3613
1
5020
3782
1
8965
1
1
1
1
1
1
1
1
1
1
1
1
1
8489
7491
1
1
1
1
1
1
1
1
1
1
9597
1
1
1
1
1
1
1
3517
6744
1
1
1
1
1
1
4783
1
1
3691
1
1
1
1
1
1
1
9398
5855
1
1
1
1
1
1
8303
1
1
1
1
1
1
1
2731
4593
6995
1
6159
1
1
1
1
1
1
1
1
1
9138
3924
1
1
8491
4558
1
1
9592
1
4686
1
1
1
1
2683
1
1
3363
5302
1
1
1
5840
1
1
7450
1
1
2231
1
9572
1
1
3416
1
5067
1
1
1
1
1
1
1
1
9526
1
9854
1
5407
8914
1
8998
1
1
1
9799
1
1
1
1
2048
1
1
1
1
8920
1
1
1
6954
1
1
1
1
1
1
1
4135
1
8077
1
2944
2966
9166
1
1
1
7198
1
2459
1
1
1
1
1
1
9944
1
1
9637
1
1
1
1
1
1
1
1
1
1
1
1
1
1
2234
1
1
1
8748
9655
1
1
1
1
1
1
1
1
4295
1
1
1
1
1
1
1
1
6649
1
4584
1
1
7065
1
1
1
1
1
9904
1
4575
1
6895
1
1
2588
1
1
1
1
1
1
1
1
1
9040
1
1
5871
2758
1
9310
1
8065
1
6535
1
9889
1
1
1
1
2061
1
1
8030
1
1
1
1
1842
1
7222
1
5344
1
7370
6297
1
1
1
5729
1
6988
1
5490
1
1
1
1
1
8433
1
4900
1
3733
1
1
7368
1
1
4625
1
1996
1
1
1
1
1
1
1
1
1
1
1
1
2524
1
1
1
1
1
1
1
2181
1
8381
8665
6427
1
1
3286
1
7006
5165
1
1
3351
6687
1
2140
1
1
1
7354
1
1
5164
6541
1
1
1
1
5758
1
1
1
1
1
1
1
1
1
1806
7440
1
4201
8479
1
6767
1
2357
3689
1
1
1
9544
1
1
9717
1
1
1
1
1
8902
1
1
1
1
1
1
1
8764
1
1
1
7881
6058
1
1
1
1
1
1
3401
6322
1
1
6870
8686
1
1
1
1
1
1
1
1
2883
1
1
1
9328
1
1
1
1
1
8048
1
4102
1
1
1
1
1
1
1
9661
1
1
5207
1
8126
1
3517
1
1
1
1
1
1
1
1
1
1
1
6097
1
2188
9512
1
1
4363
1
1
1
1
1
2384
1
1
1
1
1
1
1
6310
1
1
1
3542
1
8428
1
1
1
4041
1
1
1
7 8
8 7
6 5
5 7
8 8
7 8
9 11
1 1
4 3
5 6
5 5
4 5
9 11
4 4
5 4
6 6
8 7
1 1
9 8
9 11
9 9
4 4
9 9
2 2
2 2
4 6
7 6
6 7
1 2
1 2
3 5
3 5
9 10
9 7
7 9
10 10
9 10
10 10
2 3
1 1
4 4
6 5
7 5
10 10
1 1
1 2
8 9
10 10
4 3
5 7
1 1
4 2
6 5
8 9
8 7
7 5
1 1
9 8
1 2
5 3
1 1
4 3
4 2
7 6
6 6
4 4
9 9
9 9
10 10
4 4
1 1
7 6
10 9
10 8
3 3
5 6
9 7
5 5
4 3
7 9
9 8
5 5
10 11
10 11
8 7
10 9
2 1
3 2
4 2
3 1
9 10
9 7
3 3
6 5
1 1
6 6
9 8
2 3
10 10
5 6
10 10
5 7
6 6
8 8
5 6
3 4
6 6
3 3
9 8
10 9
8 8
6 7
2 3
8 7
7 6
7 9
1 1
1 1
10 8
3 5
7 6
3 5
8 7
10 9
3 2
9 9
6 4
9 11
9 10
9 9
10 9
8 6
5 6
10 10
9 10
10 10
2 2
5 5
7 9
6 6
10 11
9 10
4 4
1 2
1 1
2 2
1 1
5 4
5 3
10 11
4 6
3 4
6 8
4 4
8 8
7 8
10 10
7 5
4 4
8 8
1 1
1 1
10 10
8 7
5 5
8 6
8 9
3 3
4 4
5 4
5 4
4 3
6 5
4 4
6 7
2 2
8 8
9 9
8 6
1 2
3 5
4 3
8 8
6 4
9 9
9 9
1 1
9 8
9 8
10 11
5 4
7 8
1 1
7 7
3 1
2 1
4 4
4 4
9 9
8 9
4 3
10 9
10 10
5 6
9 10
10 11
8 10
10 11
1 2
8 7
7 5
10 9
2 2
3 2
10 9
7 7
5 5
3 3
9 10
3 3
5 6
2 1
8 10
9 10
10 11
5 6
7 6
3 2
5 6
4 4
4 4
4 3
6 5
5 6
6 6
8 9
7 7
8 6
3 3
7 7
4 4
6 6
8 10
3 3
9 7
7 5
10 9
9 9
7 9
3 3
1 2
2 2
8 6
7 8
9 7
4 6
2 1
10 10
10 11
4 4
5 6
7 9
8 7
4 4
1 3
10 11
2 1
2 2
8 7
7 7
4 4
4 4
2 3
5 4
6 6
7 6
7 7
9 8
6 7
8 9
3 3
8 7
9 11
6 6
8 7
4 4
3 1
4 3
1 2
8 8
8 6
4 2
10 10
1 1
10 10
4 4
1 1
2 1
2 1
6 8
2 1
2 4
9 10
4 6
1 1
3 2
8 10
10 9
7 7
8 7
5 3
6 4
10 10
6 6
2 1
3 4
8 8
4 4
3 2
9 10
9 9
9 8
8 9
6 6
8 7
9 9
2 3
5 4
5 3
9 10
8 7
10 8
7 7
10 10
6 5
2 2
6 4
9 10
9 11
5 5
10 11
2 4
6 6
10 10
9 11
4 3
8 10
2 1
4 4
3 1
5 5
9 9
1 2
4 6
2 2
3 5
10 9
7 7
3 4
4 4
9 8
1 1
7 8
7 7
4 3
8 6
3 3
4 4
4 3
6 4
4 3
10 11
3 2
10 11
8 9
1 1
9 9
9 9
1 1
8 8
6 4
9 8
6 5
9 9
1 1
1 1
3 4
6 6
7 6
6 8
3 4
6 5
4 3
3 3
10 11
5 6
9 11
10 10
3 3
1 2
3 3
5 5
7 5
8 6
6 5
9 10
9 9
8 10
1 1
10 9
2 1
7 7
1 1
9 10
8 7
9 10
3 5
5 5
1 3
5 7
2 1
3 2
5 6
9 9
3 1
10 11
1 1
8 10
2 4
9 9
9 11
8 7
4 3
8 8
6 5
7 5
8 7
10 10
6 6
10 9
6 5
3 2
7 5
4 4
2 1
9 9
7 7
8 9
2 3
8 8
1 1
6 7
10 11
9 8
1 2
8 8
2 1
10 9
9 11
7 5
7 6
10 9
6 5
8 8
1 3
10 9
10 10
5 4
9 8
8 8
8 8
4 3
8 8
4 5
8 10
4 6
10 9
4 4
4 4
10 11
4 3
6 5
8 9
3 4
1 2
2 1
2 2
5 6
3 5
2 3
10 11
1 1
6 7
5 6
7 7
3 1
4 4
4 4
3 2
3 2
