1000 500
1
3277
9420
824
1
1
9550
1
8759
1052
1
1
6319
1
1
1104
7633
1
3860
1
8760
1
1
1399
2975
9951
1
1
3484
7311
1
4262
1
1
8297
1
3679
5452
1
1
1
1
1
2536
2607
1
1
8033
4191
3681
9480
8422
6494
6374
581
5373
1
2812
1
4749
1
5486
4864
1
4093
1
1893
1
1
2543
1775
2650
1
9660
1
7384
1
1541
1
1
1
1
1
4619
5918
7804
1
1
4874
1
1
1
1
5024
1
1608
1
1
8614
1
1
1
8936
7817
5804
1
1
1
8995
5599
1
1
1582
1
4077
1
1
1
1
8012
812
1
8388
9289
1
1
3990
6090
6077
1815
5561
2293
1
6959
6797
1
6576
1
8080
8381
1
1
9239
4268
1120
3506
1666
6298
1
1
1
2956
6971
678
7806
1
1
1
8961
1291
5611
514
8840
8193
1
7714
3773
1
1
3972
9327
2574
5276
1
6445
1
3773
1326
5347
1
1
5718
4738
1503
1
1717
1
1
1
1
6924
8493
7676
9467
8692
1
8012
8560
1695
1
7451
1
1
1
1
3605
4725
2374
1
8134
1876
1
1160
2237
1
1
1
2152
1
4537
1
2928
1
1
9055
1
7842
9858
5583
9319
9710
6908
1
5797
1
1
5584
1
1
1
6648
2789
4618
2517
5382
9400
1
1
9505
585
2755
3829
2763
7741
1
3865
4824
1
1
9525
1
5235
1577
3316
1
1
1
1
1
8659
9584
1
1512
3667
1
1
1
9383
1
1
1
5424
3216
6275
1
1
9191
8995
1
317
1
1
9568
5371
2845
1
1
1733
1
1
2483
4874
1
4709
8106
6704
2689
5744
6221
1
3460
7700
1
1
6454
9926
1
4249
2890
2403
9716
2845
4074
1
1
1
6505
1
1
1476
330
1
8561
3324
1
1
2137
1
5704
8885
9614
7696
1
1
4693
7965
7361
3652
2450
2458
4577
2998
1
8228
2110
7402
6559
1
5636
1
3224
2575
9114
1
9695
646
2058
6361
6828
5853
9604
3470
8307
1
9901
5528
5131
8067
1
1
1
9671
6985
1
8337
7480
1
5833
1
7104
1
1
1
6402
1075
1
1776
1
4589
7853
1
8786
6044
7032
2797
1
1
5995
1
1
1
8861
1
5895
6183
1
1
6333
1
5295
837
1
1
1243
1
1
9791
1
3090
1337
4019
9435
512
1
3372
4396
2114
1
1002
3885
6687
1
4984
1
3906
4413
1
8171
1
3191
4419
1775
1
1
1
7578
1916
4253
8020
2953
7931
6729
1
8705
1
9224
9096
6633
6165
3537
6833
3014
1
1
1
1
6657
5047
1
6516
8895
1
7515
1560
1427
1
1
4900
1
1
1
8325
2225
632
1
6249
989
2278
1392
1
1
1299
3540
1
1
3600
1
4321
1631
1
4684
7041
1
5756
1
1
9980
8637
4735
1
5337
7158
551
8301
5203
1
1
2853
1
1
1407
1
1
1
4372
4888
5171
1
1
1
3
6144
1
1
4932
1202
1
928
1
1166
8288
1756
8185
1
1
8626
4999
1
1
5178
3184
6874
3917
7486
7249
5094
7124
2704
7931
8613
4754
1
1379
1
2935
1339
1
1
4970
9363
7226
7267
1040
7439
3755
1
1
1829
6112
1
2276
1
1
9064
1
1
9173
1
1
9149
1891
4163
1
424
1
1471
1
1
1
1
8170
1
1
6583
1
7452
7641
2367
1
1
4011
7205
6043
9572
1
5664
5548
3645
1
2
1
7589
8493
1
1
8983
9348
3058
7323
3515
6403
1
3629
1
5226
4500
1
1
2044
3399
2213
3124
1
941
1
5429
1064
1
3296
1
9814
2656
9240
8724
1
7768
9991
2031
6833
9738
7708
1
1
1
2266
5961
9033
3133
1
2391
1
1
1
1
3796
1
5030
9840
1
4240
4551
647
4474
1
1
8878
2710
1
1
1
1615
8591
1
1
3747
794
720
1
1
535
1
945
1
4416
4656
5444
8114
3851
6146
4308
1
5990
1
1
446
1
3450
733
1
8440
9726
4352
632
2240
3099
7274
1
1
1
1982
572
1
1
1988
1
643
1
7595
8829
5859
2239
1
3304
3339
1
503
9636
2398
1
1
2024
1269
8233
7773
3
4357
7590
2994
1547
6985
1
5240
8925
1
8958
9085
6776
1108
7225
7545
1
8541
1
1
1
989
4464
6736
1
6111
1
1626
7853
5740
7198
1
1
1
1
1
9866
6637
2604
5924
1
4160
7037
9965
7857
1
1
4143
2128
1
1
4127
9787
4035
7978
1262
7134
1
1871
1
1
6749
4864
1
1945
1
1
5658
6242
5606
9124
5925
1
8813
1352
4466
5465
3157
5144
2709
8446
9271
2909
2174
1
9421
1
817
3237
3732
8409
1
4835
7132
1
7109
1
753
1
1
783
6191
6590
1
1
5407
2607
1
1
8460
2005
7911
5836
1943
1
1
9906
6004
8088
1806
1
1
1
2944
1
1
1
5296
1
1
7514
7987
1232
3532
1
1
9369
5114
8716
1
1
5317
9272
3865
1
1
3718
1
863
2438
9838
7358
3087
7072
1
897
7261
6480
1
1199
1
1
1
1
4064
931
1134
2
1
1
1
5144
9750
4563
1
8251
3422
6532
1
1
445
6398
1
6150
1
5771
6812
5940
5082
1
1
1
806
4464
6874
1
1501
1
4199
4212
7405
6600
2082
1
5050
1
2672
1
3384
6644
463
9153
1
4666
2465
7548
1
8582
1
472
1
1
4797
9164
3955
3422
1
7017
2203
8501
1
3231
6201
1
1
1
5 42
1 10
10 105
4 40
6 72
1 9
10 99
7 62
6 72
9 99
2 11
10 89
7 59
3 20
3 19
10 98
10 87
9 82
5 51
3 29
10 86
4 31
3 19
3 39
2 30
9 99
7 83
8 77
10 95
1 11
10 97
3 38
5 41
7 59
3 19
1 11
9 102
8 90
5 59
7 58
1 10
3 38
4 51
6 61
2 20
2 21
2 30
7 77
8 91
6 61
7 60
4 30
2 11
6 58
10 104
1 20
5 62
1 11
3 19
3 41
4 29
1 10
7 61
5 50
8 81
6 59
3 40
2 9
3 21
2 21
9 96
7 70
10 88
10 102
9 104
7 79
10 105
8 76
9 79
1 10
5 59
4 51
8 76
1 11
6 57
2 30
3 20
5 57
6 52
6 70
2 21
7 67
2 21
8 83
1 9
10 105
4 29
2 30
4 29
3 42
10 99
2 10
8 92
7 73
7 71
10 101
10 86
10 95
2 20
3 31
10 101
5 61
2 31
5 40
4 38
2 29
5 59
7 62
4 49
8 72
10 91
10 101
10 93
9 79
10 86
6 69
8 77
4 51
2 31
7 62
5 51
10 104
4 51
7 60
8 67
1 9
6 70
5 50
10 100
3 31
1 11
10 91
3 42
1 20
6 69
8 69
3 31
8 69
1 11
1 10
4 31
4 48
5 63
9 88
3 30
8 80
8 82
2 10
7 78
10 103
8 73
5 59
7 72
4 31
9 76
6 51
10 94
6 69
5 49
6 48
7 60
10 98
2 21
3 19
1 10
2 9
7 81
6 59
2 30
1 19
8 88
2 19
6 69
6 69
6 50
1 10
7 60
10 89
3 41
6 68
2 20
5 60
6 61
5 49
6 51
5 39
4 40
2 21
6 73
8 79
10 99
5 62
6 52
4 50
1 10
9 84
10 101
5 48
3 19
6 70
4 31
5 48
4 38
9 93
5 48
4 31
3 20
8 69
7 57
9 80
7 84
6 50
4 31
4 50
3 31
1 9
3 20
6 60
7 68
5 50
3 39
8 91
7 71
5 59
5 52
2 10
10 92
10 101
8 94
3 31
9 96
10 98
6 68
7 58
10 91
3 20
4 51
10 105
5 57
1 10
10 96
7 57
1 10
2 20
8 91
6 68
5 39
10 92
1 11
8 67
7 59
5 48
9 86
9 94
2 9
4 51
7 71
9 98
10 95
6 70
6 58
2 30
3 19
1 11
1 11
8 91
1 21
9 94
6 68
6 63
6 59
7 60
3 31
1 9
7 63
2 21
5 52
2 31
10 99
4 50
3 30
3 29
3 31
10 86
9 93
10 90
10 105
2 11
6 61
2 21
1 10
5 51
8 71
3 31
9 86
10 87
8 84
2 30
7 69
7 58
8 73
6 58
3 31
10 96
6 58
6 72
6 48
3 20
3 21
4 42
6 49
6 68
7 82
8 77
7 67
7 81
8 94
10 87
1 11
3 40
1 21
1 19
4 42
7 78
9 78
5 52
7 68
5 48
4 51
1 10
8 80
2 29
3 39
4 30
3 19
6 60
5 49
10 105
9 88
9 90
8 90
5 40
3 31
1 21
10 103
2 21
10 86
9 90
8 82
1 11
9 95
5 49
6 67
5 50
4 29
5 62
9 102
10 100
5 48
2 10
8 84
9 76
6 49
4 30
3 40
6 50
6 61
5 57
5 38
9 82
5 41
1 10
1 10
9 83
5 49
6 57
1 20
5 50
1 21
1 19
6 71
6 62
7 62
7 72
5 63
2 9
2 29
3 40
2 21
8 72
3 42
2 10
1 19
3 40
8 77
5 63
1 11
5 40
3 29
5 57
2 10
5 50
3 31
9 78
5 61
7 80
3 30
8 92
5 49
10 105
7 60
8 92
1 9
6 72
1 19
1 11
3 31
7 58
8 93
8 82
3 40
6 52
6 58
5 60
9 102
5 62
6 50
10 93
1 19
9 91
6 52
5 52
8 93
5 50
6 52
9 97
5 57
9 100
8 78
2 10
2 9
8 76
10 89
3 41
5 62
4 50
4 42
9 91
1 21
10 102
2 31
3 30
2 11
8 70
9 89
4 40
5 42
9 100
4 31
8 79
3 20
10 96
1 21
8 80
7 60
7 70
10 95
2 19
1 21
4 31
5 39
1 21
8 87
3 20
3 31
9 79
5 51
10 101
1 11
2 20
1 9
3 20
8 67
9 87
5 58
1 19
6 52
7 63
2 21
10 89
