10000 500
1
1
1
1
1
1
1
1
1
6217
5714
1
1
1
1
1
5727
9275
1
1
1
1
1
8608
1
8087
1
1
1
1
1
1
1
1
1
1
1
1
1
1
6367
7736
1
1
1
1
1
1
1
1
1
9032
1
1
1
1
1
1
5055
1
1
1
1
1
548
1
1
3086
1
1
1
1
5577
1
1
3294
7570
1
1
8912
1
9288
1
1
1
1
1
1
1
1
1
1
5595
1
3597
1
1
1
1
1
1
1
9978
7914
1
1
1
1
5722
1
1
6192
7474
1
1
1
1
1
1
1
1
1
1
1
1
1
3909
1
1
1
1
1
1
1
1
1
1713
1
405
1
1
1
1
1
1
1
1
1
1
1
1
9379
1
1
1
4542
1
1
1
6865
1
1
1
1
1
7535
1
1
1
1
1
1
1
8918
1
1097
1
1
1
1
8195
1
1
1
1
1
1
1
1
1
1
1
3512
1
1
1
1
1
1
9493
1
1
955
1
1
1
1
1
1
1
7976
1
1
1
1
1
1
1
1
1
1
1
1
1
1
1
1
2444
1
5124
1
1
1
1
1
2091
1
1
1
1
1
1
1
4100
1
1
1
1
3140
1
1
1
1
1
1908
1
1
1
1291
2619
1
1
1
1
1
3077
1
1855
1
2854
2652
1
1
1
1059
1
573
1
1
9689
1038
1
1
1
1
1
1
1
1
609
1
1
1
1
1
1
1
1
1
1
1
1
1
7259
8175
1
8955
1
1
3636
1
1
2884
1
1
1
1
8865
1
1
1
1
1
1
1
4613
1
1
1
1
1
1
1228
1
1
1
1
1
1
1
1
1
6927
1
1
1
1
1
1
9071
1
1
7181
1
1
1
1
1
1235
1
1
5004
1
1
1
7242
1
1
1
1
1
1
1
1
1675
2715
1
2172
5817
599
1
1
1
1
1
1
3014
1
1
1
1
1
1
2995
1
4416
1
1
1
1
1
1
1
1
1
1
1
1
1
1
1
6437
1
1
5177
1
9363
1
1
1
1
1
1
1
1
1
1
1
1
1
1
1
1
1
1
1
1
1
1
1
1
1
1
1
1
2124
1
1
1
1
1
1
3473
1
1
1
1
1
1
1
1
5629
1
2856
1
1
1
1
1
1
1
1
1
1
1
1
1
1
1
1
1
1
1
1
6924
1
1
1
1
1
1
1
1
2051
1
1
2488
1
1
1
847
1
1
1
9902
1
4223
1
1
1
9468
1
1
1
9813
8875
7141
1
1
1
1655
1
1
2560
1
1
1
1
8262
1
6366
1
1
4845
1
1
1
1
1
1
1
1
1
1
1
9813
4463
1
1
6525
2452
1
1
1
1
1
1
1
1452
1
1
1
1
1
1
5502
1
1
3028
1
1
1
7195
1
1
1
1
8235
1
1
1
1
1
1
1
1
1
1
9168
1
1
1
1
9584
1
1
1
3283
1
7560
804
1
9203
1
1
7334
609
2634
1
1
1
7435
1
1
9454
1
1
6015
1
1
1
1
1
1
1
1
1
1
1653
1
1394
1
1
1
1
1
1
1
1
1
9802
1
3218
1
1
1
1
1370
1
1
1
1
1
1
1
1
1
6665
1
1
1
1
1
1
1
6960
1
8537
3627
7478
1
3163
1
1
2908
1
5674
1
1
3392
1
7603
1
1
1
9061
1
1
1
1
1
1
1
1
1
1
1
1
7398
1
1
3189
1
1
1
1
9956
1
2754
1
1
6999
7777
1
8463
4234
1
1
1
1
1
1
1
1
1
1
1
1
1
1
1
1
9028
1
1
1
1
1
1
1
1
1
1
1
5614
8650
1
1
1
1
1
5902
1
1
1
1
6694
1
1
1
1
2140
1
1
1
1
7502
1
1
1
1
1
1
1
1
1
4451
7022
1
9707
1
1
2680
1
1
1
1
1
1
1
1
1
1
1
1
7237
1
1
1
1
1
1
1
1
1
1
1
3462
1
1
1
1
5228
1
1
1
1
1
1
1
7554
1
1116
1
3919
1
1
1
1
1
1
1
1
1
1
1
1
6430
7362
5378
1
1
1
1
1
1
1
1
1
1
1
1
1
1
1
6424
1
1
1
1
1
1
1
1
1
1
1
1
1
1
1
1
1
1
1
1
1210
1
1
1
1
8965
8660
1
1
1
1
1
1
938
1
2686
1
1
1
1
1
1
1
1
1
6140
3425
1
1
1
1
1
1
1
1
1
1
1
1
1
1
1
1
1
3203
5260
1
1
1
1
1
1
1
1
7310
1
7026
1
1
1
1
3701
1
1
5320
1
1
1
1
1
1
1
8630
1
507
6569
5153
8995
1
1
1
6757
1
1
1
1
3276
7595
1779
1
6720
1
1
1
1
1
1
1
1
7572
1
1
1957
1
1574
1
1
1
1
1
5065
1
4273
1
1
1
1
1
5150
6348
1855
5826
9203
1
1
1
1
1
1704
4950
1
1
1
9139
1
1
5941
1
1
1
1
1
1
1
1
1
1
1
1
3256
1
1
1
1
1
1
1
1
1
1
1
1
1
5826
1
1
1
9490
7938
1
1
3265
1
1
1
6891
9316
1
1
1
1
1
4858
1
1
1
1
1
1
1
7509
1
1
1
1
1
1
438
9236
1
1
9948
1
1
6333
1
1
1
1
1
1
1
6875
1
1
1
1
1
1
1
1
1
1
1
6363
1
1677
1
1
1
1
1
7597
1
855
1
1
1
1
1
1
1
1
1
1
1
5790
5946
1
1
1
1
9820
1
1
1
1
1
1
1
1
1
906
1
3973
1
1
1
1
1
1
1
1
1
1
1
1
1
4990
1
1
1
1
1
1
1
3410
1
1
9512
1
1
4176
1
1
1
1
3418
1
1
1
1
1
1
3439
1
1
1
1
1
1
1
1
1
2254
5426
1
3236
1
1
1
1
1
1
1
1
2204
1
2347
1
1
1
1
1
1
1508
1
1
1
1
1
1
1
1
1
1
1
1
1
1
1
8708
1
2397
1
3218
1
1
1
1
2465
1
1
9529
1
1
1
2142
1
1
1
1
1
1
1
1
1
2043
6473
9793
1
1
1
1
1
1
1
1
1
1
1
763
1
1729
1
1
1633
1
1
1
1
1
1
9993
1
1
1
1
1
1
1
1
1
1
6051
6818
1
1
8297
1
1
1
1
1
1
1
1
1
1
1
1
5260
1
1
1
1
1
1
1
751
1
1
1
1
1
415
1
4354
4480
1
1
7793
1
1
1
1
1
1
1
1
3508
3318
1
1
1
1
1
1
1
1
1
1
1
1
1
1
1
1
1
1
6660
1
1
2164
1
1
1
1
1
1
1
1
1
8565
1
1
6183
2054
1
1
1
1
1
1
1
1149
1
1
1
1
1
1
1
5531
1
1
1
1
1
1
1
1
4710
1066
1
1
1
1
1
1
1
1
1
1
1
1
1
1
1
1
1
1
1
1
1
9969
1
1
1
1
1
1
3714
1
1
1
1
1
1
1
1
1
9256
1
1
1
7938
1
1
1
3483
6145
7359
1
1
1
1
8176
1
1
1930
868
5380
1
1
1
1
1
1
1
1
1
1
1
1
1
1
1
1
1
6050
1
1
1
1
1812
1
1
1
6614
5020
1
1
1
1
1
9887
1
1
2055
1
1
1
2848
1
1
1
1
1
1
1
1
1
1
1
1
1
8150
1
1
1
8087
1
1
1
1
1
1
1
1
5969
1
1
1
1
1
1
1
1
1
1
2032
1
1
1
1
1
1
1
1
1
2511
1
1
1
1
1
1
1
1549
1
6870
1
1
1
1
1
1
1
1
5972
1
1
2432
1
2799
1
1
1
1
1
1
1
680
1
1
1
1
1
1
9320
1
1
1
9560
1
1
1
1
1
1
1
1
7744
1
1
1
1
1
8724
6092
1
1
7917
1
1
1
6303
1
2997
1
1
1
1211
1
1
1
1
1
1
6513
1
1
4028
1
1
1
1
1
1
1
5328
1
1
1
3737
8440
1
704
1
1
1
1
1
1
1
1
1
1
2496
1
1
1
9689
1
1
9588
3392
1
1540
6280
1
1
1
1
1
1
1
1
1
1
1
1
6683
3070
1
1
1
1
1
1
1
6488
1
7892
1
1606
1
3063
1
1
1
7416
1
6358
1
1
1
1
1
1
6217
1
1
1
1
1
1
1
6323
1
1
1
1
7152
1
423
1
1
1
8743
2981
7653
9628
1
1
1
1
6123
8377
378
1
1
1
1
1
1
1
1
5794
1
1
1
1
1
1
1
882
1
1
1
1
4897
1
3830
1
1
1
4388
1
1
1
1
1
1
8060
1
1
1
1
1
1
1
1
1
1
5744
1
3577
1
1
1
1
1
1
1
1
1
1
1
1
1
1
901
1
1
1
1
1767
1
1
1
2140
1
4115
7371
1
1
1
1
3847
1
9599
1
1
1
1
9749
1
8749
1
1
1
1
6789
1
1
1
1
1
1247
1
1
2435
1
1
1
1
1
1
1825
1
1
1
1
7500
1
1
1
1
1
3019
1
7489
1
1
1
1
1
5324
1
1
1
1
9218
1
1
1
5791
1
1
1
1
1
1
1
1
1
1
1
1
1
1
1
1
1
1
1
1
1
1
1
5249
1
1
1
1
1
1
1
1
1
1
2290
1305
1
1
1
1
1
6954
1
1
4759
1
1
1
1
1
1
1
1
1
6882
1
1
8489
5468
1
8065
1
1
1
1
3556
1
1
1475
1
1
1
1
8143
7050
1
1
1
2924
1
1
1
5037
1
1
1
1
5409
1
1
1
1
1
2283
1
1
1
1
1
1
1
1
7928
1
1
5368
1
1
1
1
1
1
1
1
6711
1
1
1
1
1
1
1
4125
1
1
1
1
1
1
1
1
1
1
1
1
1
3945
1
1
1
1
1
1
1
1
8633
1
1
1
9152
1
1
6525
1
2929
1
1
9263
1
1
1
2764
1
1
1
4243
2134
1
1
1
1
6944
3442
1
1
1
1
1
1
5293
1
1
1
1
1
1
1
1
1
1
1
1
1
1
2946
1
1
1
1
4822
1
6065
1
6375
1095
1
1
1
1
1
1
1
6981
1
1
630
1
1
1
1
620
1
1
1
1
8522
1
1
1
1
1
1
1
1
1
1
1
7023
5124
1
1
4092
1
1
1
1
1
1
1
1
1
6694
1
1
1
1
1
1
1
1
1
1
1
1
1
1
1
1
1
6576
7875
1
1
9640
4926
1
1
1
1
1
1
1
1
491
1
1
3689
1
1
1
1
1
1
1
1
1
4666
1
1
1
1
1
1
1
1
1
1
5440
1
1
1
1247
1
1
1
1791
6166
1
1
1
1
1
6884
1
1
1
1
1
1
1
1
1
1
7150
1
1
1
6960
1
1
1
2399
1
1
1
1
1
1
1
8481
1
1
1
1
1
1
1
1
1
7999
8077
1
1
1
1
1
1
1
1
1
1
1
1
1
1
1
1
1
1
1
1
1
1
1
3589
1
1
1
1
1
1
1
1
1
1
1983
1
6283
1
1
1
9673
1
1
5837
1
1
1
1
1
1
1
1
3295
1
1
1
1
9229
1
1
1
1
3414
1
1
1
1
1
6164
1003
2370
1
9568
2721
1
1
1
1
1
1
1
1
1
1
5955
1
1
1
1
1
1
1
1
9074
6797
1
8935
1
1
1
1
1
5482
1
1
1
1
1
7699
4855
1
1
1
8466
1
1
1
1
1
5473
1
1
6380
6405
1
1
1
1
1
1895
1
9096
1
1
1
4950
1
7316
7094
1
1
1
1
1
1
1
1
1
1
1
9172
1
1
1
1
1
1
1
1
4574
1
1
1
1
1
6167
2744
1
1
1
3146
1
1
1
1
1
1
1
1
1
1
1
1
9999
1
1
1
5546
1
3303
1
5345
5753
1
7746
1
1
1
1
1
1
1
1
7885
3532
1
5295
1
1
1
7953
1
1
1
1
1
1
2531
1
1
9246
5900
1
1
5955
1
1
1
1
1
1
1
1
1
1
4711
1
1
1
1
1
1
3933
6456
1
1
1
1952
1
1
2886
1
1
1
1
6262
1
670
1
1
1
1
1
7879
1
1
1
1
1
4880
3911
1
5678
1
8262
1
1
1
1
1127
1
1
4148
1
1
9016
1
1
1
1
2529
1
1
1
1
1
1
1
1
1
1
1
1
8209
1
1
1
1
1
2610
1
653
1
1
1
1
1
1
1
1
1
544
1
1
1
1
1
1
1
1
1
1
1
9246
1
1
1
1
1
8289
1
1
1
1
1
1
1
1
1
1
1
1
1
1
1
1
1
1
1
1
1
4350
1
1
5665
1
7305
1
1
1
1
1
1
1
8852
1
1
1
1
1
7170
1
1
1
1
1
1
5447
1
1
1
8584
1
1
1
5513
1
1
1415
1
1
1
1
6205
807
1
1
6408
1
1
2394
1
1
1
1
1
1
2735
1
9894
1
1
1
412
1
1
1
1
1
1
1
1
1
1
1
1
1
1
7428
4977
1
1
1
1
2967
1
1
1
1
1
3096
1
1
1
1
6931
1
3042
1
1
1
1
1
1
1
1
2372
1
1
1
1
1
1181
1
1
1
1
1
1
1
1
1
1
1
1
1
4923
1
8099
1
1
6103
9120
1
1
1
9051
4746
1
1
1
1
1505
3969
7548
1
1
1
1
1
1
1
4461
1
1
1
4777
1
1
1940
735
1
5534
1
1
1
1
1
1
1
1
1
1
1
1
1
7441
1
1
7857
1
1759
1
3618
1
1
5712
1
1
2783
1
1
1
1
1
1
1
5177
3970
1
1
1
1
1
9549
1
1
1
1
1
1
1
1
1
1
1
1
1
1318
1
1
1
1
1
1
3832
1
1
1
1
1
1
3196
1
1
1
4137
1
1
1
1
7316
1
8014
1
1
1
1
1
1
1
8979
1
1
1
1
1
8367
1
1
1
1
1
1
1
1
9225
1
1
1
1
1
1
1
7125
1
1
9415
1
1
1
1909
1
1
1
5372
1562
3651
1
2221
1
3168
1
1
1
1
1
1
1873
1189
1
1
5674
1
1
1
1
1
2645
1
1
2302
1
1
1
1
1
1
1
3337
9948
1
1
1
1
1302
1
1
1
1
1
1
5077
1
1968
1
1
1
1
1
1
5221
1
1
1
1
4933
1
1
1
1
1
1
5908
1
1
1
1
1
1
2886
1
1
4285
1
1
1
1
1
1
1
4913
1
1
1
1
1
1
1
1
1
1
1
1
2379
1
1
1
8670
1
1
1
1
1
1
1
1
1
1
1
1
1
1
6549
1
1
1
1
1
1
9374
1
1
1
3870
1
1
1
1
1
1
1
1438
1
1
1
1
1
1
1
8927
1
816
2424
1
1
825
1
1
1
1
4661
1
1
1
6172
1
1
1
1
1
1
1
1
1
1
1
1
3774
7664
1
1
1
1
4847
1
1
1
1
7020
1
1
1
1
1
1
1
1
1
4801
1
1118
1
1
1
1
1
1
1
1
1
1
1
1
1
1
1
1
6656
9707
6415
6583
1
1
1
1
4744
1
1
1
1
1
7758
1
1
1618
1
4642
1
1
4130
1
1
1
1
1
6763
1
1
1
1
1
6500
1
1
1
1
1
1
1
1
6439
1
1
1
4288
1
1
1
1
3142
1
1
1
1
5858
1
1
1
1
1
1497
1
1
1
4036
1
1
1
1
1
1
1
1
1
1
6805
5176
1
1
1
1
1
1
1
1
1
1
1
1
1
1
1
1
1
1
8333
1
7976
1
1
1
1
1
1
1
1
9572
1
1
1
1
9510
741
1
7286
1
1
1
1
1
8046
1
1
5052
1
544
1
1
7792
795
1
1
1
1
1
1
1
1
6777
1
1
6906
725
1
1
1
1
1
6188
1
1
1
1
1
1
593
1
1
1
1
1
1
7747
1
3581
1
1
1
1
1880
1
2846
1
1
1
1
1
1
1
1
1
1372
1
1
1
1878
5900
1
5921
1
1
1
1
1
1
1
1
1
1
1
1
8690
1
2115
1
1
1
1
1
1
1
1
1
7001
1
1
1
1
1
1
1
6933
1
2867
1
7423
1
1
1
9014
1
1
1
9779
1
1
1
1
1
3517
1
1
1
1
8229
1
2828
1
1
1
5714
1
1
6843
1
1
1
1
1
1
1
8192
1
1
1
1
1
1
1
1
3792
589
1
1
1
1559
1
1
1
1
1
1
1
1
1
1
1
1
1
1
1
1
1
1
1
1192
1
1
1
9328
1
1
1
5113
6845
1
1
1
3234
1
9310
1
1
1
1
1
1
1
1
1
1
1
1
1
1
1
1
1
1
1
7815
1
1
1
1
1
1
1241
1
7379
1
1
1
1
1
1
1
1
1
1
1
1
9075
1
1
7280
1
1
1
1
1
2082
1
1
1
1
1
1
3616
1
1
1
1
1
1
1
1
2690
1
1
1
1
1
1
1
8158
1
1
1
1
1
1
3365
1013
9788
1
1
1
1
1
1
1
1
1
1
1
1
1
2789
1
1
1
1
1
1
3094
1
1
1
1
1
1
1
1
1
1
1
1
1
9775
1
1
1
1
1
1
1
1
1
1
7805
1
1
1
1
8900
1
1
1
1
1
1
1
1
3774
1
1
6012
1
1
1
1
1
3130
5451
1
1
1
1
1
1
1
1
7524
5543
1
1
8590
1
1
1
1
1
1
1
1
1
1
2559
6342
1
3091
6039
1
1
1
1
8745
1
7644
1
1
1
1
1
1
1
1
1
2315
6565
6078
1
1
1
1264
5628
1
1
9180
1
1
1
9420
1
7944
1
1
1
1
1
1373
1
1
1
1
1
1
1
1
1
1
1
1
1
1
1
1
1
2560
1
1
1
1
1
1
1
1
1
1
1
1
1
1
1
1
1
1
1
1
1
1
1
1
1
1
1
1
1
1
1
1
6473
1
1
935
1
1
1
4861
1
1
1
1
1
6518
390
1
1
1
1
1
9431
4975
1
1
1
1
6113
1
1
1
3000
2067
1
1
1
1
1
1
1
4151
1
1
1
1
1
1
1
1
4653
5131
1
1
1
630
1
1
1
1
1
1
3761
3370
1
1
3121
1
1
1
1
1
1
1
1
1
1
1
1
1
7626
1
1
1
8515
1
1
1
1
2916
6760
1
948
1
8797
7634
5291
1
1
1
1
1
1
1
1
1
1
1
1
1
1
1
9469
1
1
1
1
1
1
1
5924
1
1
1
1
2659
2949
1
1
1
1
5525
9864
1
1
1
1
1
1
1
1
1
1
1
1
1
4074
6871
1
1
869
1
1
1
1
1516
9645
1
1
7953
1
1
1
630
1
1
1
1
1
1
9469
1
1
1
1
1
1
1
1
1
1
1
1
1
1
1
784
1
1384
1
6506
1
1
1
1
1
6006
1
1
1
1
1
1
6256
1
1
1
1
680
1
1
1
1
1
7101
1741
8249
2073
1
992
1
1
1
7678
1
1
1
1
920
1
969
1
1
1
1
1
1
3309
1164
1
1
1
1
4777
7666
1
1
9838
1
1
1
1
1
1
7275
1
1
1
8978
5194
1
1
1
4395
1
3382
1
1
9768
1
1
1
1
1
5658
1
1
8356
1
1
1
2740
1
1
1
1
1
1
7474
1
8671
1
1
1
1
1
1
1
1
1
8876
1
1
1
6984
1
1
1
1
1
5786
9189
1
1
1
1
1
1
1
1
6723
1
1
1
1
1
1
1
1
1
1581
1
1
1
1
1
1
1
4187
9002
1
1
1
1
1
1
1
1
3453
1
1
1901
1
1
4479
1
1
1
1
1
1
1
1
1
1
1
1
1
6523
9344
1
4
1
1
1
1
1
1
1
8596
1
1
1
7269
1
1
1
1
8150
1
1
1
1
1
4531
1
1
7460
1
1
1
1
1
1
1
1
1
1
1
1
1
4887
1
1
1
1
1
1771
7437
1
1
1
1043
1
1
1695
1
1
1
1
1
6245
1
1
1
1
1
2101
1
1
1
1
1
1
1
4723
1
3682
1
1
1
1
3750
1
1
1
1
1
1
1
1
1
1
1
1
1
1
1
1
1
5583
1
1
1
4618
1
1
1
1
1
2665
7644
3270
1
1
1
8655
1
1
1
1
1
1
1356
7343
1
8781
1
528
1
1
1
1
1
2408
8478
1
3095
1
1
4435
7181
1
835
1
1
1
1
8724
8618
1
1
1
1
1
1
1
8878
1
1
1
1
8988
1
1
1
4699
1
1
1
1
1
1
1
1
1
1
1
1
1
1
1
1
3874
1
3056
1
1
1
1
1
1
1
1
1840
9680
1
1603
1
8308
1
1
1
1
1
1
1
1
1
6937
1
1
1
1
1
3970
1
1
1
1
1
1
1
4454
1
1
1
1
5399
1
1
1
1
2340
1
1
8604
1
1
1
1
1
1
1
1
9865
1
1
1
1
1
1
5328
1
1
1
8624
1
1
8970
1
1
1
1
1
1
1
1
1
1
1
1
1
1
1
1
1
1
4570
1
1
1
1
1
7115
1
8516
1
1
1
1
780
1740
1
1
1156
1
1
1
1
5031
1
1993
1
1
1
1
1
1
1
1
1
1810
1
1
7242
1
1
1
1
1
1
5548
1
4769
1
3390
1
3590
1
1
1015
1
1
3357
1
1
1
1
1
1
1
5526
1
1
1
1
1
1
1
3860
6637
1
9051
1
1
1
1
1
1
1
1
1
4039
8767
1
1
1
1
1
1
9759
1
1
1
1
1
1
1
1
1
1
9843
1
1
1
1
1
1
1
1
1
9442
1
3214
1
1
1
1145
1
3557
1
1
9093
5011
1
1
2665
1
1
1
4033
7828
8308
1
1
3025
1
5693
6058
1
1
1
1
1
9449
1
5567
6873
1
1
1
1
1
826
1
1
1
3434
1
5823
1
1
1
1
1
1
1
6129
1
1
2458
1
1
1
1
1
286
1
1
1
1
1
7065
1
9656
1
9073
1
1
4100
9731
1
1
1
1
1
1
1
1
1
8778
1
1
1
1
360
1
1
9348
9935
1
1
1
5208
1
1
1
1
1
1
1
4130
1
4951
1
1
1
1
1
1
2115
1
1
8035
1
1
1
1
1
1
1
1
1
1
1
1
1
3699
1
1
7918
1
1
1
1
1
1
1
6847
1
1
1
1
939
1
1
1
1
8738
1
1
1
1
1
1
1
1
390
2390
1
1
1
1
1
1
704
1
1
3872
1
1
1
1
1
793
1
1
1
1
1
7159
1
1
2345
1
1
1
1954
1
1
1
4687
1
1
1
1
1
1
1
1
6542
4592
1
1
1
1
3972
1
1
1
1
1
1
1
1
1
1
7761
8254
1
1643
1
1
1
1
1
6026
1
1
1
1
1
1
1
1
1
1
1
1
1
1
1
1
1
1
1480
1
2248
4683
1
1
1
1
1
1
4939
1
1
1
1
3209
1
1
1
9892
1
1
3125
1
1
1
1
1
1
5980
1
2476
1
845
1
1
1
1
1
1
1
1
1
1
490
1
1
1
1
1
1
6073
1
1
1
1
1
1
1
1
1
1
1
1
2950
7089
1
1
8489
1726
1
1
1
1
1
1
1
1
1
1
1
1
1
1
1
1
1
7709
1
6300
1
1
1
1
8248
1
1
1
1
1
1
1
9115
1
2165
1
1
4541
1
1
3888
1
1
1
1
1
1
1
1
2570
1
1
1
1
1
1
1
1
1
1
1
1
1
1
1
1
1
6002
1
1415
1
1067
1
6906
1
1
1
1
1
7997
5435
5799
5965
1
1
1
7844
3074
1
1
1
1
1
1
1
1
1
1
1
749
4329
1
8083
1
1
3890
1
1
1
6740
1
1
2034
1
1
1
1254
1
1
1
1
1
1
1
1
9391
1
1
5257
1
1
7811
1
1
1
1
1
1
1
1486
1
8457
1
1
1
1
6445
3340
8682
1
1
1
6499
1
1
1
8188
1
1
1
6556
1
1
6752
1
1
1
1
1
1
1
1
1
1
1
1
1
1331
2989
1
1
1
6143
1
1
1
1
4701
1
4804
1224
1
1
1
3650
1
1
1
5268
1
1
1
6833
2917
1
1
1
1022
1
1
5732
1
1
1
457
1
1
4334
8671
1
1
1
1
1
1
1
1
1
1
1
8508
1
8244
1
1
1
1
1
1
1
1
1
1
1
1
8024
1
1
1
1
2256
1
8342
1
3324
1
1
1
1
1
1
1
1
1
1
1
1
1
1
1
1
1
1
1
1
3698
1
1
1
2047
1
4583
7785
1
1
1
1
1
1
1
7843
4653
1778
1
1
1
1
1
1
1
1
1
6625
1
1
1
7015
1
5619
1
1
1
1
1
1662
1
1
6563
1
1
1
9756
1
4528
1
1
1
1
1
1
1
1
1
1
1
1
1
1
1
1
1
1
1
1
1
1
1
1
1
687
1
4001
1
1
1
1
1
1
1
1
478
1
1
1
1
1
1
8381
1
1
1
1
1
1
1
1
1
2530
1
6052
1
9742
1
4495
1
1
1
1
3303
1
6215
8326
7440
1
1
8865
1
1
5621
1
1
1
1
1
1
1
8532
3053
1
2010
1
1
1
1
1
1
6099
1
1
3518
1
1
2973
1
3844
4240
1566
4053
1
1
1060
1
1
6898
1
1
1152
1
1
1
3483
1
1
1
6289
1
1
1
1
1
1
1
1
1
7906
1
1
1
1
1
3646
9185
1
1
7065
6844
6456
1
1
1
1
1
1
1
1
1
1
1
1
4087
1
1
1
8284
1
1
1
1
1
1
1
1
1
1
1
1
1
1
7956
7340
1
1
1709
1
1
1
1
1
1
1
1
1
1
1
1
1
1
3398
1
1
1
1
1
1
471
2120
1
1
1
1
5082
1
1780
1
1
6071
1
1
4254
1
1
1
1
1
1
1
1
1
1
1
1
1
1
6630
1
1
1886
1
1
1
1
1
9613
1
1
1
6746
1
1
1
9138
1
1
3757
1
1
1
200
1
1
1
1
6329
1
1
1860
1
1
1
1
1
1
8473
1
1
1
1
1
1
1
1
4258
1
1
3820
4064
1
1733
1
1
1
1
1
1
1
7202
7463
1
1
6527
1
1
1
1
1
1
1
1
1
1
1
1
1
1
1
1
1
1
1
1
9685
1
1
1
1
1
1
1
1
1
1
1
1023
1
1
1
1
1
1
1
1
1
1
1
1
1
1
1
1
1
1
1
1
1
1481
1
1
1
1
8627
1
1
1
1
1
1
1
1
1
1
3185
1
1
1
1
9627
1
1
1826
7367
1
6758
7339
1
662
1
1
1
1
1
1
1
1
1
1
1
1
1
1
2940
1
5628
1
1
1
1
7899
1
1
1
1
1
1
1
1
1
1
1
1
1
1
1
1
1
1
8832
1
1
1
1
1
1
1
1166
1
1
1
1
1
1
1
507
1
6021
1
7542
1
1
1
1
1
9122
1
1
1
1
1
1
1
1
1845
1
1
1
1
2365
1
4356
1
3125
1
1
9802
1
1
9428
1
1
1
4631
1
1
1
1
1
8123
1
1
1
1
1
1
1
1
1
1
5662
1
5417
1
1
9279
1
1
1
1
1
1
1
2334
8814
1
1
1
1
1
4358
1
1
1
1
5084
1
1445
1
1
1
1
6986
1
1
1
8273
1
1
1996
1
1
1
6603
1
1
4381
1
1
1
1
1
1
1
8034
1
1
6725
1
1759
1
1
1
1
1
1
9539
1
1
1
1
1
8564
1
1
1
1
1
1
1
1
1643
1
1
1
1
1
8834
1
1
1
1
1
1
1
1
1
1
2025
1
1
1
9929
1
3536
1
975
1
1
1
1
1
1
1
1
3498
1
2322
1
1
1
1
1
1
7687
4761
1
1
1
8377
1
1
1
1
1
1
1
1
1
1
1
1
1
1
7901
1
5831
1
1
1
1
1
1
1
1
1
1
1
1
1
1
1
1
1160
5933
1
4565
1
7666
1
1
1
5037
1
1
4731
1
7699
1
1
1
1
1
1
1
1
1
1
7068
9063
1
8119
1
3512
1708
1
1
1
1
1
1
1
1
5504
9126
9603
7680
1
1
1
1
1
1
1
1
1
1
1
1
1
1
1
1
3349
1
1
1
1
1
1
1
1
2275
1
1
1
1
1
1
1
1
1
1
1
1
1
1
1
1
2976
887
1
1
1
1669
1
1
1
1
1
908
1
1
1
1
1
1
1
1
1
1
1
1
1
1
1
1
1
1
1
1
1
1
1
1
1
1
1465
1
1
1
1
7282
1
1
2635
1
1
1
1
1
1
1
1
3794
1
6245
2317
1
1
1
1
7469
1
1617
1
1
1
1
1
1
1
1
1
1
450
1
1
1
1011
1
1
4469
1
1
1
1
1
1
7610
1
1
1
1
1
1
3735
1
1
1491
1
1
1
885
1
1
1
1
4987
1
4395
5888
1
1
1
5763
1
1
1
1
1
1
1
1
5276
1
1
1
1
8405
6433
7505
5109
1
1
1
1
1
1
1
9131
1
2266
1
1
1
1
1
1
3355
1
1
1
1
1
1
6222
1
6293
1
1
1
5123
1
1
1
1
1
1
2513
1
1
1
1
1
1
1
1
1
1
2335
9835
1
1
1
1
1
1
1
1
1
1
1
1
1
1
1
1
1
1
1
4246
1
3895
1
1
1
1
1
5195
1
1
1
1
1
1
1
1
1
2719
1
3680
1
1
1
1
9428
4171
1
1
1
1
1
1
1
6680
1
1
1
1
1
8158
1
1
1
1
1
1
1
1
1
1
1
1
1
1
8554
1
1
2808
1
7342
5364
1
1
1
1
1
1
1
1
1
8418
1
1
2832
1
3080
1
1
1
4155
1
1
1
1
1
1
1
1
8898
1
1
1
1
1
6653
5004
1
5044
1
3694
1
1
1
1
5985
1
1
1
1
1
1
1
1
1
1
1
988
1
1
1
1
1494
1
1
1
359
1
1
1
9577
1
1
1
1
1
1
1
1
1
1
1
1
1
1
1
8367
1
1
1
1
1
1
1
1
6039
531
1
1363
1
1
1
1
1
1
1
1
5765
1
1055
1
1
1
1
1
1
9258
1
1
4750
1
3827
1
1
1
1
1
1
5213
1208
1
1
1
1
1
1
1
1
1
1
1
9014
1
7524
1
1
6546
1
1
8566
3803
1
1
1
1430
2502
1
1
1
1
1
1138
1
1
1
1
1
1
1
1
1
1
1
1
9300
7088
1
9398
2319
1
4687
1
1
1
1
1
1
1
1
4885
1
1
1
1
1
1
1
1
1
1
1
1
1
1
1
1
1
1
1
1
1
9025
1
1
662
1
1322
1
8005
1
7205
1
1
1
1
1
1
3603
1
1
1
1
1
1
1
1
1
1
4939
1
1
1
1
1941
1
1
1
1
1
1
1
1
1
1
1
1
1
1
1
7583
1
1
9346
8633
1545
1
1
7246
1
8549
9864
2898
1
2805
860
1
1
1
1
8944
1
1
1
1
1
8320
1
1
1
1
1
9447
8423
7136
1
9315
1
1
1
1
5219
5157
1
6238
1
1
1
1
1
1
1
1
1
4515
1
3320
1
1
1
1
1
1
1
1
1
1
2375
1
4991
1
1
1
4166
1
1
1
1
1
1
1
3379
1
1
1
1
1
1
1
7619
1
5842
1
1
1
1
1
1
1
9165
2674
6397
1
4338
1
1
1
1
1
1
1
1
1
1
1
1
1
1
8794
1
1
1
1240
1
1
1
8139
1
1
4585
1
1
1
1
9911
4015
1
8342
1
1
1
1756
6375
1
1
4130
1
1
1
1
1
5252
1
2023
1
1
1
1
7064
1
1
1
4410
1
1
1
1
1
1
1
1
1
2107
1
1
9534
1
1
9110
5226
6662
6692
1
1
1
1
1
1
1
640
1
1
1
1
1
1453
684
1
1
4322
4218
1
3040
1
1
1
1
1
1
7772
1
1
1
1
1
2871
1
1
1
1
1
1
1
1
1
1
1
3714
1581
1
1
7259
1
1
1
1
1
1
1
1
889
1
1
8365
1
1837
1
1
1
1
1
9403
1
1
1
1
1
1
1
1
1
2703
9695
1
6814
1
1
1
1
1
1
1
1
1
1
1
6830
1
1
1
1
1
1
1
1
1
1
1
1
1
1
1
2959
1
1
1
1
9103
1
1
1
1
1
1
1
1
1
1
1
1
1
1
1
1
1
1
1
1
1
1
7430
1
1
1
4367
1
4412
1469
1
1
1
1
1
1
1
4777
1
1
1
1
3595
1
1
1
1
1
1
1
1
1
6961
1
1
1
1
1
1
1
1
1
1
1
1
1
1
1
7198
1
1
1
4167
1
1
1
1
1
1
1
1
1
680
1
1
1
1
1
1
1
1
1
1
1
1
1
1
1
1
1
860
1
1
1
1
1
1
1
1
1
1
1
1
1
1
1
1
6267
1
1
1
440
1
1
1
1
1
1
3905
1
1
1
4556
1
1
1
4622
1
1
1
2190
4919
1
1
1
7584
1
2648
1
1
1
5694
3244
1
5651
1
1
9828
1
1
5473
1
1
1
1
1
1
1
1
4871
1
1
1
1
8104
1
6201
1
1
1
1
1
1
1
1
1
1
1
1
1
751
1
1
1
1
1
1
1
1
1
1
4427
1
4910
2727
1
9838
1
1
1
1
1
1
1
1
1
1
1
1
1
5771
1
1
1
7408
1
1
1
1
4305
1
6453
1
2739
1
1
1
8818
1
1
5990
7971
1
1
4521
1
1
1
1
1
1
1
9703
1
1
1
1
1
1
1
1
1
1
1
4159
1
1
1
1
1338
1
1
1
1
1
3500
1
1
1
1
1
1
5606
1
8285
1
1
1325
1
1
1
1
1
2195
1
1
1
1
3244
790
1
2090
1
8068
8958
9214
6305
1080
1
7512
1
1
1
1
1
1
1
1
1
5650
1
1
1
4534
1
1
1
4243
1
1
1
1
1
1
9941
1
1
1
8006
1
1
1
1
1
1
8539
1
1
1
7052
6090
1
1
1
1
1
9655
1267
1
1
1
1
1
1
1
1
1
1
1
1
1
1
1
1
1
1
1
8715
1
3800
1
5012
1
1
1
1
1
1157
5870
1
1
1
1
1
1
1
1
1
1
1
1
1
1276
1
1
6486
2202
1
1
1085
1
1
1
1
1
1
1
4349
1
1
1
1
1
1
7822
1
1
1
1
1
1
5424
1
1
460
1
1
1
5397
1
1
1
1
1
1
1
1
7975
1
1
8489
1
1
1
1
1918
505
1
1
1
1
1
1
1
1
8038
1
1
1
1
3925
1
1
1
1
1
1
1
1
7233
1
1
1
1
1
1
1
1
1
1
1
1
1
1
1
1
1
869
3995
1
5914
4803
1
1
1
1
1
1
9538
1
1
1
1
1
1
1
7808
1
8821
8178
1
1
1
1
1
1
1
1
1
6131
1
1
1
1
1
1
1
725
1
8720
1
1
1
6160
1
1
1
1
1
1
9934
1
1
1
1
1
9599
1
1
1
1
1
1
5438
1
1
1570
1
1
1
1
1
1
1
1
1
1
5318
1
1
1
1
1
1
1291
1
1
1
1
1
1
1
1
1
1
9713
2228
1
4578
1
1
1
1
1
1
1
6419
492
3458
1
1
1
1
1
1
1
1
5853
1
1
1
1
1
1
9564
1
1
1
1
1
1
1
1
1
8340
1
1
7177
1
7474
4341
1
4831
1
1
1
1
1
1
1
1
1
1
1
7540
1
1
1
1
1
2186
1
1
1
1
6916
1
1
1
1
1
5889
1
1
1
1
1
4211
4068
1
1
1
1
1
9156
1
1
1
1
1
1
1
957
1
1
1
1
1
1
1
1185
1
2548
1
1
1
609
1
1
2908
9552
1
1
1
1
1
1
1
1
1
1
1
1
1404
1
1
1
1
1
1
1
1
1
1
1
1
1
8875
4305
1
1
1
1
1
2590
1
1
1
1
3555
1
1
1
1
1
1
1
1
1
7847
1
1
1
1
1
1
1
1
1
1
1
1
1
1
1
1
1
1
1
1
1
1
1
1
1
1
1
1
1
1
2482
4644
1
1
1
1
3633
8415
1
6837
1
1
1
1
1
1
1
1
1
1
1407
1
1
1
1
1
5171
1
1
1
1
1
1
1
1
7394
1
1
1
1
1
1
1
4501
1
1
1
1
1
1
4869
1
1
1
1
1
5157
1
5391
1
1
1
7296
1
1
1
1
9977
1
4435
1
1
1
1
1
1
1
1
1
1
1
2237
1
1
1
1
1
7616
1
1
4423
1
1
1
1
2110
8746
1
1
1
1
3741
1
5693
1
1720
1
3493
1
1929
1
1
1
1
1
1
1
1
1
1
4204
1
1
1
1
1
1
1
1
1
1
1
1
3641
1
1
1
1
1
1
1
1
3743
1
1
649
1
6819
7198
1
1
1
1
1
7976
2531
1
5054
1
6091
1
1
1
1
7224
1
1
7830
1
1
1
1
1
1
1
1
1
9291
1
4449
1
1
8544
1
2
1
1
7115
1
1
1
1
1
6009
5344
7752
1
1
2700
1
1
1
1
1
1
1
9907
1
1
1
1
2091
1
1
3843
1
1
1
1
1
1
1
1
1
1
1
2273
1
1
1
1
1
1
1894
1
1
1
1
1
1
1
1
1
5197
6301
9512
1
1
1
1
1
1
1
9975
1
1
1
1
1
1
8410
1
8775
1
1
1
1
5745
8114
1
1
1
1
1
1
1
1
1
1
1
2570
1
1
1
1
393
1
1
1
1
1
1
6305
1
1
1
8252
1
1
1
5597
1
6117
1
1948
1
1
1
1
1
1
1
1
1
1
1
358
1085
1
1
4280
1
5813
1
1
1
1
1
1
1
8800
1
4637
1
1
1
1
8591
1
1
2414
1
7633
8895
1
5692
1
1
1
1
1
1
1
1
1
1
1
3179
1
1
1
1
1
1
1
1
1
1
2800
1
1
1
1
7862
1
1
2970
4540
1
1
1
2444
1
1
1
1
1
1
1
1
1
1
9505
1
1
1
1
409
1
1
1
1
1
1
1
1
1
1
1
1
3112
1
1
3820
1
1
2621
1
1
1
1
1
1
1
1
649
1
1
1
1
1
1
1
1
1
4210
1
1
1
6155
1
1
1
1
1
1
2265
1
1
1
1107
7636
1
1
3939
1
1
1
1
1
1
1
1
9610
1
1
1988
1
4514
1
1
1
1
9243
1
434
835
9377
1
1
1
1
1
7116
1
1
1
1
1
1
1
1
1
1
1
1
1
1
1
1344
1
7789
1
1
8132
1
1
6593
1
1
1
1
1
1
1
1
1
1115
1
1
1
1
1
1
9387
1
1
1
1948
1
1
1
1
8887
2293
1
1
1
1813
1
1
7163
5085
1
1
1
1
1
7104
1
1
1
1
1
1
1
1
1
1
1
1615
1
1
1
1
1
1
1
1
1
1
1
1
2770
1
1
1
1
1
1
1
1
1
1
1
1505
1
1
1
1
1
1
1
4984
1
1
7230
1
1
1
1
1
1
1
1
1
1
1
1
1
1
1
1
1
1
1
1
3541
1
1
1
738
1
1
1
1
1
1
1
6589
9877
1
553
1
1
1
1
1
2834
1
1
1
1
1
1
1
1
5518
1
1
1
1394
1
1
1
1
1
1
1
1
1
1
1
1
1
1
1
9485
1
1
1
8220
752
1
1
1
1
1
1
1
1
1
3604
1
1
1
1
1
1
7231
1
1
1
4069
1
1
1
1
1
1
6805
1
1
1
1
1
1
1
9705
1
1
1
1
9666
1
1
1
1
1
1
1
1
1
1
1
1
1
1
1
1
1
1
1
1132
1
1
446
1
1
1
1
1
1
1
1
1
1
1
2774
1
8660
1
1
1
1
1
1
1
1
1
1
1
1
1
1
1
1
1349
8848
1
1
4495
5386
1
1
1
5111
1
1
1
1
1
1
1
1
1
1
1
1
6217
1
1
1
1
1
1
1
8339
1
1098
1
1
1
7404
1
1
1
1
1
1
1
5779
1
1
1
1
1
1
1
1
1
1
1
1
1
1
1
4027
1
1
1
1
2468
1
1
1
1
1
1
1
1
2571
1
1
1
1
1
1
1
1
1
1
4054
1
1
1
1
1
1
1
1
1
8810
1
1
1
1
6635
4025
1791
8287
1
1
1
1
1
1
1
1
1
8110
1
1
1
1
1
1
1
1
5072
1
1
1
1
1
1
1
4223
1
1
1
1
4757
1
1
1
1
1
1
1
1
1
1
1
1
1
1
1
1
1
1
1
1
1
1
1
1
1
1
6471
2018
1
4316
9000
1
1
1
1
6595
1
1
1
9494
1
1
6374
1
1
1
8703
1
1
1
1
1
958
1
1
1
1
1
1
1
1
1
8158
1
1
1
1
1
1
1
1
1
1
1683
2158
1
1
1
1
1
1
1639
1
1
1
1
4067
1
1
1
1
1
1
1
1
3885
1
1
1
1
8671
9600
1352
1
1
1
1
1
1
1
1
1
1
1
1
1
1
1
1
1
1
1
1
1
1
1
1
1
1
1
1
1
1
1
1
3146
1
1
1
1
1
6784
1
1
1
4376
1
5228
1
1
1
1
1
1
1
4102
1
1
1
1
1
1
1
1
1
1
5469
1
1
1
1
1
1
1
1
1
1
1
1
7968
2700
1
9417
1
4676
1
1
1
1
9898
1
1
1
1
7675
1
1
1
1
1
1
1
1
1691
9846
1
1
1
1
1
1
1
1
8324
1
1
2356
1
1
1
1
1
1
1
1
1
1302
1
1
1
1
1
1
1
1
1
1
1199
1
1
1
1
1
1
1
1
1
1
1501
1
1
1
1
1
1
1
1
1
1
1
1
1
4798
1
9258
1
1
1
1
1
1
4592
8387
1
1
1
1
1
1
1
5625
1
1
1
1
1
8831
6619
1
1
8070
1
1
1
1
1
1
1
1
1
1
1
1
3275
1
1
1
1
1
1
1
1
1
1
1
1
8860
1
1
1
3995
1
1
1
3717
9584
1
1
1
1
1
3922
1
1
9304
1
1
1
1
1
1
1
1
1
1
1
1
1
1
1
1
1
579
1
7580
1
1
1
1
1
4600
1
1
1
1
1278
1
1
7725
1
3462
1
1
3994
1
1
1
1
1
1
1
7175
4179
8505
1
6355
1
1
1
1
3430
4108
4957
1
1
1
8580
1
1
1
1
1
1
1
1
1
1
2757
1
1
1
1
7302
1
1
9372
1
1
1
1
1
1
1
1
1
1
1
6791
4425
1
1
1
2603
1
4831
6331
1
1
1
1
1
1
1
1
1
1
1
2598
1
9455
1
1
1
1
1
1
1
1
1
1
1
5935
1
1
1
1
5755
1
1
1
2539
3224
1
1
1
1
4667
1
8452
1
1
1
1
1
1
3671
1
1
8443
1
1
1
1
1
1
1
1
1973
1
1
1
469
1
1
1
1
1
1
1
1
1
1
1
1
1
1
1
1
1
1
1
2171
1
1
1
1
1
1
1
1
1
1
1
2181
1
1
7007
1
1
1
1
3446
1
9731
1
1
1
1
1
1
4293
1
1
1
1
1
1
1
1
1
1
1
1
1
478
1
6594
1
1
1
1
1
2069
1
1
1
1
1
1
1
2595
1
6645
1
1
1
8398
1
1
1
1
2980
1
1
7708
1
9050
5070
1
1
1
1
1
1
1
1
1
1
1
8426
1
1
1
1
1
1
1
1
1
5415
1
1
1
1
1
1
1
1
1
1
9349
5257
556
1
1
1
1
1
1
1
1
1
1
1
1
1
1
1
1
9042
1
1
1
1
5599
9234
1
1
1
1
1
1
1
1
1
1
1
1
5449
1
1
3569
1
1
1
1
599
2300
1
1
9199
1
1
1
1
1
1
3654
1
8894
1
1
1
8764
1
1
1
1
1
1
1
1
1
1
1
1
1
1
1
1
1
1
1
1
1
1
7383
1
1
1
7083
1
1
1
1
2506
8438
1
1
1
1
1
1
1
1
1
1
1
1
1
1
1
1
1
1
1
1
1
1
1
1
1
1
2873
5026
1
1
8426
1
1
8814
1
1
1
1
1
1
1
1
1
1
1
1
1
9337
1
1
1
1
1
1
1
1
1
1824
1904
1
1
1
1
5315
1
2944
1
1
1
1
1
3964
1
1
1
578
1
1
1
3480
1
1
1
1
1
1
5576
8218
1
1
1
6646
1
1
1
1
1
1
1
9511
4946
1
1
1
3647
1
1
1
1
1
1
1
1
1
1
1
1
1
1
719
1
1
1
1
1
1
1
4017
1
8731
3950
1
1
1
1
1
1
1
1
1
2418
1
1
1
1
1
1
1
1
1
1
1
1
1
1
1
1
1
1
9968
1
1
7723
1
1
9924
1
1
1
1
1
1
1
1000
1024
1
1
1
1
1
1
1
1
9879
1
516
1
1500
1
2418
1
1
9772
3753
4310
9754
1
3907
1
1
1
1
1
1
1
1
1
1
1
1
5431
1595
1
1
8787
1
1
5689
1
1
1
5974
426
7039
1
1
4508
1
1
1
1
1
1
1
1
1
1
8944
1
1
1
3774
1
7053
1
1
1
1
1
1
1
1
1
1
1
1
1
1
5495
1741
1993
1
1
7205
1
1
1
1
1
1
1
1
1
1
7690
1
1413
1
1
1
1
1
8030
1
9193
1
1
1
1
1
1
1
1
5852
1
1669
2300
1
1
1
1
1
4581
1
1
9956
1
1
1
1
8939
1
9859
1
1
9663
1
1
1
1
1
5281
966
1
1
1
1
4712
1
7023
1
1
1
1
1
6680
1
1
1
1
9642
1
9005
1
1
1
1
806
1
5226
1
5555
1
1
1
1
1
1
1
1
3364
1
1
1
7855
1
1
9332
1
1
1
1
1
1
1
1
1
1
1
1
7290
1
1
1
1
1
5960
1
1
1
1
1
1
1
1
1
1
1
1
1
1
1
4456
1
4218
1
1
1
1
3110
1
1
1
1
1
1
1
1
1
1
1
3574
1
1
1
5881
967
1
1
1
1
1
1
1
6976
7911
1
1
1
1
4830
1
1
9798
5528
1
1
8698
1
1
9370
1273
1
1
1
1
1
1
1
1
2790
1
1
1
6191
4792
1
1
1
1380
1
1
1
2231
1
1
1
1
1
5861
1
1
551
1534
1
1
1
1
1
1
1
4887
1
1
1
1
1
1
1
1
1
1
4792
1
1
1
1
1
1
1
1
1
1
1
1
1
1
1
1
1
5111
927
3290
1
6742
1
1
1
1
1
1
1
2685
1
1
1
1
1
1
1
3187
1
1
1
1
1
8615
1
3697
1
5489
8127
1
4734
1
1
1
1
1
1
1
1
1
1
1
1
7401
1
2824
1
1
1
1
1
1
8205
2523
1
1
1
1
1
8519
5874
1
1
1
1
3544
8051
1
2626
2213
1
6700
1
9724
1
1
1
1
8969
4289
1
1
1591
1
1
1
1
1
1
1
1
1
4630
1
1
1619
1288
1
1
5104
1
1
8209
1
1
1
1
1
1
1
1
1
3168
1
1
741
1
1
1
1
1
1
3254
1
1
1
1
1
2815
1
7615
1
1
1
1
1
1
1
6240
1
1
1
1
1
1
6272
1
1002
1
1
1
1
1
1
1
1
7720
1
1
1
1
2241
1
1
1
1
3947
1
1
5290
5339
1
1
1
1
1
6726
1
1
1
1
1
1
1
1
1
1
1
3841
1
1
528
1
1
7887
9146
1
1
1
7071
1
1
1
1
1
1
1
1
1
1
1
1
5152
8240
1
1
1
1
3047
1
1
2488
1
1
1
1
1
5360
1
1
1
1
1
1
1
1
1
1
1
2452
1
1
1
1
1
1
1
1
1
1
2608
1
1
1
3786
1
1
1
1
1
1
1
1
7387
699
1
1
1
1
1
1
1
2206
1
1
1
1
1
1
1
1
1
1
4707
1421
1
1
1445
1
1
1
1
1
517
1
1
1
1
1
1
7834
7552
5566
1
1
1
1
1
1998
1
2893
1
4187
1
1
1
1
1
1
1
6967
1
1
1
1
1
1
1
1
1
1
1841
1
1
1
1
1
1
1
1
1
1
1
1
1
1
1
1
1
1
1
1
1
1
1
1
1
1
1
1
2803
1
1
1
1
1
4889
3324
1
1
1
1
1
1
1
1
1
1
1
4405
1
1
1
1
1
2765
3812
5782
1
1
1
1
6433
1
1
1
1
1
1
1
1
1
1
1
1
1
1
1
925
1
5 20
3 9
7 36
2 16
4 24
9 44
4 20
8 34
3 10
1 10
3 15
2 14
10 50
3 20
7 29
3 9
10 50
4 21
7 36
6 34
2 15
10 51
9 38
9 42
3 16
3 15
6 25
2 5
9 40
3 20
10 52
9 52
2 5
1 5
8 45
10 44
10 47
2 6
7 30
3 10
9 52
7 41
6 26
5 26
10 51
10 43
10 49
1 4
7 30
8 44
2 6
8 41
7 34
6 31
5 21
2 5
7 38
5 30
3 14
10 46
1 11
6 26
7 31
9 51
3 9
1 9
10 49
5 25
3 14
6 25
7 41
10 50
7 29
8 43
7 34
7 29
8 45
7 30
7 42
4 25
5 21
4 26
1 11
7 34
7 40
3 9
7 35
5 24
7 41
6 30
10 50
2 6
9 45
9 38
1 5
3 16
8 35
6 25
5 25
1 4
2 16
5 21
7 30
3 9
10 48
9 45
9 42
6 36
4 24
7 29
1 5
5 20
6 34
4 14
8 42
8 47
7 31
5 24
4 25
7 36
2 16
5 21
9 46
9 39
8 41
6 35
3 14
7 35
8 40
8 38
7 29
7 30
1 6
8 39
10 49
9 41
10 45
2 16
8 39
2 4
10 45
4 26
2 9
1 5
3 9
4 21
7 42
3 10
8 34
7 29
9 47
5 24
10 51
10 52
7 30
2 16
9 39
7 31
3 21
3 9
8 38
2 10
8 47
5 30
9 45
4 19
4 21
9 39
8 42
8 44
10 49
3 19
5 19
2 10
2 14
1 4
9 39
7 40
9 40
8 36
10 51
7 42
6 29
7 40
6 36
3 16
2 6
5 25
1 6
2 11
1 11
6 30
10 44
10 52
6 26
5 30
10 46
2 5
9 52
10 45
7 35
3 21
4 26
1 5
4 15
9 39
10 49
2 15
10 52
7 35
1 5
5 21
4 15
8 41
2 15
9 44
10 47
7 30
6 25
4 20
3 14
10 44
7 39
1 5
5 21
8 43
2 5
5 20
8 41
8 36
4 25
7 35
1 11
3 15
9 47
4 15
2 5
5 31
3 16
7 29
10 44
2 16
5 24
8 43
10 47
5 19
4 24
2 5
3 9
9 45
8 41
8 46
1 10
10 44
6 36
2 4
4 26
9 48
2 5
4 16
3 15
10 52
6 31
7 31
10 49
2 14
7 38
2 11
4 15
8 44
1 5
8 47
4 24
9 43
9 39
1 5
7 30
8 41
8 46
7 35
4 24
10 50
3 16
5 24
10 44
7 38
4 25
5 21
5 29
8 39
1 6
6 34
6 36
4 14
7 41
10 52
10 49
8 36
8 40
10 46
4 26
2 15
3 10
4 16
8 36
9 50
9 42
9 47
8 43
3 10
1 9
4 24
6 34
10 47
7 36
10 47
4 20
10 46
7 34
8 46
1 9
3 10
8 34
5 31
9 41
8 35
4 26
9 40
4 19
5 24
6 26
8 47
7 35
8 35
1 5
10 49
7 36
6 34
5 26
8 36
10 52
9 43
1 11
1 4
2 6
1 10
6 36
2 11
8 36
9 48
6 25
10 48
10 47
7 34
5 20
4 16
3 10
4 24
5 19
10 46
7 39
8 46
7 29
9 43
2 5
5 29
5 26
7 29
7 31
9 47
3 9
7 39
4 26
4 14
3 10
1 11
4 16
1 11
8 44
4 20
8 38
8 36
2 14
5 19
4 26
1 4
6 35
4 19
4 16
9 49
9 39
1 6
2 5
10 52
3 19
5 26
8 47
8 41
5 29
10 46
2 11
9 40
3 20
5 21
8 39
1 5
5 21
5 29
7 35
1 10
7 35
10 52
6 26
4 14
9 49
10 49
3 16
10 50
7 42
4 21
7 42
9 43
10 48
8 35
9 47
3 16
7 34
4 16
4 24
9 46
6 24
1 5
2 11
2 16
5 29
9 42
3 21
3 11
8 44
5 26
6 30
10 50
8 39
1 9
3 16
2 9
8 44
1 4
5 29
2 14
4 19
1 6
7 35
3 10
1 4
6 31
9 49
8 36
1 9
2 10
8 44
9 40
10 50
9 49
9 44
1 9
9 49
4 24
6 30
10 49
3 15
1 5
6 36
5 21
2 9
8 35
10 44
1 4
6 29
6 26
2 9
9 38
3 21
4 16
1 4
1 5
10 50
7 34
10 43
8 47
1 10
7 42
3 19
6 30
2 14
7 36
2 11
3 14
10 45
1 4
