10000 500
1
1
1
1
1
1
1
1
1
1
1
1
1
8730
1
1
1
1
1
1
3991
1
1
5872
9993
1
1
2707
1
1
8733
1
9854
1
1
1
1
1
2714
8131
1
6043
5667
1
1
1
2783
1
1
1
1
1
6057
1
1
1
1
1
4713
1
1
1
1
3645
1
1
1
1
1
1
1
5072
3241
1
8802
1
1
6373
1
1
1
1
1
1
1
1
1
1
5437
1
6617
1
1
1
1
1
7526
1
1
1
1
1
5569
1
1
1
1
1
1
1
1
1
1
1
1
1
1
1
1
1
1
1
4471
1
1
1
1
1
1
1
1
1
1
1
1
4519
1
1
1
7284
1
9462
6763
1
1
1
1
8091
1
1
1
1
3754
1
1
1
1
3733
1
1
1
1
1
1
9686
2839
1
1
1
1
8271
1
1
1
5737
1
1
1
1
1
1
1
1
1
1
6931
1
3841
1
3217
1
9730
1
9182
1
1
6496
1
1
1
1
1
1
9807
1
5401
1
1
8278
1
1
1
1
1
1
1
1
1
1
6095
1
1
1
1
3101
1
4736
1
1
8863
1
1
1
1
4428
1
1
8046
1
1
1
3223
1
1
1
1
9203
3357
4609
1
1
1
1
1
1
1
1
1
9703
1
1
6913
1
1
1
5858
9085
1
1
1
1
9248
1
1
8574
1
9779
6528
1
1
1
1
1
1
1
1
1
8154
7260
2640
1
1
1
1
5043
1
1
1
1
1
1
1
1
1
6512
1
1
1
1
1
1
1
1
1
1
1
1
1
1
1
1
1
8517
5293
1
1
2764
1
1
1
1
2646
1
3095
1
6828
1
3387
1
1
1
1
1
1
9767
1
1
1
1
1
1
1
8286
5934
1
1
4223
1
1
1
1
1
1
1
1
1
8459
1
1
1
7048
1
1
1
1
1
1
1
1
1
1
1
1
1
1
1
1
1
1
1
1
1
1
1
1
1
1
1
1
4110
7785
1
1
5427
1
1
1
7885
1
1
1
1
1
1
1
1
7475
1
1
1
8858
1
1
1
1
5494
1
1
1
1
1
1
1
1
1
8892
1
4004
1
1
1
4213
7075
1
1
1
1
1
1
1
7248
1
1
8337
1
1
1
8275
1
1
9534
1
1
1
1
1
4245
1
1
1
1
1
8302
1
7252
8893
1
1
1
1
1
5280
1
9465
1
1
1
1
1
1
1
1
1
1
1
8448
1
1
8620
1
1
1
9537
5224
1
4937
5673
1
1
1
1
5072
1
5977
3948
1
5469
1
8823
1
1
1
1
1
1
1
1
4232
7769
1
1
7718
1
1
1
8919
1
1
8807
1
1
1
1
1
1
2867
1
1
1
1
1
1
9845
9586
3923
1
1
8401
1
1
1
1
1
1
3786
1
1
1
1
1
4981
4245
1
1
1
1
1
1
1
8379
1
1
1
1
1
1
9177
9978
1
1
1
1
1
1
1
1
1
1
8580
1
1
1
3954
1
1
1
3347
1
1
7433
1
1
1
1
1
1
1
1
1
1
1
9961
1
4419
6701
1
1
1
1
5002
1
1
1
1
1
1
1
1
1
8050
1
1
1
1
1
1
1
1
7986
1
1
1
1
1
1
4839
1
1
1
1
1
1
1
1
1
6375
7495
1
1
1
1
1
5059
1
1
1
1
1
1
1
1
1
1
1
1
1
1
1
1
2807
2704
1
1
5684
1
6198
2911
1
1
1
1
3098
1
1
1
3858
1
1
1
6694
8631
1
1
1
1
2826
1
5588
1
1
1
8563
1
5672
1
1
1
2485
1
6694
3568
1
4545
1
1
1
3453
1
1
1
1
1
4050
1
4334
1
2551
1
1
8383
1
1
1
1
1
1
1
7929
3330
1
1
3154
1
1
1
1
8374
8657
1
1
1
1
4493
1
1
1
7273
1
1
1
1
1
8024
1
1
1
3195
1
1
4909
6340
1
1
5186
1
1
1
1
7075
1
1
1
1
6529
1
6284
8297
1
1
1
7693
1
1
1
1
1
4499
1
6457
1
1
5919
1
1
1
2947
2541
2685
1
1
4164
1
1
7816
8841
1
5011
7440
1
1
1
1
1
1
1
1
2956
1
1
1
1
1
1
1
8148
1
1
1
1
1
5894
9838
1
5157
1
1
1
5317
1
6571
1
1
1
1
1
1
1
1
1
1
1
1
9835
1
1
1
8675
1
1
9978
1
1
1
3636
1
1
8014
6274
9352
1
1
1
1
1
1
1
1
9484
1
1
1
9402
1
5528
1
1
1
1
1
1
8175
5039
1
1
1
1
1
9126
1
8413
1
1
1
1
1
1
1
2626
1
1
1
1
1
1
9101
1
8948
1
1
1
1
9113
3034
1
4922
6151
1
4021
1
1
1
1
1
1
1
1
1
6745
8656
3917
1
1
1
1
1
1
1
1
5893
1
1
1
4394
1
1
4302
1
1
1
1
8529
1
2799
1
9360
1
1
1
4107
1
1
1
1
1
1
1
1
4257
4768
1
1
1
1
9253
1
1
1
1
1
1
7357
1
1
1
1
9142
1
1
4646
1
1
7335
1
1
1
1
1
1
1
1
3334
1
1
1
1
1
1
1
1
1
1
1
1
1
1
3433
2579
1
1
1
1
1
4592
1
1
1
5656
1
1
1
1
3021
4697
1
1
1
1
1
1
1
9020
1
1
1
6728
1
1
1
1
1
1
1
1
2614
1
8996
1
6668
1
1
1
1
1
1
1
5830
1
1
7572
9081
1
1
1
1
1
1
1
6027
1
1
1
1
1
7435
5768
1
1
1
1
6320
8438
1
1
1
9660
1
1
1
1
1
1
4984
1
1
1
1
1
1
1
6565
1
7819
1
5599
1
8026
1
1
1
7724
1
1
1
1
1
1
1
7458
1
1
1
1
9616
1
5242
1
7918
7519
1
1
4666
1
1
1
1
3061
1
1
7018
1
3568
1
3231
1
1
1
1
1
1
1
5754
1
3907
1
6015
1
1
7950
6895
1
1
1
1
4777
9601
1
1
3201
1
9952
1
1
2987
1
1
6419
1
1
6790
1
9368
1
1
1
1
1
1
1
1
1
1
1
1
1
1
7542
3130
1
5183
1
1
1
7752
5935
1
1
1
4987
1
1
4024
1
8979
9747
2929
9423
1
1
1
7170
1
1
2532
1
1
1
1
1
6813
1
1
1
1
1
1
1
1
5715
1
1
1
1
1
1
1
9534
1
3864
1
7966
1
6346
1
1
1
1
1
3895
8955
6382
1
1
9927
1
3843
1
1
3576
4486
1
1
1
1
2490
1
1
1
1
1
1
1
4893
1
6538
1
7301
9308
1
1
1
1
1
3498
1
2614
3229
9775
1
1
1
4805
1
1
1
1
1
1
1
3210
4445
1
1
9334
1
1
1
3278
1
1
9454
1
1
8282
4543
1
3104
1
3043
1
3071
1
1
1
6252
1
1
1
1
1
1
1
1
1
8938
1
9254
1
1
1
1
1
1
1
1
9827
1
1
1
1
1
1
1
1
9032
4003
1
1
1
6661
1
1
5133
1
1
2676
1
1
1
1
1
1
1
1
1
1
1
1
8669
1
9664
1
1
1
1
1
1
5600
3137
1
1
1
1
9586
1
2902
7468
7205
8734
1
1
8444
1
1
1
1
1
1
1
1
1
1
1
1
1
8187
3701
1
1
2723
1
1
1
1
1
1
5555
1
1
1
5994
7294
1
1
5018
1
1
1
1
1
1
1
1
1
1
1
1
2631
1
5316
8319
1
2548
1
1
1
9646
1
4215
7541
1
1
1
1
1
5221
1
1
8499
1
1
1
9820
1
1
1
1
1
1
3617
1
1
1
1
1
1
1
1
7427
1
1
1
1
1
7996
6519
5578
1
7183
1
1
1
1
1
5258
1
6771
1
1
1
1
8589
9872
8356
6684
1
1
1
1
1
1
1
4357
1
3313
1
4167
9465
1
1
1
1
1
1
1
1
1
8657
1
1
1
1
1
1
1
1
1
1
1
1
1
5061
5250
1
1
3109
4720
6124
1
1
1
1
6650
1
4573
1
1
3556
1
1
1
1
1
7649
1
1
1
1
1
1
1
1
1
1
6194
1
3059
8612
1
1
1
1
1
1
1
1
1
5141
1
4818
1
1
1
1
1976
1
1
1
1
1
1
1
1
2951
1
1
7789
1
1
3939
1
1
1
1
1
1
6419
1
4564
5928
1
1
3721
1
1
1
1
5645
5392
1
1
1
1
3911
7514
1
6698
1
1
5450
3648
1
1
1
1
5498
1
1
1
1
9305
1
6709
1
1
3696
1
1
1
1
8104
1
3271
8629
1
1
1
1
1
1
5887
6083
1
1
1
1
1
1
1
1
4373
1
1
1
1
1
9814
1
1
1
6881
5617
1
1
1
1
1
1
1
1
1
1
1
4072
1
6310
1
1
6174
1
1
6276
1
1
1
1
1
1
1
1
9692
1
1
1
1
1
5945
1
1
1
1
1
1
1
1
7072
1
8170
1
1
1
1
1
1
8224
1
1
7895
1
1
1
1
1
3259
1
7567
1
1
1
4175
1
1
1
1
1
9242
1
1
1
1
1
8818
1
1
7150
1
1
2668
7723
7492
1
1
1
1
1
1
1
1
1
1
1
7736
1
5437
1
1
1
1
1
1
1
5719
1
1
1
7198
1
1
1
1
1
1
1
1
1
1
4346
9051
3910
1
1
5674
1
1
1
1
1
1
1
1
1
1
1
6923
1
4210
1
1
1
7313
1
1
1
1
1
1
1
1
1
1
1
1
1
6936
1
9550
1
1
1
1
1
1
4341
1
8091
1
1
1
1
1
1
1
1
3478
4135
1
3389
4511
1
6675
1
1
1
1
1
5737
1
1
1
8435
1
7572
1
1
7196
9612
1
1
9651
1
1
1
3847
1
1
8419
7385
1
1
1
1
5311
1
1
6245
1
1
1
1
1
1
1
5628
1
1
9942
1
3362
1
1
5375
1
1
8402
5488
1
1
1
1
1
9098
1
1
1
3993
1
5784
1
1
5296
1
1
1
1
1
1
7036
1
1
1
1
1
1
6685
1
1
1
1
1
1
1
1
4012
1
6237
6536
3185
1
1
1
1
1
1
1
1
1
1
1
1
4851
1
1
1
1
1
1
1
1
1
5986
1
6513
4397
1
1
1
1
1
1
1
1
1
1
1
1
8280
1
1
7936
1
4432
9591
1
1
1
4538
3317
1
1
1
1
1
1
1
1
1
1
5400
3091
1
1
1
1
4087
1
1
5832
1
1
1
3906
1
1
7153
1
8749
6715
9296
1
9617
9219
1
1
1
7660
1
1
1
1
7382
1
7230
1
1
1
1
1
1
5122
1
1
1
1
6575
1
1
1
1
1
1
1
1
1
5974
1
1
1
1
1
1
1
1
1
1
3171
5300
1
1
9337
6376
1
1
1
1
8218
1
1
1
1
1
1
1
1
1
1
8344
1
1
1
1
1
1
4811
1
4677
1
1
1
6279
1
1
1
1
1
1
1
2846
1
1
1
1
1
3346
7667
6055
1
1
1
8526
4515
1
1
1
1
6062
1
5776
1
1
4459
4431
6990
7266
1
7426
1
1
1
1
1
8462
1
1
6609
1
1
1
1
1
1
1
1
1
4858
1
1
1
1
1
1
1
1
1
1
1
1
1
1
1
1
1
1
3704
1
1
1
6823
8239
1
1
1
1
3298
1
1
2627
1
1
8748
1
4316
1
5480
1
1
1
1
1
1
3995
1
3480
1
1
1
1
1
1
7529
5342
1
1
1
1
8098
6570
1
1
1
1
1
1
1
1
1
1
8203
1
9176
9210
9939
7347
1
1
8033
1
9566
1
1
2854
5
1
1
9957
1
1
1
1
7055
1
7877
1
1
1
1
1
1
3713
1
4963
1
1
1
1
1
4308
1
1
1
1
9216
3193
6462
1
1
1
1
1
3827
1
1
1
1
1
1
1
1
5049
1
5895
7574
1
1
1
1
1
1
9656
5562
1
1
1
3362
7088
1
8785
1
1
1
1
1
1
1
1
1
3361
8887
1
1
1
1
1
1
1
1
1
1
1
1
1
6558
1
1
1
6451
1
1
1
1
1
2524
1
1
1
1
1
1
4747
1
1
1
1
1
4356
1
1
1
1
9586
1
1
1
1
1
1
1
9289
1
8312
1
1
1
1
1
4353
1
1
8977
1
1
4911
1
1
1
6949
1
1
4169
1
1
7880
1
8076
1
1
7739
1
1
1
1
1
1
1
1
8015
1
1
1
1
1
1
3857
1
1
1
1
1
1
9550
6082
1
1
1
5622
1
1
5361
1
1
1
1
9736
1
1
1
1
1
1
1
8799
1
1
1
7905
6007
1
1
5368
1
1
1
8219
1
2935
1
1
1
6589
8360
1
1
1
1
1
1
1
1
1
1
1
1
1
9024
1
2560
1
1
6428
1
1
1
7202
8080
1
1
1
6430
6469
1
1
1
1
3793
1
8959
1
3292
1
1
1
1
1
1
8079
1
1
1
3528
1
1
9397
1
9484
4518
1
1
1
1
1
1
1
1
1
1
3127
1
8471
1
1
1
3434
4204
3118
3681
1
7145
1
1
1
1
3954
1
1
1
1
1
1
1
1
1
1
1
1
1
6057
1
7031
1
1
5960
1
2809
3483
1
4201
1
1
1
1
1
1
1
1
1
3368
1
1
1
1
1
1
1
1
1
1
1
4139
1
1
1
1
1
1
7366
1
1
1
1
1
1
8639
1
1
1
1
1
1
1
1
1
1
1
1
1
1
1
1
1
6093
3587
1
1
1
1
6958
9006
1
1
9725
1
1
5015
1
1
1
1
1
1
1
7701
1
1
1
1
1
1
1
1
1
3511
4598
1
1
1
1
4496
1
1
6261
1
4125
1
1
9129
6087
1
1
1
1
1
3709
1
1
1
5532
1
3438
1
6310
1
9528
1
1
1
5804
1
1
1
6011
4863
5514
1
1
1
1
1
1
5005
1
1
1
5037
1
1
1
1
1
1
1
4659
1
7357
1
1
1
8704
1
1
1
2875
1
6973
1
4915
1
1
2667
1
1
1
1
1
9380
9799
1
1
1
1
1
4150
1
5359
3398
6367
1
1
1
6354
1
1
1
2904
1
7393
1
1
1
4598
1
1
1
1
1
6412
5497
1
1
6159
1
6524
1
1
1
4725
1
1
1
1
1
1
4149
1
1
1
3806
5300
1
3286
1
1
1
1
9223
1
9106
7003
1
7771
1
1
1
7108
1
1
1
5848
1
1
5932
8322
2650
1
1
1
9793
5579
1
1
1
8554
1
1
1
1
4361
1
1
1
8446
1
1
1
1
1
1
4115
1
8292
5514
1
1
1
1
1
1
1
6333
1
1
1
1
1
1
5428
1
1
1
7153
2875
1
1
1
1
1
1
1
1
1
1
1
1
1
9773
1
1
1
1
1
1
1
1
1
1
1
1
1
1
7484
1
1
1
5332
7736
1
1
1
1
6473
1
1
1
9247
1
1
1
1
1
1
1
1
1
1
1
1
1
1
1
1
1
3612
1
1
1
3932
1
1
1
1
9163
1
1
4363
1
5524
1
1
6750
4738
1
5164
5127
1
1
1
1
6141
4947
1
6027
3246
1
1
1
2766
5245
1
1
1
1
1
1
1
1
9363
1
1
1
1
1
1
7029
1
1
1
3146
5370
1
1
1
2589
1
1
6626
1
1
1
1
2941
1
1
1
1
1
1
1
1
1
1
1
1
1
1
1
4052
1
1
1
1
1
1
1
1
1
1
1
1
1
5866
3937
1
1
7103
1
5490
1
6858
1
1
1
1
1
1
1
4689
1
1
9006
1
7108
1
1
1
1
1
2537
1
7330
1
1
1
1
4379
1
1
1
1
1
1
1
1
1
1
1
1
1
3166
1
1
1
1
1
1
5211
1
1
9277
8517
1
1
1
2722
1
5016
1
5463
5826
1
5250
1
1
1
1
1
1
1
1
1
1
3541
1
1
4786
5215
1
5097
1
3472
1
5904
1
1
1
1
1
1
1
1
1
1
1
5769
1
1
1
1
1
1
1
8796
9407
1
1
1
7159
6758
1
1
1
1
1
8886
1
1
1
1
9391
1
1
6302
1
1
1
1
1
6736
1
2799
1
1
1
1
7790
6568
1
1
2833
1
7372
4013
3761
1
1
1
5545
1
1
1
1
1
1
5536
1
1
8261
1
5387
1
1
3811
1
1
1
5079
1
1
1
1
4980
1
1
4601
1
1
1
1
5992
8186
9849
1
3448
7253
1
3198
1
1
1
1
1
1
1
1
9635
1
1
1
1
7482
1
1
5997
1
1
3867
1
5203
1
1
1
1
1
1
7170
1
1
9030
1
1
1
1
1
1
1
1
1
1
1
1
1
1
1
8651
1
1
1
1
1
1
1
1
6912
1
4675
1
1
1
8875
6479
1
9631
6396
1
1
1
9841
8210
1
1
6985
1
1
1
1
1
1
1
9714
3397
3595
3796
1
4578
1
1
1
1
1
1
1
1
3983
1
1
6534
1
1
1
1
1
1
2896
1
1
1
1
1
1
1
1
1
1
1
1
1
1
1
1
1
3533
1
1
1
1
1
1
6803
3307
1
1
1
7335
1
1
1
4756
1
4567
1
1
1
1
1
1
1
9718
1
1
3071
1
1
1
1
1
1
1
1
1
5531
1
4405
8462
1
1
1
1
6036
1
1
1
1
1
1
8196
5282
1
1
3520
1
1
1
1
9225
1
1
1
1
1
1
1
1
1
1
1
1
1
1
1
1
7610
1
1
1
1
1
5949
1
1
1
1
8547
1
1
3860
1
8535
1
1
1
1
1
1
1
1
2840
1
1
1
1
1
1
1
1
1
1
1
1
1
1
1
1
1
9494
3552
1
6385
1
1
1
1
1
6030
3716
1
8966
1
8556
8066
1
1
9913
1
1
1
6748
1
5155
1
1
5316
1
1
1
1
1
1
6347
1
4836
1
1
1
1
1
1
7697
1
1
1
1
7575
1
1
5403
4045
1
1
1
1
1
1
1
1
1
1
9267
1
1
1
2764
1
1
4846
8317
9436
6836
1
1
7783
1
7112
1
1
3231
1
1
1
1
1
1
1
9637
1
1
2866
1
1
1
1
8790
1
9087
1
1
1
1
1
1
1
1
1
1
1
4252
5180
1
1
1
1
1
1
1
1
1
5149
1
1
1
1
1
1
1
1
1
1
1
1
1
1
5334
7551
1
1
1
1
1
1
2907
2916
8572
7836
1
1
1
1
5913
1
1
4529
5537
8717
1
1
1
1
4456
1
1
1
1
1
8395
1
1
4402
1
1
1
1
7101
1
1
4464
1
1
1
3152
1
1
1
1
1
1
1
1
5135
1
8733
5222
1
7042
1
1
1
1
1
1
3937
7834
1
9856
1
1
1
1
1
1
1
2731
9181
2862
1
1
1
9301
1
1
1
1
1
5584
1
1
1
1
1
1
1
9586
1
3316
1
8928
6114
3625
2980
1
1
1
7720
1
1
7052
1
1
4280
5821
1
1
1
3480
6009
1
1
1
1
1
1
1
1
9392
1
7800
1
1
1
3325
1
1
7757
1
1
1
1
2650
1
1
1
1
1
8171
1
1
1
1
1
9458
1
1
1
8115
1
1
6049
9583
1
1
7830
1
1
1
1
1
1
1
1
4453
1
8599
1
1
1
1
1
7695
1
1
8239
8610
1
1
1
1
1
6156
1
3775
1
7327
1
1
4535
1
7589
6101
1
1
1
1
1
1
4530
1
1
1
9561
4943
1
1
1
1
1
1
8736
7080
1
1
9701
1
1
1
1
1
1
4172
4656
1
4666
1
6871
1
1
1
1
1
8063
1
1
1
4474
8590
1
1
1
1
1
1
1
8212
1
1
1
7310
1
2648
1
1
1
1
5780
1
1
1
1
7086
9576
1
1
1
1
1
1
1
1
2599
1
1
1
1
1
1
2881
1
1
1
1
1
1
1
1
1
1
1
1
1
4617
1
1
9011
1
4294
5030
4830
1
5063
9494
1
1
3001
1
3347
1
1
1
6597
6015
1
1
1
1
1
5275
9430
5407
1
1
2552
4008
1
1
5804
1
1
1
1
1
1
1
6169
1
5795
1
8317
9135
1
2525
1
4116
2758
6402
1
6886
1
3475
1
1
1
7619
4956
1
2577
1
1
1
2873
7920
1
3700
7140
8682
1
1
4333
1
1
1
1
1
1
6800
1
1
1
1
1
1
1
9116
1
5658
1
1
7907
1
1
2647
1
1
1
1
1
1
1
9655
9060
1
6655
1
1
1
1
1
1
1
1
1
1
1
1
1
7233
1
1
4926
1
1
3665
1
7027
1
4842
9965
1
1
3343
1
1
1
1
1
1
1
1
4765
1
1
1
1
1
1
2742
1
5902
1
1
4748
1
1
1
1
1
1
3417
1
1
1
1
1
1
1
5122
1
1
1
7669
4943
1
1
3691
1
1
9841
4192
1
8231
1
1
1
1
4567
1
1
1
3618
9153
1
1
1
1
1
1
1
8973
1
1
1
1
1
4825
1
5245
1
1
1
1
8159
1
1
7623
1
1
1
1
1
5314
1
1
1
1
1
1
1
1
1
8796
3491
8956
1
1
1
1
1
8896
1
1
1
1
2490
1
2751
1
1
3412
1
2970
1
1
1
1
1
7660
5649
1
1
1
1
1
1
4154
1
7080
1
1
1
1
1
1
1
1
1
1
1
1
1
1
1
6109
5743
5463
1
1
1
1
1
7813
7902
1
1
1
1
1
1
8152
1
3034
5464
8952
1
1
1
1
1
1
1
6398
1
1
1
1
5343
1
6224
1
1
3216
1
4861
1
1
1
1
8437
8330
1
1
1
1
1
1
5202
1
1
1
1
1
7015
1
1
1
4231
8310
7885
1
7135
6649
8433
1
1
1
1
1
7094
1
1
1
1
9905
1
1
1
1
9730
1
2682
1
1
1
4055
1
3412
1
1
1
1
1
1
8391
1
6562
5425
1
1
1
1
1
7941
1
1
1
7059
7380
1
1
6589
1
1
6766
1
1
5556
1
1
1
4897
6219
1
1
1
1
1
1
1
5839
1
7848
1
4619
1
1
1
1
3218
1
1
8162
1
1
1
5145
4903
1
1
1
1
3489
1
1
1
1
1
4013
8965
1
1
1
5183
7632
1
1
1
1
1
4687
1
4370
1
1
1
1
1
7803
1
1
1
6940
1
5758
7665
7182
1
8650
1
1
1
1
5298
1
1
2774
1
1
1
7888
2734
1
1
1
3740
1
1
5079
1
1
1
1
1
2929
1
1
1
8555
4805
6257
1
1
1
1
1
1
1
1
1
1
1
1
1
5821
1
1
1
1
3913
9194
1
6772
1
1
7741
1
1
1
1
1
1
1
3662
1
1
1
8725
1
1
1
7060
1
3190
1
1
1
8468
1
1
1
1
1
1
1
1
1
1
6142
1
1
4677
1
1
1
1
1
9368
1
1
1
1
1
1
1
1
1
1
1
3995
1
1
5626
1
1
9679
2704
1
9947
1
4343
1
1
2890
1
1
1
1
1
9132
1
3151
1
1
1
1
1
1
1
1
1
1
5225
1
9170
5806
1
6499
1
7685
1
3549
1
8644
1
1
1
1
1
1
3506
1
1
1
1
1
9538
1
1
1
1
1
1
1
1
1
1
1
1
1
1
1
1
7480
1
1
1
1
1
4444
1
3691
1
1
1
9719
1
7255
2536
1
1
1
1
1
1
8305
1
1
1
1
1
7790
1
1
1
1
1
2625
1
1
1
1
1
8637
1
1
1
9950
5045
5731
9037
1
1
1
1
1
1
1
1
1
1
1
1
1
6923
1
1
1
1
1
1
1
1
1
3982
1
1
1
1
1
7338
1
1
6291
1
5419
1
1
9169
1
1
1
1
1
6973
1
1
1
1
8036
1
1
4585
1
1
8061
1
1
1
4271
1
1
8119
1
1
1
1
1
1
1
3776
1
1
1
9512
1
1
4885
1
1
1
1
1
1
1
1
1
1
1
1
1
8696
1
1
1
1
1
1
1
1
1
6921
1
1
1
1
1
3583
1
1
1
1
1
1
1
1
1
1
1
1
1
1
1
1
1
1
1
1
9397
1
1
1
2914
2883
2947
1
8170
1
1
1
1
1
1
9382
5904
1
1
1
1
1
1
1
1
1
3921
5938
1
1
7291
4715
1
1
2809
9124
1
1
6858
2951
1
1
8727
1
6995
1
9883
8539
1
1
1
1
1
1
1
1
1
9991
7546
1
1
1
1
5997
1
1
1
1
1
1
1
1
1
1
5028
9685
1
1
1
1
5686
1
7354
1
1
1
1
1
1
5553
7857
1
1
1
1
1
1
1
6780
1
1
1
1
4491
1
1
1
8010
5361
1
1
1
1
1
1
7653
1
1
1
1
1
1
6571
1
1
1
5551
1
1
1
1
1
1
1
1
1
1
1
6161
5403
1
1
1
1
6803
1
1
6165
1
1
1
1
1
1
1
3660
1
8717
1
1
4747
1
3628
1
5886
8780
5336
1
1
1
1
3403
1
1
1
1
1
1
1
1
1
1
7981
1
1
9326
1
1
1
1
5964
1
1
4550
1
7255
6312
1
1
7566
1
6019
1
1
1
1
1
1
1
1
4096
1
1
9980
1
1
1
1
1
1
1
1
3245
1
5411
1
1
1
1
1
1
7420
1
1
1
8692
4438
1
1
1
1
1
1
9779
1
1
1
1
1
9313
1
1
1
4143
1
1
1
2854
3392
1
1
1
1
1
1
1
1
1
6373
7444
6070
1
7520
4887
1
1
1
1
9859
1
1
1
1
6039
1
6636
1
1
1
1
1
1
2525
1
1
1
1
7712
1
1
1
4115
1
1
1
1
1
1
1
1
1
1
5351
1
7665
1
1
1
9789
1
1
1
1
1
1
1
1
3056
1
1
7451
1
9146
1
8404
1
6958
1
1
1
1
4366
1
1
1
1
1
1
1
1
1
1
5814
1
1
1
1
1
3080
1
1
1
1
1
1
8351
1
1
1
1
1
1
1
1
1
1
6864
9285
6662
1
1
2683
1
1
1
3923
8057
1
1
4371
1
1
1
1
1
1
1
8692
1
1
1
6784
4662
2773
9159
1
9212
1
1
1
1
1
1
1
1
6661
1
1
1
1
1
1
1
5948
1
1
1
1
7945
6973
3260
1
1
1
4349
1
1
1
1
1
1
1
1
1
1
1
3728
5987
1
1
1
4409
1
2691
1
4272
1
8692
1
1
1
1
1
1
5307
1
1
1
6362
1
3888
1
1
8876
6503
1
1
8830
1
8061
1
1
7284
1
9451
1
1
1
1
1
7826
1
1
1
1
2753
9408
1
1
1
1
1
1
5116
1
5572
6577
1
8119
1
4623
1
1
1
1
1
1
1
1
1
1
1
1
1
1
3282
1
1
5180
1
3404
1
1
1
1
1
8748
3682
1
1
1
1
1
1
1
6890
1
8258
1
1
1
1
5056
1
1
6426
6361
1
1
1
1
6417
1
1
1
1
1
5173
1
1
1
9291
1
9793
1
8014
1
1
4265
1
1
1
5484
1
1
1
8713
1
1
1
8386
1
1
1
1
1
1
1
1
1
1
1
6541
1
1
1
9816
1
1
1
1
1
1
7820
1
1
1
1
2791
1
1
1
1
1
1
1
1
1
1
3044
1
1
1
1
1
1
4971
1
5659
1
1
1
1
1
1
1
1
6700
1
5850
1
6945
1
9231
3633
1
1
1
1
1
1
1
5728
8488
1
1
1
6347
5778
1
1
3060
1
1
4416
1
1
8845
1
1
1
6641
1
1
1
7369
9522
3191
1
6626
1
1
3760
1
1
1
1
1
1
3825
4887
1
1
1
1
1
1
1
6827
4234
1
1
1
8613
1
1
1
1
1
1
1
1
8519
1
1
1
1
3441
1
4628
1
1
1
1
1
1
1
1
1
1
3046
1
1
1
1
1
1
1
1
8808
1
8269
1
1
9336
1
1
1
1
1
1
1
1
1
6964
1
1
8549
1
1
1
1
1
1
2530
9956
1
1
1
1
1
1
1
1
1
3542
1
1
1
6881
4905
1
1
1
1
3574
1
1
6237
5458
1
7240
1
1
1
1
1
1
1
1
6300
1
4291
5164
1
1
1
2477
1
3289
1
7682
1
1
1
1
5609
8763
1
3170
1
1
1
1
1
1
4151
1
5506
3737
1
1
1
7990
8977
9877
3739
1
1
1
1
6810
1
1
1
1
1
1
1
2589
1
1
1
6366
1
7936
1
1
4140
1
4050
9383
1
1
1
1
1
1
3771
1
1
1
1
1
1
1
2560
1
1
4804
1
7416
1
1
1
9413
1
3442
1
1
1
5684
1
1
1
7870
1
1
1
1
1
3201
1
1
1
1
1
1
1
1
1
1
1
1
4330
1
1
1
1
1
1
1
1
1
1
8243
1
6988
7959
1
8679
1
1
4409
1
1
1
1
5030
1
1
1
1
1
1
1
1
1
1
1
1
1
1
1
1
7112
9730
3201
1
1
1
1
1
5609
1
1
1
6246
1
1
1
9108
1
1
6234
1
1
1
1
1
1
1
1
9761
9131
1
1
5778
1
6709
1
4652
8476
1
1
5168
5107
1
1
1
1
1
1
1
1
1
1
6841
1
1
7506
1
9883
1
8867
1
1
1
1
4315
3108
2867
1
1
1
1
1
6550
7235
1
1
1
1
1
1
1
1
8243
1
1
1
1
1
1
1
1
1
5710
1
1
1
1
8126
1
1
1
1
1
3776
1
6624
1
1
1
1
1
1
1
1
1
1
1
5189
1
9181
1
9085
5118
2731
1
5088
4867
1
1
8497
5686
4078
1
1
1
8874
7016
1
1
1
3517
1
6448
5998
1
1
1
1
1
1
1
1
1
9553
1
1
1
1
1
1
1
1
1
1
1
1
1
1
1
1
7136
9743
1
1
1
1
1
1
1
7094
1
1
8257
4106
1
1
4731
1
4864
1
1
3019
2507
6622
5175
1
1
1
1
1
1
1
1
1
1
1
8182
1
1
1
1
1
1
1
1
3749
1
1
9850
3708
1
1
2691
1
1
1
1
1
1
1
3675
1
1
1
1
1
1
1
1
1
1
3879
9683
1
1
1
1
1
1
5902
1
1
5879
9718
3654
1
1
1
1
1
9374
1
1
1
1
1
5341
5657
1
1
1
1
1
1
1
1
4588
6186
4805
1
1
1
1
3419
1
1
1
1
1
1
1
1
5289
1
1
6217
9866
6622
1
1
1
1
1
1
1
9736
1
1
5866
4337
1
3801
8422
1
1
1
1
1
1
1
1
1
1
1
1
5506
1
6089
1
4639
1
1
1
8674
1
1
1
1
3244
7125
2715
1
1
1
1
1
1
1
1
1
1
4808
4977
6274
5512
1
1
1
1
1
1
1
1
1
8232
1
8646
1
1
1
1
1
1
1
1
1
1
1
1
1
1
1
9279
1
1
8562
1
1
1
1
5877
6442
1
1
1
3652
1
1
1
1
1
5444
7400
1
5707
1
1
9994
1
1
1
9331
1
1
5575
1
6203
1
1
1
1
1
6368
1
1
9899
1
6946
1
1
1
9765
1
1
1
1
1
1
6611
3670
1
1
1
1
1
1
1
1
1
1
1
1
6205
7041
1
1
1
1
1
1
1
1
1
1
1
1
4003
1
1
1
1
6771
1
1
1
1
1
9366
7276
1
6011
1
8825
1
9017
1
1
1
8327
1
1
8790
1
1
1
1
1
3304
6753
1
1
1
3803
3132
1
1
1
1
1
1
1
1
1
6166
1
1
1
1
2813
1
1
1
1
1
8131
1
1
1
1
1
1
1
1
9758
1
1
8044
1
1
1
3950
1
7642
1
9789
9514
1
5790
1
8767
1
1
7413
1
6600
5430
1
1
1
1
1
1
6721
1
9933
1
6295
1
1
1
1
1
1
1
1
1
6982
1
1
7002
1
1
1
1
1
1
8665
1
1
8379
1
1
1
9574
1
1
1
1
1
1
1
1
1
8908
1
1
1
4827
1
5376
1
1
1
1
6128
9676
1
1
1
8778
1
1
1
4309
1
1
1
6254
1
1
5839
8839
1
1
1
1
9037
1
7960
1
1
1
1
4264
1
1
1
7636
1
1
1
2998
1
1
3469
1
1
1
1
1
1
1
1
1
1
3023
1
8681
1
1
8224
1
1
1
4774
3633
1
1
1
1
1
1
1
8765
9871
1
1
1
1
1
1
1
1
9987
9505
1
1
1
1
1
1
1
1
1
1
1
1
1
1
1
1
1
1
1
1
1
1
8503
1
1
2917
1
5717
1
1
1
2917
1
5326
1
5336
1
1
1
1
9621
6511
1
1
8992
1
1
1
1
8834
1
1
1
1
1
3521
1
1
1
1
7777
1
1
1
1
1
8702
1
8207
1
1
1
1
1
1
1
7504
2577
1
4039
8994
1
7088
1
1
1
1
1
2945
1
1
1
1
1
1
1
7344
8696
1
6457
1
4382
1
1
1
1
8916
1
1
1
1
5859
1
9174
1
1
1
7697
6482
1
4932
1
1
1
1
3449
3076
1
3145
1
1
1
1
1
9767
1
7373
1
1
1
1
1
3463
1
1
4218
1
1
1
1
1
1
1
1
1
1
1
8631
1
1
1
1
1
1
1
1
1
1
1
1
1
1
9891
6297
1
1
8937
1
1
1
1
8238
7553
1
8135
8996
1
1
1
1
8098
1
1
1
1
1
1
1
1
1
1
5079
1
6520
6917
1
1
1
1
1
8626
9894
1
9008
1
1
1
7276
1
1
1
1
1
6921
1
5672
4865
1
1
1
1
1
1
1
7638
1
3902
1
1
1
1
1
4754
9520
1
1
9060
1
1
7064
6430
1
1
1
1
9823
1
3730
3872
7981
1
1
1
1
1
1
1
1
1
8079
3673
1
1
1
1
1
1
1
1
1
8687
1
9665
1
1
1
1
4641
1
1
1
1
1
1
5273
1
1
1
1
1
1
1
1
1
1
2461
1
1
3122
6901
1
1
1
5128
8374
1
8843
1
9070
1
1
4220
1
1
1
1
1
6483
1
1
1
9242
5853
1
1
1
1
1
9204
1
3807
1
1
1
3607
1
1
1
9666
1
3336
1
1
1
6938
1
1
7323
2806
1
1
1
3709
1
1
1
1
1
7458
6114
1
7556
1
1
4525
1
1
1
1
1
1
1
1
9505
1
1
1
1
1
1
7951
2767
1
1
1
1
1
1
1
1
6138
1
1
1
1
1
1
1
1
1
1
1
1
1
3269
1
7655
6052
1
8918
1
9585
5083
1
1
3132
1
8187
1
1
1
7221
1
1
1
1
1
1
1
7423
1
1
1
1
9511
1
1
1
1
3633
1
1
1
7218
9405
1
1
1
1
7668
1
1
1
3466
1
6121
1
1
1
7468
4475
1
1
1
4723
1
1
1
8413
1
1
1
1
1
4635
7867
1
1
1
1
1
4137
1
1
1
1
1
1
1
1
9107
1
9800
1
1
1
1
5134
1
1
1
1
1
1
1
1
1
1
1
9428
1
7950
1
7302
1
1
1
1
1
1
7990
7918
1
1
6581
4680
1
1
1
9911
1
9108
1
1
1
6679
1
1
1
4028
1
1
1
1
1
1
1
1
1
3317
6847
2670
1
1
1
5922
1
1
1
1
7289
1
8415
4478
1
4526
1
1
1
1
2987
3170
3289
1
1
1
1
1
1
1
1
1
1
5176
1
2999
1
9327
1
1
1
1
1
1
1
1
1
1
1
5758
1
1
3044
1
1
1
9060
1
1
1
8086
1
1
1
3678
1
1
1
1
1
7023
1
1
5945
1
1
1
1
1
5561
1
1
6730
3492
1
1
1
1
8125
7300
4973
1
3738
1
1
1
1
1
1
1
1
1
1
1
1
1
1
3434
1
9317
1
1
1
1
1
4793
1
1
9784
1
3156
1
1
1
9637
1
1
1
1
1
1
1
3589
7708
6063
1
1
7839
1
1
1
1
1
1
1
1
1
1
1
1
1
1
1
3890
1
1
1
1
1
1
1
1
1
5257
1
3815
1
8484
1
4728
1
3988
1
1
1
1
1
9043
1
3504
1
4462
5265
1
1
1
1
1
5881
7589
1
7454
1
1
1
1
1
1
1
1
9267
6354
5666
1
5635
1
1
1
1
1
6495
1
9912
1
1
1
1
8863
1
1
1
1
3823
1
1
1
6865
1
1
8587
1
1
1
1
1
1
1
1
1
1
1
5542
1
1
8205
1
4438
1
1
1
7321
1
3849
1
1
4263
1
1
1
1
1
1
1
1
7626
1
1
1
5644
1
8747
1
3717
1
1
7175
1
1
1
1
1
1
1
2567
1
1
1
9678
1
1
1
5059
1
1
5227
1
4252
1
5964
1
1
1
1
1
1
1
1
1
1
1
1
1
6169
9042
1
1
1
1
1
1
1
2834
1
1
7389
1
1
1
1
1
1
1
4913
1
1
1
1
1
1
1
1
1
1
3372
1
2592
1
1
1
4639
4192
1
9498
1
5438
1
1
1
4242
1
1
5831
1
6136
1
1
9945
1
1
1
1
1
1
7489
1
1
1
1
1
4725
7113
1
3007
1
1
1
9233
9646
1
1
1
9859
1
1
1
1
1
1
1
7016
1
1
1
1
1
1
1
1
2572
8599
1
1
6463
7791
1
1
1
7973
1
4679
3337
1
1
1
9550
1
1
1
1
1
1
5152
1
1
1
6907
1
1
7953
1
8365
1
1
1
8355
7597
1
1
5649
1
1
1
7194
1
1
1
1
1
1
5719
1
1
1
1
3245
1
1
1
9000
1
9229
1
1
1
3000
1
1
1
1
1
1
1
1
1
1
1
1
1
1
1
1
3075
8195
1
9492
1
1
1
1
1
1
4468
1
1
9181
1
3417
1
1
1
1
1
1
1
1
1
1
6224
1
6214
1
1
1
8360
1
5976
5712
1
1
1
1
6266
1
1
8008
1
1
1
8490
1
1
1
1
1
1
7600
1
1
1
7994
1
4982
7123
1
4155
1
1
1
1
1
6845
1
1
1
9895
1
6302
1
1
1
9756
1
4693
7189
1
5049
1
1
1
1
1
1
1
1
1
1
1
1
6219
7900
1
1
9079
1
7194
4471
3875
1
2004
1
1
1
1
1
1
1
1
1
1
1
1
1
1
1
1
1
6335
1
1
1
1
1
1
1
1
5522
1
1
1
1
4384
3381
1
1
1
8406
1
1
1
5701
1
6590
1
1
1
1
1
1
1
1
1
1
1
1
1
1
8098
1
1
1
1
1
1
4881
1
1
1
6871
1
6133
4997
1
1
1
1
4102
4578
4062
8608
1
1
1
1
1
1
9091
4284
1
1
1
2650
1
9166
1
4918
1
1
1
1
1
1
1
1
4038
7624
9994
1
1
4864
1
5717
1
7422
7503
1
4899
1
1
6310
1
1
1
1
5762
7874
1
1
1
1
1
1
1
1
1
1
1
8935
1
1
9347
2935
1
3753
1
1
1
8250
1
1
1
1
1
1
1
1
1
1
9915
1
1
1
1
1
9877
1
8143
1
1
9831
6267
1
1
8761
1
2952
1
1
7618
3890
1
1
1
8504
7127
1
1
1
5382
1
1
1
1
1
1
1
1
1
6689
1
3565
1
3013
1
1
1
1
1
1
1
1
7713
1
1
8854
1
1
9351
1
8418
1
1
1
1
1
1
1
1
1
1
1
1
1
1
1
1
1
1
8515
1
1
1
4557
4183
1
9529
8266
1
6792
1
7804
5450
7574
4107
1
5586
1
1
1
7560
5627
1
1
1
1
1
9688
1
1
1
1
1
1
1
1
7522
1
1
1
1
1
1
3782
7750
1
1
3114
1
1
1
1
1
5397
1
1
1
7907
1
1
1
5353
3246
1
1
1
1
1
1
1
1
1
1
9351
1
8572
1
1
1
1
1
1
1
1
1
1
1
1
1
1
2591
1
1
1
1
1
1
8821
6803
1
1
8478
1
1
1
1
1
1
2975
1
9948
1
9333
1
1
1
1
1
5187
1
1
1
1
4926
1
1
4587
9957
1
1
9037
3292
1
1
8661
1
1
1
2834
1
1
1
1
9444
1
1
1
1
1
5158
1
8535
8852
1
9421
1
1
3173
7771
1
1
4993
8460
6658
1
1
1
1
1
1
8391
1
1
1
7852
9096
1
1
1
8018
1
1
1
1
1
1
6717
1
1
5856
2560
1
1
4180
1
1
7750
9754
1
6190
1
1
2851
1
1
1
1
1
1
1
1
2594
1
1
1
4782
1
1
9914
1
8508
1
9065
1
1
8526
1
6307
1
1
1
5741
1
1
1
4062
8613
1
1
1
1
1
5594
1
1
1
1
4287
1
6832
9903
1
1
9553
1
1
7529
6796
1
1
1
1
1
1
1
4261
1
1
1
1
1
1
3266
1
1
1
2618
3765
1
1
3429
1
9933
1
4499
8281
1
1
1
4185
1
3350
8131
1
4032
1
1
7464
1
1
1
1
1
1
6871
1
1
1
1
6966
3579
1
1
1
2766
1
1
1
1
1
1
1
1
1
4507
1
1
1
1
1
1
1
6796
1
1
1
1
2578
5800
1
1
1
1
1
8454
7833
1
1
1
1
1
1
1
1
1
1
4205
1
1
7603
1
1
1
1
9608
1
1
1
1
1
1
1
1
1
1
1
4408
1
1
1
1
1
3405
1
1
1
1
1
1
1
4314
4825
2749
6222
1
1
3109
1
1
1
1
2947
1
1
1
1
1
1
1
7144
1
1
1
3540
5638
1
1
1
1
1
1
1
1
1
5947
1
1
1
1
9876
1
3277
1
1
1
1
1
2809
1
9272
1
1
1
1
9915
1
7465
9316
1
1
1
9054
6661
5233
1
1
1
1
1
1
1
1
1
6856
1
1
8278
1
8743
1
1
1
1
1
1
1
1
1
6553
1
1
1
3561
4413
1
1
1
1
1
4967
4435
1
1
1
1
1
7603
1
8848
1
1
1
1
7245
1
1
1
4032
1
1
1
1
1
1
1
4706
1
1
1
1
1
1
1
1
1
1
6259
7165
1
1
1
1
1
1
1
4593
1
1
4069
1
1
1
1
1
1
1
1
1
1
3798
7908
7897
1
1
1
1
9409
1
7821
7835
1
1
1
1
1
1
1
6483
6879
1
6193
1
1
1
1
1
1
1
1
5361
2712
1
1
9973
1
9465
1
1
1
1
9490
4950
3037
1
5446
8579
1
1
1
1
1
1
1
1
1
7848
1
6764
1
1
1
1
1
9028
1
1
5005
1
1
1
1
1
1
4086
7752
1
6546
2813
1
1
2739
1
1
1
7306
1
1
1
6984
1
1
1
9481
3456
6606
1
2959
1
1
3900
1
1
9441
1
7957
9712
1
1
7522
1
1
1
1
1
1
1
8335
6751
1
9455
1
1
1
1
1
9254
1
1
4306
1
7205
5762
1
1
1
1
6343
4193
9316
1
1
1
1
1
1
1
1
1
1
1
1
1
8154
1
1
1
1
1
1
1
7574
1
1
1
1
1
1
2942
1
5087
2663
1
7522
1
1
1
1
6842
1
1
1
1
1
1
1
1
8927
4096
1
4510
5779
1
1
1
8480
1
1
1
9673
1
1
1
1
1
6078
8177
1
1
1
1
1
7149
1
1
1
1
1
1
4325
1
1
9181
1
1
1
1
1
1
8092
1
7848
1
1
1
1
1
9143
3955
1
1
2712
1
6620
1
6809
7118
1
4791
1
1
1
6045
7734
1
4766
1
1
1
1
9304
1
1
1
1
1
1
3013
7355
1
4877
3969
1
2889
1
1
1
1
1
1
1
1
1
1
7276
1
1
1
4786
1
1
1
1
6995
1
1
1
1
1
1
1
1
7643
1
1
3790
3962
3886
1
5109
1
1
3949
1
1
7317
1
1
1
1
7450
1
1
1
6394
2744
1
7446
1
1
1
7794
1
3559
1
1
3070
1
1
1
1
1
1
1
7060
4184
1
1
4733
1
1
1
1
1
1
1
1
1
1
1
1
6450
7399
6784
1
1
1
1
6443
7008
1
1
1
1
1
1
1
3151
1
1
1
1
1
1
1
1
7669
1
1
1
1
9436
9725
1
4633
9466
1
1
6199
1
1
6475
1
1
1
1
2568
1
1
1
1
1
1
1
1
1
4934
1
1
1
1
3079
1
6902
1
1
1
1
9580
1
1
1
1
1
1
2917
1
1
1
1
1
1
1
4843
1
1
1
1
1
1
1
1
1
2993
1
1
1
1
4643
1
1
1
1
4791
1
4966
1
1
1
1
1
9709
3630
1
1
3011
1
9240
1
1
1
1
1
1
1
1
7208
1
1
1
6716
1
1
1
1
8941
1
1
1
1
1
7612
1
4593
1
1
5871
1
1
1
1
9524
6809
1
1
1
1
1
8365
1
1
1
1
4550
1
4621
3602
1
1
1
3838
1
1
8814
1
1
1
6322
1
1
1
1
8884
4215
2677
8825
5329
1
1
4775
1
1
1
1
1
3238
1
7501
1
1
1
2773
5893
1
1
1
1
1
1
1
1
5224
2830
1
1
1
1
1
1
1
1
1
1
5088
1
1
1
9288
1
1
1
1
1
1
1
5463
8300
1
1
1
1
1
1
7872
1
1
1
1
1
8162
1
1
3512
1
5422
2765
1
1
6721
9427
1
1
1
7351
1
1
8337
1
1
1
3385
1
2637
1
1
1
1
1
1
1
2789
1
5271
1
1
6408
1
7947
4960
1
1
1
9824
1
5378
1
1
1
1
1
1
1
6998
6415
1
1
1
1
1
3034
1
1
1
1
1
1
1
1
1
1
1
1
1
1
6944
1
1
1
3142
1
1
2631
1
1
1
5521
2616
1
4662
1
1
1
1
1
1
1
1
1
1
1
1
3583
1
1
1
1
1
7159
1
1
1
1
1
1
1
1
1
1
1
3820
7690
1
1
1
4082
9279
1
8563
3940
1
1
1
1
1
1
5616
1
1
5069
1
1
1
1
1
5442
1
1
3371
1
1
1
6895
1
1
1
1
1
1
6851
1
1
1
1
5250
1
1
1
1
1
1
5794
1
1
1
1
1
1
1
7373
5587
1
1
5584
1
1
1
1
1
8545
1
1
4937
1
3604
1
7728
1
1
1
1
1
1
1
3264
1
1
1
1
1
1
1
1
5977
1
7495
1
1
1
1
1
1
4304
6555
2560
1
1
6432
1
1
1
1
1
1
1
6069
5743
1
1
1
1
4422
1
4297
1
1
1
1
4709
1
1
1
1
1
1
3521
8345
1
1
1
1
1
2978
1
1
1
1
1
1
7240
1
4473
1
1
1
1
1
6901
1
1
5073
1
7048
1
4384
1
8448
3856
5748
1
6613
1
8969
1
1
1
1
1
4853
1
1
1
1
3615
1
1
8776
1
1
1
1
7393
3028
1
1
1
6206
3827
1
1
1
1
1
1
9693
1
1
1
1
1
9616
1
7396
9621
9323
1
1
1
1
8585
3326
1
1
1
1
3597
1
1
1
9591
1
1
1
1
1
1
1
1
1
4286
1
1
1
1
1
1
1
1
1
1
1
3375
1
1
1
1
1
1
1
1
7916
1
7228
3536
1
4693
9908
5629
4093
1
1
3853
1
1
1
1
1
1
2760
1
1
1
1
1
1
6232
1
6124
1
1
1
1
5264
4549
8223
1
7175
1
7997
8868
1
1
1
2958
1
1
1
1
1
9478
1
1
1
1
1
1
1
6402
1
1
1
1
1
1
1
1
1
8051
1
6325
1
1
1
1
1
7600
1
8051
1
1
1
1
1
1
5944
3685
1
1
1
1
1
6467
1
5674
1
1
1
1
1
1
1
1
1
1
1
1
1
1
1
5818
5894
7647
4097
1
1
1
1
1
1
1
1
1
1
1
1
1
8063
5394
4069
1
1
1
1
1
1
1
1
1
1
1
1
1
1
1
1
1
1
1
1
1
1
6604
1
1
1
1
1
1
1
1
1
1
1
1
1
1
9262
1
1
1
6098
8092
7763
2691
1
8908
8605
1
9061
1
1
9156
1
1
2675
6477
7848
1
1
1
1
1
1
1
1
1
1
8131
2611
1
1
6150
8349
1
1
9374
1
1
1
1
1
1
1
1
4747
1
1
1
1
1
1
1
1
4064
1
1
1
1
1
1
9804
1
1
3074
1
1
1
3833
1
4032
1
1
1
1
1
9238
1
1
1
1
1
1
1
1
3589
1
1
6621
1
6289
1
1
1
8401
1
1
1
1
1
4234
1
1
1
6098
4789
9581
1
1
5845
1
1
1
1
1
1
4392
8704
1
8983
6073
1
1
1
3496
7269
1
1
1
1
4569
1
1
1
1
1
1
1
1
1
1
1
3179
1
1
9202
1
1
1
1
7561
1
1
1
1
1
9141
1
4997
1
5112
1
6742
1
1
9039
1
1
8943
1
7698
5195
8908
1
1
6170
1
1
1
1
5458
1
1
1
2548
1
3883
1
1
1
3768
1
1
1
1
1
7411
1
1
1
1
5490
5607
3657
1
1
1
1
1
1
1
1
1
1
1
1
5275
1
1
1
9536
1
4550
4279
8026
1
1
1
6675
1
1
1
1
1
1
1
1
1
6968
1
8768
6100
1
1
1
8512
1
7976
8780
1
1
1
1
1
7495
7851
1
1
8925
1
8038
1
1
1
1
3510
1
1
1
8899
1
8989
6136
1
1
1
1
1
1
1
1
1
1
1
1
1
1
1
1
1
1
1
5214
1
1
4689
2894
1
6169
1
1
1
1
1
1
8878
1
1
1
1
1
1
1
3304
1
1
1
4126
1
1
9447
1
1
3973
1
3423
1
1
1
5013
1
6502
7408
1
1
3977
9557
1
1
5969
1
1
7224
1
2842
1
1
1
1
1
3949
1
6739
1
1
1
4592
1
1
1
1
7997
1
1
1
7189
7325
1
3152
1
1
1
1
5701
7757
1
1
1
4 51
1 9
10 96
6 48
4 52
2 19
2 11
10 99
6 57
7 59
3 19
7 76
2 21
2 19
9 76
7 73
5 58
3 39
5 51
5 49
4 49
10 105
6 60
10 86
2 31
3 19
10 100
4 38
7 69
5 40
7 62
8 72
8 93
2 31
4 49
5 41
5 48
1 11
9 90
8 76
8 69
3 19
6 63
6 67
8 77
7 67
8 86
4 39
10 104
1 10
7 57
4 29
10 104
1 9
7 58
3 41
10 95
4 51
2 11
4 29
2 9
8 94
9 87
4 29
3 19
1 11
6 49
2 29
2 21
10 87
6 48
9 91
2 9
9 84
3 29
1 11
5 52
9 100
7 61
7 60
2 20
8 90
10 104
8 94
4 29
2 19
2 20
6 58
5 59
4 31
1 9
9 98
1 10
8 78
3 29
5 58
10 102
4 30
8 91
3 29
3 38
2 21
8 71
4 29
10 89
10 104
4 29
4 52
2 10
5 39
4 31
10 89
10 94
1 19
9 84
1 21
6 72
7 83
4 48
2 19
7 67
10 91
2 20
5 38
6 49
3 31
1 11
10 95
2 20
2 21
9 80
2 29
7 62
4 51
4 51
1 11
10 94
7 69
6 52
3 21
10 98
8 80
4 38
3 42
4 49
10 102
1 11
9 89
9 94
7 79
9 101
9 101
3 21
6 51
3 29
6 63
9 87
1 20
6 70
6 51
2 9
7 82
2 21
2 9
6 60
3 21
6 49
9 81
1 11
4 41
8 80
10 103
6 61
7 79
3 19
6 57
4 49
3 41
8 83
8 84
10 86
2 21
2 9
2 21
1 20
4 50
10 99
8 81
10 94
9 98
1 10
8 79
1 19
7 70
2 20
2 19
6 57
2 21
7 77
9 79
6 50
1 10
7 70
3 42
4 41
2 31
5 40
3 40
6 58
3 19
2 21
6 51
2 20
3 20
1 10
10 86
9 83
1 9
9 99
7 63
5 60
1 11
4 29
4 50
1 9
1 9
10 90
9 87
2 21
5 57
7 80
3 20
9 81
5 49
2 9
4 30
5 57
9 99
8 83
8 73
9 100
5 41
10 91
6 60
2 11
9 92
3 29
6 71
1 9
6 52
10 89
3 30
8 77
1 11
8 70
10 97
2 11
4 49
4 40
8 82
10 96
4 39
8 81
2 10
1 10
4 30
8 89
2 30
2 31
8 71
7 84
1 21
9 97
7 60
3 42
7 61
5 63
4 40
1 9
6 67
7 72
3 29
8 70
9 95
6 62
4 51
3 29
8 70
1 9
7 76
5 48
2 11
5 40
4 42
8 78
6 68
3 41
8 77
9 86
5 60
4 49
8 80
7 59
4 31
1 9
7 71
10 96
2 19
2 21
5 49
7 57
3 20
10 94
6 51
10 100
4 49
7 81
1 20
10 104
5 40
8 69
2 9
8 73
2 11
7 60
6 68
3 19
5 49
4 51
9 95
3 19
7 58
6 69
1 9
8 84
4 41
10 98
3 30
4 50
6 59
3 39
4 29
3 38
1 10
3 42
10 101
1 10
7 58
9 81
8 82
9 77
5 42
8 91
9 92
5 62
9 81
1 9
4 48
9 105
7 81
7 63
8 72
8 83
3 29
2 11
6 57
3 40
6 61
9 83
10 101
3 21
5 39
6 68
1 9
2 31
1 19
7 63
2 11
9 99
3 20
2 19
7 76
6 70
7 67
6 68
9 77
7 70
7 82
2 29
1 19
10 100
5 61
8 68
6 69
3 39
9 100
6 58
2 20
3 30
5 49
10 99
2 29
5 49
7 69
9 81
5 62
5 62
2 9
6 71
10 88
1 20
10 105
10 99
9 86
9 93
3 41
6 50
5 58
7 70
7 71
5 38
6 57
2 20
2 10
5 59
7 81
9 105
1 9
7 83
10 105
10 98
3 30
5 58
7 84
10 86
3 31
10 93
10 94
1 20
8 78
2 10
1 11
4 29
8 70
4 29
7 79
2 19
3 40
2 30
1 9
4 31
5 49
10 88
4 30
2 29
9 99
7 69
5 49
3 21
6 58
7 82
3 21
9 84
1 10
7 84
4 42
10 99
9 105
9 83
10 105
8 84
2 20
1 11
7 73
1 10
8 87
10 88
6 52
3 29
1 20
3 38
6 60
8 87
7 61
6 67
6 70
1 9
6 72
4 38
7 82
6 68
4 29
5 63
4 31
6 69
6 60
2 21
6 73
3 38
3 31
