10000 500
1
6486
8893
8636
1
6217
7165
2603
1
2698
1
3403
3167
7832
4226
5337
2644
4807
2860
4447
9345
1
1
5830
7814
9145
1
8465
5359
4073
8438
8961
5494
1
1
3660
8538
1
8764
9091
1
3515
1
4195
6986
9719
2592
7356
1
3243
8624
7763
6537
5442
6134
5033
8212
5795
5399
3480
3393
1
9896
9451
2668
6034
8684
3467
5247
1
7397
5369
4451
2925
3075
3195
8776
1
3407
4434
9987
7932
8199
5092
7067
3339
1
1
9147
9735
3803
5521
3221
4524
2633
1
7179
5802
1
5290
1
3058
1
4708
4330
7242
1
9615
5887
4725
8608
1
7765
6381
6665
4872
1
1
1
4187
3845
7039
5296
2907
3920
8116
9892
2836
6708
4734
6608
2839
9636
5110
9148
6543
1
1
4805
6256
9732
2820
4911
6853
1
7381
5431
7730
5451
5219
2815
5004
1
1
4660
9132
1
9686
5030
1
9433
4199
8366
1
9564
5290
9551
3367
2900
1
8856
7696
5474
2761
9291
9213
4406
1
8437
5118
7017
3081
1
1
8096
8786
1
5278
9196
7587
2528
7981
1
4801
7744
6601
4581
8298
6375
1
1
5351
6456
7389
3686
1
9853
6890
5757
6419
1
1
8427
1
4436
2589
8880
4158
9221
1
5418
4536
1
3183
1
1
9739
7226
4529
1
3986
1
1
9388
5890
4942
6532
9781
1
9223
6866
2938
8166
1
1
9951
8777
5783
7994
5309
2581
2851
2783
5004
7142
5269
7967
3088
6221
1
4362
3936
7803
1
1
1
6784
5780
1
6075
7868
5724
8411
9145
6105
5860
1
1
6411
8815
8643
8338
7539
1
2856
1
1
8204
1
4700
6922
3581
1
7081
7255
6249
1
6187
6886
6351
8578
1
4960
5470
6042
6957
2914
7705
9523
7915
6729
7132
1
8241
9753
1
5851
3353
9018
4789
3622
3866
7099
9853
3612
2622
4057
5736
1
7152
7873
9496
6100
8011
4417
4090
9862
9142
3400
1
6047
1
8786
7753
7593
9717
8170
7431
4660
6114
1
8727
8394
3921
7536
5143
1
9089
5675
4864
5768
3657
7381
8855
4453
6379
9187
8499
2846
4797
6630
6328
1
5835
1
9479
1
7670
7580
1
8674
4685
2505
3029
2884
3205
9921
8889
6006
7371
2914
1
1
3297
1
6765
8246
3474
7673
1
7515
3454
5212
8519
9742
1
1
4629
1
9283
1
8228
1
8843
2863
1
9503
1
5049
7949
1
9692
9427
9344
9703
3823
1
1
9417
8120
1
9212
1
4634
6912
1
9847
2853
3441
4118
1
6361
7084
1
9035
4316
5575
2568
7196
2601
8556
3533
9624
5085
8413
8588
5608
1
1
1
3110
3779
8148
5345
8445
4817
4827
8895
2860
5160
5603
3808
9325
5304
1
3071
4828
3873
9782
5179
5748
7855
5010
1
1
4670
9530
5712
1
1
8227
2818
3870
2804
4475
7880
1
8720
8719
4959
3882
4874
4826
3642
2822
5761
7454
5288
4003
4758
3022
4672
2573
2616
1
9542
4995
5665
3228
5767
5837
7101
3165
4015
8947
1
8425
1
8601
5197
5756
1
7696
1
5086
1
7637
3226
4720
7011
7015
8291
4925
7114
9818
2714
5030
1
6257
2528
9604
8397
8272
8927
4545
6013
1
1
9697
5370
1
1
6757
7678
8407
6442
3587
9941
4133
6924
6643
9882
9632
7146
9871
4407
1
3042
3892
1
7662
9597
4622
3239
7387
5897
1
1
4853
8660
1
1
8366
7840
8123
8293
5944
3623
4927
2842
7252
7651
9786
8060
1
1
7321
1
7043
2903
6755
7552
1
6009
6084
3186
4437
1
1
4606
3815
6572
3718
4254
5976
1
9702
6491
1
4428
1
8324
1
1
1
1
9835
1
5197
2852
3124
2709
1
1
7950
2834
1
4023
5507
5413
4186
5471
7839
4141
1
1
8340
7993
6304
1
6217
9393
4993
7710
7117
7650
4647
5248
5121
8573
9291
5729
1
3330
7400
1
1
8617
5610
4049
1
2871
6125
6982
3216
1
1
1
3303
9726
6670
7895
3404
6424
3732
9223
6994
6379
3762
4126
8662
1
1
6210
1
3974
4904
1
1
1
6580
3145
1
2666
7049
6204
6404
8309
8626
5886
3964
3221
2726
1
6108
1
4731
1
1
1
5380
2917
2650
5024
3854
4977
3062
1
5525
1
7291
3719
7260
4691
3560
6618
9035
3897
5878
2804
6250
8272
5534
1
6575
4932
1
3632
7320
9129
9760
6540
7622
5055
6265
1
8144
7968
6182
9394
8636
7246
1
1
4120
9154
9311
4869
3883
1
6876
1
3459
1
1
4729
8845
1
4257
6810
3107
8593
2723
1
9890
2809
3131
1
1
5405
3427
1
1
4096
3471
7266
5156
5906
3341
6519
8284
1
9678
3096
1
6986
4172
9289
8795
1
1
3581
5749
1
4117
3992
3787
9996
3512
3009
3514
1
6232
1
6880
1
7306
4706
6097
9352
5213
3175
3443
7909
2866
8692
1
2592
8181
1
1
6297
1
6828
4753
1
9648
9133
6825
9063
7928
9833
9273
7898
3683
3930
1
3838
1
4650
3480
7875
1
7361
5417
8134
2596
5832
1
4808
3009
5100
5950
8090
8631
1
8969
9808
3906
1
4069
1
7316
7302
1
1
5757
6420
7001
1
7282
1
1
8811
8633
3235
6568
9600
1
8341
5725
8311
1
3149
7668
1
7321
5817
6074
1
9596
5822
6653
3668
5023
1
7176
5765
1
6224
1
1
5092
1
1
1
9056
8263
5478
1
9043
7914
1
1
4421
1
2931
1
1
8430
7003
1
6455
5945
8819
6168
4138
2780
1
1
9289
1
4089
2699
7212
5853
4038
7920
7615
4837
4061
3451
8608
5515
3682
9297
5511
4259
9515
1
3596
3986
3781
1
9409
7319
3777
5063
4273
6805
2585
1
9844
4063
7467
3590
8001
4682
4929
3415
9425
9764
1
1
1
7168
1
7246
3289
4293
9310
8525
5016
6516
4286
8650
4532
6921
1
8725
1
7884
1
6085
4023
4274
3666
1
1
3649
3163
9812
7865
9279
1
6193
1
9534
2620
9821
5329
8017
1
1
3463
7670
6051
1
1
4851
4894
1
6668
2699
3613
7120
5992
7337
6858
1
2539
3042
2538
9090
9633
3692
5860
1
1
2605
1
5070
5899
8517
1
7449
5489
9948
7275
9870
5195
5555
9941
6512
1
3581
8154
8593
4038
4780
9032
1
9367
4037
2673
1
2842
4828
1
8380
3823
1
4062
6604
3203
1
6088
6742
5546
7654
4580
2671
8764
1
3555
7357
5642
6062
5401
1
3980
3058
1
8677
2585
9062
9023
7837
4534
8140
1
1
9939
9067
1
9157
6709
9911
6527
3739
3596
8284
2656
6684
1
1
1
7987
8662
3351
5046
3588
1
7049
7062
9709
4100
6056
1
1
8455
3809
1
1
4162
1
5220
6700
9043
5427
1
1
8237
4657
4466
9760
7983
6838
7128
6845
1
4089
7847
6937
6268
7644
1
1
1
8376
1
4128
1
2573
7026
9833
1
4172
1
6690
1
9147
2968
6596
1
1
5999
7422
9760
1
1
1
2979
4846
4074
8672
6310
4624
1
5992
3633
4209
8530
3782
1
1
8606
2915
2779
1
5786
1
6154
1
6147
5128
6032
5648
1
7893
9318
4624
1
4543
1
1
7333
1
3360
6149
1
1
6129
6724
4985
3556
4369
9138
7730
1
8415
6635
8275
6742
1
6487
4942
3734
2521
1
9851
1
4035
9603
2771
5547
7453
6417
5269
9345
7547
4254
7851
1
1
5058
8209
6604
5547
9028
1
5375
4384
1
8737
9602
9475
6097
2652
6768
6995
7128
6970
8208
6370
6824
1
4590
8455
9224
8720
4700
7797
8680
5213
6008
3253
1
4248
9865
1
1
3521
6438
5943
8508
3598
5831
7047
6584
1
3742
4560
1
1
9755
7599
6503
7441
7904
1
1
1
9016
1
3407
1
1
5383
3427
5226
8075
9853
7033
8551
5925
5925
9338
8532
1
7631
6031
9096
1
6175
8903
8910
4886
1
1
4001
1
8920
3652
1
4216
5666
1
2957
2925
8449
9789
1
9212
8907
8963
8993
2949
8627
8729
4363
1
4479
1
1
4393
9292
9988
7471
3179
3506
1
1
6149
4641
6303
1
6027
7970
8451
1
5693
1
1
1
5161
4315
3302
4658
9107
8488
8996
6872
1
7268
6915
4941
9489
7766
8430
2508
6598
4383
1
2827
4599
8227
8620
3174
5241
8448
2747
1
9198
1
1
2646
1
3875
4161
8421
1
5938
4294
1
7752
3661
1
6820
5069
5656
6448
9487
7097
9528
9077
9361
4693
5692
5579
4925
7602
6905
6912
7821
6595
7793
6895
8565
8270
6671
5672
7228
7566
5894
5599
9754
1
2688
8646
1
8093
8985
8087
2802
3102
2618
9834
1
4221
1
1
1
5716
5714
4280
7585
1
1
5074
1
3918
1
3388
1
9711
1
9171
7470
1
6944
1
7017
8037
9554
7956
6637
8191
1
7828
4578
7555
4125
1
7621
8961
8713
8471
1
1
8116
6989
1
2549
2879
6496
6527
1
9003
5638
8084
5066
5657
1
3746
3976
1
1
8066
2777
6186
7023
4538
8035
5044
9834
5392
1
6732
8464
7414
1
5316
3608
9454
1
9354
5828
5815
2865
7901
9392
3739
5872
1
5763
1
5188
1
3558
1
6416
6388
4478
3879
1
4558
4885
4819
7842
9299
9629
3012
3703
8397
7411
1
7799
1
8945
1
5913
4990
1
5933
3257
1
3506
5306
1
1
3433
5367
5295
1
6242
4174
6173
2735
9061
6232
3439
1
2611
1
1
3623
7028
3590
3065
6669
1
4122
1
5890
2877
6021
8249
9668
1
1
9917
1
8159
7257
1
7248
2706
1
8372
1
9038
1
6375
1
2741
1
1
7413
4455
1
1
1
1
4237
1
1
1
3842
2874
4774
7813
5995
8361
6638
6184
7391
6800
6257
7952
1
3368
9144
9004
5432
7847
3267
1
7479
4160
4755
8919
7156
1
5597
4086
1
7794
3869
3252
1
7334
2907
1
6288
8334
8281
1
2778
3355
7633
7496
3444
5937
4444
9707
3271
6144
9721
1
5933
1
1
4811
9591
2660
6845
6620
1
2698
4230
5382
3961
1
2747
7421
1
9421
1
7727
7816
2914
8895
6790
5257
4557
7828
1
6229
3085
1
3937
4937
1
3706
7604
4618
9391
3850
9558
8369
9565
9663
1
1
1
6875
1
9718
6459
9422
1
4519
1
1
3087
8616
3010
7431
1
1
8712
3297
1
5891
1
7388
1
1
9561
3811
4920
3369
7997
5114
3766
1
9454
1
1
7030
4433
9073
8350
6991
8966
9541
4960
1
9801
5215
3094
4461
3167
1
1
3131
1
5198
7483
1
2811
4069
6600
1
6362
8470
4058
1
1
7746
4988
7369
8583
6132
1
7646
6306
4875
8497
3973
3222
8930
1
9883
6753
7493
7654
7737
9050
7255
6013
3756
4585
6908
3642
1
5598
2513
5947
4128
1
1
3589
1
6842
5925
8508
9515
1
8749
1
1
5151
1
7134
1
1
9044
1
8691
1
9975
2707
9175
1
9449
6728
2556
1
1
3815
4919
1
9234
8317
2761
6278
2684
4087
1
3497
5474
9844
1
2552
5380
1
5133
4632
7204
7659
1
3551
2995
7981
1
9778
9848
1
4494
1
9587
9298
3074
1
1
7597
9106
7339
3036
7720
3414
9464
9144
8196
4461
3074
4398
4915
9337
8548
7719
3110
7822
3049
7953
5235
4111
4992
3525
3889
3531
2762
8827
1
5797
7187
1
9215
1
7603
1
5725
5389
5801
9638
7233
1
9860
4599
9237
8546
7060
1
5511
2596
1
9156
3936
9907
5289
4588
1
1
3206
1
1
1
8021
9190
9334
1
3077
9468
4080
8708
6469
1
7549
8191
6537
4071
8075
1
3254
9325
1
1
1
3175
7428
5399
9182
5112
1
3600
3634
3079
3176
1
6657
6424
9725
7029
7587
6656
6776
1
6511
1
1
1
8665
6349
9835
2830
3823
7663
3987
9265
9602
1
3198
5142
1
6813
6478
6919
1
4853
3139
8159
9548
8319
7156
3221
6678
9435
8673
6283
1
7286
1
3661
9669
6855
3085
5492
7436
6568
1
2917
5096
3815
1
1
3002
1
2572
4042
1
1
1
9383
6782
8382
1
3851
1
3127
1
7741
3073
4468
2970
3854
8933
3068
4817
8958
1
2957
1
6038
4268
4862
6755
4844
5591
1
9340
1
6142
8042
3705
9737
7557
1
6951
3943
8330
6501
1
9971
5568
1
6859
9960
8867
4525
5458
1
6229
9800
6715
6465
1
8088
4100
5561
2582
1
2545
1
5364
4327
4608
5574
1
5140
3958
6077
6310
9198
1
7712
9075
1
9384
6415
8516
4961
6519
8601
1
3727
3188
1
5336
3951
3500
5217
5362
8394
6025
9999
9774
1
1
9610
3837
8690
6113
2557
1
9533
7369
1
1
1
9487
3058
1
1
1
8951
5966
5026
2564
8539
7673
2551
8955
6584
2830
1
6068
9398
9994
8154
9257
8025
1
8249
1
1
5182
3951
6306
6862
8654
1
1
5417
6994
1
6745
5343
8475
5606
1
6780
5465
5613
8840
7014
1
9789
5567
1
6164
1
5243
6897
9579
6271
7145
4701
4239
4956
8001
1
1
1
8911
8703
5120
9240
6184
5851
7058
7284
4190
8038
1
2522
2944
6397
1
7785
6109
2523
2511
4679
3700
7910
5128
9353
1
1
9641
9136
8969
3219
1
1
8460
1
9667
1
5979
8814
1
8575
5377
7226
7032
5301
2695
6268
6258
1
1
3588
1
8390
1
1
8972
3713
9011
3600
8880
9257
4977
4881
3412
8067
5640
1
1
1
6110
4814
3497
7207
6164
3044
9250
7151
3127
1
4357
7325
4063
2512
8290
1
7477
9114
1
1
1
6178
9742
8931
1
9414
4826
3857
4636
1
3247
3720
1
4710
3314
8046
9746
1
6328
1
9897
1
7932
9271
7579
9966
9497
1
4103
1
1
1
1
4859
3186
1
6645
7636
2752
5998
7875
6633
5722
4705
6774
5125
6274
8621
5281
3697
4382
9201
3937
8728
4257
2810
1
1
6928
6103
6978
4333
1
7457
7132
8639
5327
2999
1
4149
1
1
1
4673
8298
1
3018
1
3954
5037
3745
1
1
1
3728
5449
3335
8800
7474
1
1
8483
6369
6454
7420
6389
4850
1
5189
3249
1
1
5520
6152
5959
7742
1
5270
3318
4022
9042
1
9619
1
3215
7344
7505
8279
9303
2924
1
5616
1
3315
1
2628
1
4491
9872
9888
1
6054
7617
3230
5153
7100
9228
4748
9058
9735
9942
4623
8830
8946
1
1
5828
2968
6166
3873
5267
8628
8848
6123
1
8652
3710
1
6166
6564
8749
7170
9299
3811
1
4532
6627
1
9848
9402
8397
2964
3839
9511
4894
9651
1
7659
1
9122
8466
1
5925
8312
1
5588
6413
1
4409
6703
7545
7563
1
8573
8073
4245
5901
7723
1
1
8212
4945
4744
2896
1
7423
5435
2931
1
6140
6952
5525
1
1
3374
1
9523
7237
5177
1
6311
1
5516
4936
4392
4724
4521
4280
3015
1
9542
9316
2814
1
1
9406
1
8617
9966
5491
7310
1
9923
4234
7054
9044
8908
6953
9327
1
9893
6203
7838
1
6072
7515
5463
1
5486
7455
9164
3931
1
8061
10000
4300
1
8344
8872
2658
7421
8103
7449
8331
9584
8706
6360
7832
3842
1
8793
4375
7627
8781
1
6517
5731
7480
6357
5313
5873
1
3423
3198
2798
1
5553
2660
1
1
6110
7524
5355
9868
1
4554
1
3426
3535
1
9557
1
1
5487
4185
5989
7552
2744
4856
9855
1
5505
5172
7768
1
6191
9933
5688
9175
9321
9642
5145
6814
6263
7970
9805
2532
8317
1
4425
1
1
7568
7254
1
8641
2649
4029
9492
4778
1
7336
1
9522
3207
3520
9895
5789
1
6928
6462
1
8506
7139
9071
9656
1
1
9597
6816
8285
5131
5733
6700
5692
6204
4083
7302
8827
5995
8997
9354
2623
8046
7025
6191
7776
8012
2962
2964
9684
6564
7504
2886
9261
7752
1
5806
3308
4339
1
8968
2596
1
2771
1
1
7196
1
1
3448
4129
2690
4197
9096
4223
3363
5035
7296
9211
2932
4536
6895
1
2727
5113
4037
9309
6027
5512
1
8772
6163
4980
1
1
9195
5353
1
5369
7598
1
9538
9941
2711
8660
5881
5803
9949
6238
7970
6199
5150
4226
1
5183
8510
3577
4333
1
8681
5204
5395
2813
2517
1
1
1
1
9356
9832
8427
1
5637
1
6825
1
3273
1
3802
9672
7450
3022
3259
9912
5253
3795
1
6208
4320
9068
3128
9676
1
1
8249
6718
7844
1
8202
1
1
7149
9676
8746
9113
1
1
9396
5403
4330
3072
1
3344
1
3479
4997
6771
2540
4197
9985
9484
5667
2640
6692
6000
9345
9138
1
1
6899
1
1
1
4713
7286
8564
5499
6434
3055
7036
9926
1
1
1
1
6950
1
7592
7053
2671
4733
6229
9035
9444
2856
1
3459
1
3790
6106
1
9312
9142
1
2493
5762
7823
4378
5842
1
6319
6483
4481
3627
1
5640
5594
8147
1
7539
3917
8579
3327
8183
2746
6845
4410
5590
6565
4907
7375
7504
1
1
3009
1
5055
9575
1
1
1
5685
3885
7188
3200
3382
6450
1
4032
8067
9098
8101
5224
7879
1
5687
8098
7209
1
5507
1
7578
1
7280
9045
6835
5273
6757
9482
1
6366
4871
9049
1
6285
9085
1
9001
7720
6937
6982
7716
3846
9268
2681
6266
4272
6059
4366
9415
4103
6191
4312
6070
1
6067
4908
5694
8956
9664
1
7275
1
8693
3280
2561
4613
9966
4229
8259
1
7484
8856
4571
5204
7803
5359
4942
9780
1
1
7472
6139
7891
7504
5984
1
9013
7917
1
1
7983
5973
7841
6147
3962
1
7384
6976
4004
1
6764
3311
7171
1
1
8707
3636
1
2867
1
3418
5525
1
8479
8187
8434
8760
3245
3539
8796
2982
6771
1
7030
1
9458
7704
8617
1
7644
1
5305
3683
1
5262
8373
9095
1
1
6223
1
1
5964
8747
8138
7200
1
6157
1
5645
1
8408
5741
2877
1
9659
3750
2735
8550
3278
1
5185
9476
1
5244
3943
6222
2830
2694
1
6623
1
4752
1
6727
3171
3314
6821
3065
4004
9894
3387
8103
1
1
5504
1
1
7060
4092
7518
1
5866
9983
3193
5901
1
4811
7075
9187
4160
6936
5353
1
7945
3373
6386
4316
1
6081
1
4296
9218
1
4178
4396
1
7790
3013
6940
1
5789
3590
8730
4875
3432
7604
9548
7195
8720
7467
1
1
4911
1
4765
1
9792
2607
1
8958
9462
4555
5780
8319
7161
5393
4083
5561
2614
4565
6534
1
5522
1
4161
3689
8609
8329
6296
1
3601
3157
6641
8694
5045
8579
4590
6629
1
1
6173
5626
8503
9704
1
6545
5132
8647
8688
1
6758
1
9691
1
2957
8417
9324
5289
9392
4655
4425
5064
1
6115
1
5569
8835
7779
9704
9465
9336
4471
3233
7893
5827
9726
5447
8136
2747
1
1
9753
8808
2541
1
3291
9204
4264
1
5465
3291
5435
1
1
8197
5652
3720
1
1
9971
1
6110
7780
1
1
1
1
6918
8958
6528
1
1
1
3949
1
3249
7472
1
1
1
5908
1
1
6042
5593
4680
4863
6443
7615
1
7598
1
4556
1
1
5891
9919
5467
9602
5763
9119
7753
8493
4021
3743
4574
1
5384
6040
1
1
7033
9694
4439
6560
1
1
4053
6861
4496
5718
1
3725
1
4114
6583
8145
1
3211
7925
1
5156
1
6473
1
3939
6327
1
5156
1
8938
3949
3327
1
1
8087
9976
8011
9303
3833
3378
4394
7781
6190
7599
6986
3672
5784
4048
6791
7888
4351
4478
6346
8949
7742
6655
8600
6452
2539
5535
5862
1
6656
4308
7269
1
1
3271
5881
7802
1
4275
4248
3050
3161
1
6870
4771
8669
1
7211
7693
5988
1
1
1
5519
8524
6898
8914
6278
3436
7136
3750
5288
5179
4578
5984
1
7843
1
6718
8697
1
5445
4460
1
1
5807
1
9684
1
5192
1
5078
1
8827
8527
5133
1
4915
1
4950
3006
9016
6134
4869
2528
3409
5586
6816
4510
5539
1
7374
1
1
1
1
9285
4286
5037
4953
1
8567
7561
3325
1
3680
3116
4845
9625
5471
1
9592
8413
5618
1
3605
3123
1
1
1
3030
1
6556
8514
3063
6311
1
7956
5948
4593
6911
5639
5970
5876
7228
1
6619
1
5222
9684
9169
3576
7879
1
9742
1
8900
3388
8422
8148
4271
1
8154
8870
9534
8525
4215
5821
6391
1
7011
8277
5617
8431
3920
7803
9823
6758
1
3832
8766
1
8218
7201
1
1
1
9800
1
4117
1
7603
3715
3982
7595
3766
1
1
8891
4074
1
1
6408
9175
1
6254
3371
8854
8900
6472
1
1
1
7351
5003
8566
1
8637
6383
3240
6044
1
1
9547
1
7528
6912
1
1
3300
1
3161
1
7708
5974
9303
3942
2758
6655
3101
9356
9002
5433
4528
3505
6107
2556
2849
7816
3668
6606
1
1
2674
8234
7093
8856
1
5449
3778
1
7235
2693
8012
7179
9889
1
6096
6400
2856
4739
1
6702
8506
8699
7446
1
1
1
4736
2952
2618
1
4824
5437
5351
1
5365
6496
4897
4703
9517
1
4525
4550
1
6000
6456
1
1
4452
1
6670
7132
4223
4498
9320
7887
9138
6855
9824
3892
7705
8002
4281
1
5373
8222
4720
1
7868
7801
1
2980
4888
1
6092
3859
1
8981
3865
7359
3605
4901
1
1
7120
1
6447
5693
1
5076
4931
8981
3393
6847
5502
6446
6551
6483
7068
8263
1
8379
6859
3135
4618
7970
5409
3416
9659
7643
3562
6372
7315
7104
6353
5968
1
8897
2764
6988
4297
1
8781
8753
2622
1
3548
7433
1
6491
1
5712
4975
1
6707
3693
9210
3083
4765
1
5500
6630
5720
8995
1
5510
5125
1
3586
9141
1
7096
6697
5103
7086
4483
4310
1
8053
1
9466
8430
9844
2825
1
3493
9131
9148
4518
8792
6038
5543
6123
1
9009
2890
5582
1
1
8720
5019
3274
1
5991
1
2824
7687
7246
2666
7406
1
4058
1
4513
1
8480
1
7117
1
1
8150
3053
7688
3882
1
9048
1
3575
1
6440
3395
8540
4490
5630
3836
4485
8371
1
7548
7673
1
1
8133
4144
3568
8177
2531
7251
6625
1
4908
7608
3713
4047
1
4769
4158
5423
1
7772
1
1
9554
2903
7211
1
4304
7932
4457
5754
4301
3793
1
3308
1
5852
9964
1
5385
7275
3779
3616
2636
2925
4889
5733
7204
4204
9441
5202
8952
1
7221
7525
1
5342
6795
3974
3678
9853
9592
1
8981
5022
1
5164
5399
2777
6039
8864
6330
9256
4791
8987
3335
2708
4443
6511
1
9768
3458
5322
1
4692
3789
1
1
4247
3170
7396
3500
8209
5284
1
8426
1
5920
7996
1
3068
3527
5791
8830
1
1
6632
6924
1
1
2840
1
8268
9282
1
3431
7376
1
9901
5337
5270
5018
2687
3930
7073
6880
1
4494
3184
7847
9362
5568
4770
3704
6490
1
9871
7723
1
7202
7484
7716
9970
3433
6095
8770
1
3378
3019
5622
8614
1
9030
6231
8684
7284
6136
1
1
1
1
9481
8190
7490
6484
8003
5617
3079
1
1
8093
8556
7630
5166
1
8830
9273
9417
4375
1
8872
1
4713
1
9048
6671
9865
8802
1
9916
3507
9265
3750
9580
7017
1
1
1
1
8498
1
9363
6970
1
4205
8970
7088
3952
7672
1
4628
8194
8579
4676
2974
1
5358
6263
1
4943
6346
8781
1
9638
2985
6249
4316
1
1
3731
1
6820
1
6020
1
5535
7750
8114
9923
1
5760
6834
3476
7517
5550
3472
2790
6300
1
1
7107
4596
6006
2517
1
7298
1
7512
6898
8300
7344
7231
4625
3933
4339
1
4904
8667
3981
3675
4259
1
7972
4653
1
9983
3946
5421
9109
1
1
1
9191
9389
1
4097
1
1
1
1
8658
9333
3962
6479
4734
2775
5903
4558
6023
6002
4659
1
5141
8017
1
9618
1
4349
3399
6226
1
1
1
6974
2726
9401
5021
1
1
9655
1
1
1
8241
3921
8130
1
5311
9550
5263
1
8674
3360
5782
4079
9470
3485
8703
5203
4204
1
6999
4760
7721
1
3493
7095
8963
8293
1
8835
6319
8702
9630
9013
8612
8988
1
7216
6831
7790
6625
9198
7169
4501
7003
7477
9573
5106
4974
5681
6086
1
4065
7657
9409
3898
1
5252
4015
7572
1
1
7130
1
3796
2900
4661
1
1
2992
5745
6068
5078
7795
9991
7067
5908
4918
4708
4505
8743
1
5773
1
1
1
3657
9963
1
4235
6647
8980
7011
1
5347
6088
9908
6468
3253
1
1
1
6768
6956
8877
4555
4738
1
7989
5130
8561
3470
1
1
6405
8571
2803
1
3254
9724
9540
1
3826
5908
9583
9109
3616
8648
8841
1
9875
6802
6893
1
1
5151
8748
4255
1
9218
5484
5452
8624
5723
5528
7132
1
1
2690
3452
3891
4271
3162
1
7762
4828
5457
4923
7264
5804
5890
4531
8076
7640
1
8227
7687
6077
1
7221
1
9934
7186
1
9604
4419
8569
4113
7654
2850
6907
7836
7120
1
1
7104
2606
5067
5460
6802
1
4126
1
7093
8758
9540
6734
9245
6061
5261
7678
8257
2525
4015
7926
6604
6694
7540
7890
1
1
1
3566
7355
8713
1
9711
6290
9578
6504
8199
2660
8732
7150
5599
8030
7579
3284
3381
7943
6341
5395
1
6315
6849
4740
6465
6253
4587
8341
1
4306
9062
4015
2633
1
8614
7725
6903
3694
8762
6385
4111
8017
8408
8334
1
1
4899
4597
9877
2587
7885
8777
7525
6224
6665
5685
1
1
8663
4188
7492
7594
1
5693
1
4280
8065
6632
1
3996
1
1
9944
1
6879
4117
1
4043
8453
7022
6881
1
3790
3516
3830
5705
9954
5246
6880
2889
5810
1
6234
7262
5929
8899
4264
4886
3494
1
1
9181
1
3056
3525
2490
9978
8255
7654
5612
7168
1
1
9724
8947
5958
1
5954
5856
1
7130
1
5980
5624
7157
9179
1
2761
1
1
1
4410
1
3946
1
1
3541
4440
1
5787
8789
9635
7435
9195
7618
4962
3941
1
1
6645
1
7223
1
6537
7355
7810
9376
7908
3378
4347
2978
1
9581
1
1
5577
4908
3949
7663
5772
3363
8658
6325
4307
1
1
8485
6670
5496
5911
8555
3262
3247
8358
5142
2938
1
1
5044
9120
7215
1
3228
5797
6667
7287
6718
1
3359
1
1
4731
3839
1
4267
4762
5976
3640
9881
8090
7864
4441
7869
3032
6619
1
8541
4740
1
6337
4822
6289
3427
9716
1
6872
3104
1
7698
1
6505
5299
6308
4686
8864
6747
7691
7242
5350
1
1
1
8815
1
1
7073
1
1
5504
2999
5923
4236
2597
4363
1
8844
6125
8045
7077
1
8143
6490
6031
7914
9979
1
7402
1
3106
3294
4395
9959
1
4470
1
1
4829
7840
5709
1
7997
3385
4853
5298
1
5480
3264
4344
5493
6890
7141
6881
6377
1
3217
1
8311
5814
2655
8197
1
5398
1
3008
4027
5922
1
1
1
5000
3181
3239
5970
1
9018
5680
2946
5856
1
6991
8000
7543
5628
1
3802
5675
3467
4935
1
3879
9328
7234
1
7613
5671
3041
5014
4921
8749
1
3343
8281
3269
7415
8931
8505
5820
9619
8305
3112
1
6819
7673
1
8169
9228
6058
4448
6973
7480
1
5231
8217
5232
7799
9757
4689
1
7698
2536
9886
5372
4843
3630
4378
1
1
3448
8452
7037
1
4331
1
6518
1
3456
5349
4796
1
1
3707
3149
7183
4443
1
3193
2514
6334
5912
7714
7120
5074
4599
7152
2663
1
8270
8825
4462
9955
2909
2627
4748
3279
1
7997
8559
1
1
8231
1
5004
1
1
8888
8444
1
8460
6029
1
1
5691
5493
8791
1
3530
3756
8255
2561
1
1
9918
9084
1
6711
5378
5390
5679
1
9442
1
5304
1
4098
8885
8041
5123
7986
1
5080
1
7299
4152
3112
1
3975
7307
6720
5028
1
9096
8412
5670
1
4868
7041
5591
5639
4286
1
8217
6929
6563
5939
6312
1
9155
1
3902
1
4094
5560
5025
2814
3447
8923
6543
1
3095
3084
4541
6282
5016
2801
3489
4730
2761
1
1
8320
7537
2850
5933
4545
6641
6945
7784
9370
1
4062
1
3116
1
5648
8155
5226
6886
3542
2846
5661
6497
2640
6996
7927
6905
1
9565
1
1
1
6628
9511
9382
1
6547
5093
6076
1
5235
9442
4967
6020
1
4412
2896
5037
3847
6957
3701
6099
9735
9635
1
3568
8796
6111
1
6162
9616
7398
7334
9413
4498
8210
9337
1
1
3724
1
7580
1
5866
1
6470
6151
5614
1
3298
7274
4968
1
9363
7363
8456
5384
4993
6780
7847
5530
1
1
1
4267
3872
1
1
1
7003
5435
7614
9465
7520
4514
3671
8113
5484
6452
9989
1
1
8417
7043
9399
9124
8500
1
9741
5260
9091
1
6693
9162
6550
1
3766
1
7914
1
5496
5964
4136
2609
5097
1
4298
4328
9287
6734
7645
4014
7511
8683
2734
1
7397
7877
7770
3334
1
2971
9033
5084
1
4893
3398
1
9608
7536
1
8370
9405
1
8952
5077
6697
1
8417
2644
7305
3908
8627
3579
4012
7177
6583
1
7244
9930
1
3894
6451
6562
6595
9601
6300
1
1
2677
6582
1
4063
8376
6814
5869
8142
8343
1
1
7746
9792
1
7514
9941
2839
5367
4149
8337
9371
1
8641
4015
6216
8762
9811
8811
8512
8927
6604
8293
7575
5092
1
8101
5163
2552
6288
1
8351
7833
6880
4859
7343
6010
9339
6319
2513
1
5193
1
4109
2708
8392
1
1
3550
5818
8589
4029
9956
4508
1
8363
7456
6391
8753
3601
1
5264
9896
6935
8889
5040
7688
6366
1
9375
9772
7904
3034
9631
5303
4875
5102
7110
6285
3566
3554
5096
7162
2540
1
1
5608
3548
7146
1
8406
1
7269
1
4009
6613
1
7550
6242
4977
1
1
5125
7003
7784
7753
7407
2882
6703
2641
1
7876
4211
6337
9768
6588
6581
1
4668
6356
1
1
6925
1
7041
5873
1
7626
2567
1
9831
8434
6745
4603
7768
4098
1
1
8605
1
9408
5250
8747
3320
1
3058
1
7606
4997
7534
1
9850
1
9685
5904
5476
3249
1
6239
5467
9613
7091
9324
1
1
1
4990
1
8677
9833
1
6250
6799
1
1
3166
5634
6387
3711
6121
6198
3628
4921
4170
8801
1
3398
5392
6128
1
3122
3037
3878
5369
9505
4372
1
4199
6964
1
5035
1
4744
8195
4368
9802
8250
2955
7804
3525
2954
1
8318
7192
1
1
5275
2756
4485
3050
1
2600
6922
2561
4676
2631
1
4949
4207
9878
4431
7302
1
3666
2960
1
6676
8552
3970
4911
3461
5935
9680
1
5197
6181
5758
7289
4915
1
3986
6811
6129
3568
5247
7301
6242
1
7580
9268
8918
6052
8533
8997
1
3488
7951
7701
1
4155
1
4153
3098
1
4163
9376
1
8226
4986
9059
8072
8423
4880
5011
1
2546
2913
1
7066
1
1
8247
3539
8398
4445
2884
9191
6723
7919
1
4417
6852
6137
3506
1
8813
2988
8347
8217
4931
7439
3785
6820
3794
2759
7571
5664
6964
7942
3913
5365
4279
2579
6547
9000
7109
6258
3516
4358
4500
5587
6050
1
9936
5256
1
9550
7055
1
3284
3053
5711
6982
3382
6623
1
3091
7820
7853
9642
1
4647
8663
5840
7480
4415
9204
5412
1
3388
3902
7521
5584
8128
5581
1
1
5023
6696
2805
9005
3338
1
1
9523
5435
9316
7142
8817
1
4524
6302
3707
1
4949
1
6049
7590
4243
2589
3661
6838
9364
1
2658
1
7533
5100
5837
1
1
8450
5107
1
7703
7309
5860
4712
4350
7959
1
8707
1
5581
5969
6885
3848
1
9794
8528
9608
1
1
9553
4541
7188
1
4785
4969
1
1
1
9181
4638
3633
1
5958
3393
9441
6324
9287
5984
9978
6969
1
4324
1
3145
4408
1
1
5914
9416
3915
6603
4821
1
4193
8731
7392
6863
6141
6865
4958
9323
8250
8942
7314
4399
3500
8032
1
4873
2823
5172
2915
9060
1
9096
9412
9888
9232
4088
1
1
5696
3782
4004
3411
9886
8549
5110
3803
7448
5537
7902
1
3482
2612
7045
1
1
1
7738
5323
1
8089
1
2721
1
1
1
1
4647
1
6409
4792
1
5772
5446
8561
5609
8398
7440
1
5405
1
8002
2499
9171
8401
4179
5792
5836
3566
2651
1
9964
1
7824
9678
9492
6321
4278
9023
8458
8565
9520
8632
4081
1
4065
8141
2949
9539
1
1
1
1
1
1
3240
2582
4339
1
2507
2893
1
8761
1
9202
6612
5399
8002
4166
8459
3860
3267
5139
5481
8134
6880
1
3816
1
5568
6455
1
5932
5208
4613
3201
3486
4911
3795
6768
8404
7819
5116
4608
8560
1
9684
1
3775
1
9648
4937
5742
1
3608
4825
8334
8913
8852
4315
1
1
5046
6202
8263
1
1
2754
4613
4160
1
7805
4420
9904
7956
6089
7663
2979
9913
9039
8856
1
1
2999
1
1
6925
4426
5458
3332
7388
1
1
1
1
1
2727
3685
5041
4552
5270
5052
9469
3345
3260
1
6731
9956
9166
1
6547
8504
1
7113
6791
3828
7661
6602
2506
6119
9721
6555
4132
7615
1
2764
3546
6254
9858
2722
3758
1
8942
1
2877
5584
4106
8044
8741
3601
8188
2656
5852
1
2837
8343
1
2758
1
6505
3875
3825
1
1
7074
3311
4202
9648
1
1
5452
1
4645
8032
7273
5771
1
4538
3180
1
3750
2639
1
4791
7853
7427
6295
5746
1
1
4753
8002
9817
1
7216
3243
2953
7490
8125
8025
9766
3503
1
1
4155
4719
2990
2615
9292
1
2581
3236
9116
4596
7732
9793
1
2940
4254
9355
8749
1
9911
6733
1
5686
6344
4757
1
9970
2769
5552
3540
7062
1
8493
3149
2627
5905
9309
9874
3782
1
1
7559
9580
6604
1
5509
5684
3375
1
7792
7608
5015
1
6695
9232
4544
1
1
1
1
7563
5104
1
8737
9632
2904
7520
7377
6215
1
7502
4228
9252
2936
4239
1
3135
1
6422
2567
8973
6589
7855
7043
9862
1
6247
4684
1
5738
8474
3281
1
3347
8307
6391
1
9182
1
2499
6577
3388
4010
3675
8061
5178
1
3971
1
4683
1
1
9074
9953
1
3998
7378
4978
6805
1
5497
6212
1
9345
1
8021
1
1
4459
1
8905
1
6353
9582
6247
1
1
6839
3645
4069
8286
5539
5741
2933
1
6425
1
8206
5735
5777
7937
1
5104
7058
7364
9843
3006
1
7125
6687
1
1
1
8243
2731
9230
1
6780
7652
1
1
5231
9718
1
1
5058
6961
5772
7114
1
7454
3038
3774
2543
4921
4967
3230
3887
3980
2764
8111
3162
3264
1
1
1
1
4741
1
5051
1
1
1
6834
1
8808
9829
1
5706
1
1
5984
9799
6894
1
4067
7364
8350
6171
7678
1
6956
1
9852
1
8907
1
1
5267
6151
7623
8159
6591
3319
3905
3437
9162
5206
1
6500
7858
7101
8356
1
1
2842
8077
4481
9204
8438
4025
2624
9671
3300
1
6522
4566
6686
4166
7498
1
7978
7734
1
5413
1
5887
6711
3638
2790
9273
9665
7879
1
6648
7347
5825
7683
1
7136
5541
5768
1
6676
2934
1
1
2875
9661
9642
4543
4852
9919
6680
2827
9004
2951
6245
4652
1
4566
6427
1
1
1
6300
5845
6789
3682
1
2875
1
6375
1
1
9771
6056
2830
9715
8588
9696
5879
1
9527
6341
1
2927
5072
7609
6017
4971
8766
7474
9222
1
9243
5523
4592
3506
1
1
5137
4191
6504
6398
1
4937
4178
1
5008
6373
9705
3607
3454
9564
1
4323
2640
5630
1
3681
8129
3029
9073
1
8925
4146
1
1
1
9482
1
8534
1
9678
3230
1
5623
1
1
5842
6143
3288
4523
5645
4111
1
1
1
1
6332
9440
7347
7728
3437
8941
8914
7777
7381
7771
1
1
3082
1
5558
1
1
8773
2717
4571
3683
3271
5718
3908
1
5484
9597
1
7909
7488
1
4534
1
8278
5340
2719
2908
7802
4347
5674
7203
9700
2634
3290
3921
1
4130
1
7391
1
8436
5207
4209
1
9436
5215
7321
6209
3346
1
3983
7818
4840
5630
6758
6606
9433
1
9369
5209
9673
1
1
9773
8279
6481
5846
5164
7939
4080
1
1
9157
1
1106
9651
8235
8605
6102
6797
5030
9087
2755
6674
1
2834
6476
7405
6294
8310
4336
7297
1
5068
1
8822
6318
9753
1
1
1
7708
5421
5279
1
9590
1
1
8041
4140
3884
1
8386
3971
1
8926
6982
5811
1
8883
1
4571
3432
6047
1
5696
6070
4997
9768
7280
8303
6406
1
5699
1
3377
2559
1
1
5363
1
2970
2992
5190
6943
1
9482
3759
6090
7120
6622
4138
1
2819
1
6033
3315
6166
1
2862
9377
5070
5647
9723
9067
1
1
2962
7909
1
3654
1
6690
2930
3106
7182
3517
4323
3902
5680
5792
3294
1
1
1
7496
9773
1
1
1
1
1
6869
3400
1
4213
2561
3723
1
6417
4411
9960
1
2862
1
1
8954
1
2637
4124
7501
7960
5952
8229
8081
7001
1
5430
9510
6123
8029
7930
9875
1
6299
8648
1
3423
2669
1
1
1
1
3814
8817
1
5778
1
1
9750
4780
1
8558
9126
4631
2564
4503
9733
6519
9248
7780
7299
3153
3113
1
5476
7965
2735
1
9377
9171
4345
1
5703
8230
7508
1
1
9406
1
2866
2710
4052
9557
3152
7221
8863
7889
4608
3490
8413
4988
8165
2723
5961
9105
1
7000
8561
4184
1
7343
9116
8418
1
4952
3122
3863
3804
9997
8793
1
1
1
9508
1
1
4216
8544
8240
6848
1
7025
7784
6370
4660
1
1
9277
8831
4281
8181
1
1
5648
4508
2956
5416
2723
1
8652
7796
4433
1
1
5599
9826
6802
8311
9122
7145
8489
1
9996
1
8874
7468
8443
1
1
7003
5521
4626
9189
6707
4797
1
3668
6438
3110
1
2773
1
9241
8267
3113
4591
1
9311
3531
3955
6852
7341
2943
6939
5900
8601
1
9505
1
9340
5552
7420
1
9302
6866
7466
3025
9476
9383
3717
8029
5963
8708
8347
1
8877
1
3725
3988
6909
9883
5386
7705
9279
4308
3914
8680
6697
1
8569
3280
1
6571
6928
5522
9109
3930
7461
8347
4209
8712
7014
6437
3692
3677
4896
1
7036
9782
1
3626
1
3758
5550
4032
6407
2679
1
2778
4694
8940
3924
1
4774
7555
5083
6255
7758
3713
1
9900
6443
3311
1
5255
1
1
1
1
9753
1
7618
3155
6197
6399
1
4350
9949
3124
6708
1
6132
9613
1
8275
8935
8577
6017
4040
8468
3426
1
1
9308
8168
1
8701
7436
6583
4259
7461
1
1
1
8320
8471
4828
8178
3456
5777
6062
7434
9231
3452
5071
4607
1
5505
1
5617
5457
5842
6402
5389
9701
1
9876
1
6339
9592
4835
8162
1
8243
1
9248
3068
6173
4179
6738
1
8319
5950
6478
4115
6658
9429
9533
1
7736
4676
8016
6482
4215
6504
8532
1
8205
8850
7123
1
9417
1
5021
5864
5103
7562
3996
7524
6376
4725
9563
1
7310
7865
3544
9324
1
1
4848
3353
1
8602
7774
5467
4802
9678
6660
1
8802
7260
1
4031
7543
4508
7638
1
1
1
7681
1
1
2779
4883
1
4122
6832
1
2796
3303
9080
8831
1
5337
4931
1
1
1
8076
2891
1
4880
1
3237
3638
2947
9208
9270
2749
6330
7508
1
7463
1
5226
5415
4374
4720
8988
6087
2716
7134
5824
5361
6244
2636
9774
8217
6630
2944
8723
8641
7774
7082
8206
8458
9674
4171
1
1
3450
9212
9381
6949
1
5032
4301
6179
3772
3468
6785
9828
1
5849
3076
6576
1
9082
8392
1
1
9433
1
4384
9291
1
1
1
1
1
8355
1
5858
1
8763
7458
1
6361
1
1
7417
1
4900
3552
8391
1
6154
9261
9388
5156
8446
4248
5944
6186
9512
5012
2962
9087
4018
3046
6180
1
7069
8490
7921
9668
1
3490
9091
8401
9008
1
3260
6055
1
8708
6758
7552
1
9257
1
4983
6458
4104
2498
1
2544
1
4193
1
6441
4570
5654
6843
8441
8356
5334
4772
4298
6461
1
8770
1
1
8808
9060
9473
1
3328
7494
1
1
7977
4011
1
9023
3871
5332
5910
4177
4172
5089
7001
3610
5564
5521
1
1
1
5746
1
5597
4460
5444
3260
1
6736
4060
1
1
2667
4290
1
3348
1
9427
6805
4746
1
1
6821
1
4986
6271
5006
5919
6865
9983
1
5662
8293
1
3016
1
1
6843
1
1
8738
8473
4243
3826
7814
1
1
1
6119
8355
1
5965
1
9525
1
2900
1
1
5545
1
1
6220
4619
9395
4490
8756
9737
5051
3997
8021
3865
6795
1
5588
8231
8308
8174
4519
5980
5903
5320
8886
7341
8437
8521
1
8910
6383
3612
2892
4304
8087
8002
5150
8067
1
3065
6039
3190
7156
1
5186
7209
7225
7980
1
1
1
1
3554
4794
7591
5807
4797
1
4334
1
4838
3976
2600
6976
8076
4827
6962
4817
1
3191
1
1
2683
3213
6062
6227
1
7738
6796
4586
9447
9585
8445
1
7826
1
2886
6656
1
1
3802
4153
7361
3856
9812
1
8481
1
9482
4901
9238
9515
1
1
8939
4962
9816
1
7280
9166
3861
6785
1
8797
5834
9270
2896
3267
5340
5312
7894
4139
3350
1
4132
8972
4693
4051
7049
7693
3876
7686
1
9431
5168
4090
7279
1
1
1
3652
5549
7778
4640
9829
9535
1
5316
1
8213
9699
1
6653
3969
5880
9216
7188
1
1
4041
1
1
8031
9657
9571
5313
7119
4396
7476
5885
1
5063
1
3380
1
1
4724
2972
6585
1
7751
6806
4615
1
3339
2976
1
8839
6784
2790
6967
4265
3209
3481
1
1
6940
8481
9264
1
4345
1
7105
8469
9785
9991
6121
6470
1
4668
3607
1
1
9506
5633
9029
1
2940
1
7917
1
4475
8300
1
1
1
3322
4782
7446
1
7326
8250
1
8010
8532
3044
9589
9809
9169
7641
5087
9723
4412
4056
7525
1
1
8222
5648
7122
8566
1
1
1
7576
4178
1
1
8688
7238
9053
1
8227
5552
1
7200
7844
2743
5298
9018
2556
1
3737
3352
2798
1
9023
1
9906
1
6541
7853
1
7532
8593
9032
5535
7252
3417
5872
6010
8521
1
8159
1
1
6551
1
4878
4291
6021
4313
7701
4185
6115
9713
1
5941
1
1
7173
1
6414
2795
3833
2573
1
3851
2985
8520
1
7460
1
1
1
1
5648
9880
6186
6957
8125
8666
1
3744
6069
6837
9409
4312
1
5181
6064
8739
4370
5182
2532
7351
1
9528
1
6206
2898
1
1
3708
5606
3734
9370
7414
7317
1
7208
7353
6564
3306
7939
2702
5264
8262
1
7508
4367
9592
9528
9825
9174
4728
1
5433
7082
4901
4790
7057
7872
3718
9932
9412
4706
5195
2937
4006
6393
9242
1
7727
8077
2989
5717
1
1
4338
2508
7868
5542
5384
1
5922
3702
1
7036
8606
6031
3897
4222
9143
9805
6992
9377
6385
7979
8272
1
8880
1
1
5704
6070
9071
4357
3121
1
5136
5142
6454
3149
8452
3711
1
1
7433
3026
4501
5792
6505
5863
5850
2749
2715
9051
1
7311
7384
9834
9372
3342
6318
9565
4607
1
1
6578
8046
1
8919
1
5993
3856
4360
9784
9976
7976
1
5997
4398
9922
1
1
4599
3498
7069
3619
1
8002
5224
8677
5954
1
5032
9439
4583
6903
9325
1
1
5223
8085
7736
5323
1
3320
7367
1
9449
2754
1
6551
1
4949
4387
5542
8099
8548
8514
9170
7974
6100
7981
4762
9130
1
1
1
4181
4688
3964
8388
2576
1
9695
1
3986
9562
1
1
2802
5480
4568
7327
3756
2909
3946
5560
5089
6704
5010
1
1
8172
9224
1
9223
6774
4146
1
2992
7169
5726
8072
1
6445
3927
7330
1
3409
1
4574
8974
1
1
3746
9451
3752
1
4149
6509
4806
3117
3820
7416
4137
4608
9455
6019
4904
7310
6979
3190
4892
1
7195
4675
1
5748
3185
4049
1
3052
9491
2682
1
1
6430
8110
1
9290
3577
1
5478
1
9241
5060
1
3573
4603
4466
7569
3659
6523
9025
5997
1
8257
1
7805
9901
1
8583
5950
1
9426
7055
9491
1
8255
1
4974
6420
4371
9085
1
4447
8106
2572
1
3994
5500
8972
1
9208
4799
7090
9053
4515
7830
9497
8064
1
4013
4455
1
4301
1
6235
1
1
1
8122
1
1
9009
7706
5342
1
9447
3204
1
9665
3820
8804
1
1
5169
3815
7749
1
1
1
9948
9966
4470
1
7326
6157
1
7963
1
1
8493
3830
8485
4405
4460
8467
4077
8476
3437
5168
5599
1
6765
3463
6944
3264
6995
6077
2491
6013
4811
7580
8070
5115
1
9570
7048
1
6830
5264
2618
8086
3748
1
6689
6315
6738
5982
4497
2938
5804
8593
2579
8632
1
4886
7641
1
7193
3442
3056
7177
3199
9126
3393
1
1
8902
7862
7680
4434
3895
8902
9471
5654
3320
9354
4686
4536
4098
6202
8292
4956
3318
3839
4030
1
9253
4513
3535
6907
7191
5404
1
5889
1
5397
6751
7830
1
2649
3697
9939
1
6351
1
1
8500
8902
1
4480
3646
6530
6754
4083
3910
8846
1
7617
7689
2998
1
6388
1
1
5200
1
1
8494
5516
3113
8933
9431
1
9628
3830
3679
3360
7529
3956
1
5433
6571
7417
2711
2804
5255
3271
3729
7144
1
8370
8024
5284
6771
2671
2502
9102
8053
1
7786
5230
8265
1
8183
5696
1
8669
5600
3046
8774
8385
5130
5192
5313
6598
1
1
7536
7953
7964
2865
9504
8268
1
3550
7264
1
1
9122
1
8822
9789
8130
8136
8714
1
3088
2690
4001
5253
1
8326
6143
1
4155
5935
1
1
4787
1
9434
7395
1
1
8980
4763
6353
1
3637
9653
1
1
3392
7351
1
5061
9342
1
7021
8975
7904
8103
4699
5753
1
1
1
7902
9989
9459
5287
8684
2699
3749
5822
3253
2892
1
5797
7346
1
1
1
1
1
1
8774
3733
1
4327
3028
1
8491
8237
6970
8739
1
1
5213
6593
7700
6324
1
1
3648
8877
5912
1
6308
4363
1
1
4468
6089
1
4319
8396
1
1
6196
2715
2753
4049
5235
5739
5920
5736
2997
1
6716
1
6955
5172
4349
8100
5682
1
1
6297
9842
6724
1
6671
8637
7963
5627
1
6818
8799
8036
1
8125
9639
8055
6239
6789
9834
3131
1
2984
7287
1
4839
8788
5326
9329
8531
6175
3784
7668
1
1
8650
3364
5318
3186
4574
8825
1
7010
6973
9072
3418
8864
4634
1
1
6999
7520
7561
3158
4528
1
1
9349
4230
5236
5708
7891
1
4552
9692
1
9806
1
8376
5558
4711
6745
5903
3475
1
4802
4458
4701
9854
1
4861
7761
5172
9365
2952
8038
6779
3770
3531
9206
1
7465
1
8652
5826
8583
6763
6703
5975
4713
9826
9945
5619
6771
1
3147
5235
2918
3798
1
9991
1
4889
6640
7682
4774
6681
1
5356
7371
7369
1
1
1
1
4202
6921
3687
9697
5894
8920
3995
5301
1
1
1
1
4160
1
6158
3180
1
4864
1
8734
7338
1
8988
1
4753
7155
3999
1
8975
2804
9513
9782
1
7380
1
5837
9475
4028
8851
5980
1
4667
2995
9708
1
1
4217
7235
5235
7995
5768
1
8715
1
6598
1
1
4494
3015
1
8992
3352
1
3800
1
1
5233
7705
9541
7244
7161
1
1
8777
1
1
9931
3491
7293
6617
6541
6263
6333
1
3462
9297
6398
1
7536
9254
9795
2878
8360
1
3915
2594
3630
7782
7886
5789
1
3092
9277
7487
6410
1
6212
1
7237
7500
8674
7015
7178
3935
4207
4722
6195
3033
4718
7332
5284
7956
6362
4717
8822
1
6558
4681
4698
3358
2974
8876
8947
7218
7377
7444
4564
1
3425
1
8776
6574
7268
1
9244
8976
1
4858
4110
4337
1
8483
1
2846
5306
1
5688
6822
1
9192
9501
8593
9734
2535
1
4493
8683
7537
1
3156
5124
8641
9554
3139
7443
8844
6830
3517
8363
3420
1
1
8966
1
1
1
8898
6151
5244
9080
5667
6287
8585
1
7368
1
8869
5297
3655
2781
1
3887
3641
1
8192
9810
6083
6912
8540
9731
3209
8189
6937
9722
6554
1
3945
6488
2492
3737
1
5170
1
1
3419
3536
1
7718
4035
6443
1
7942
6616
5595
8518
1
9818
4977
3212
5634
4235
1
3741
1
7693
8367
3128
1
8632
1
9883
6800
3861
4652
1
5150
7080
1
1
5995
1
1
6236
7862
8663
6648
3555
9219
4697
8115
3135
3001
7920
7063
6786
1
2661
7765
6016
4758
1
3572
8910
2741
7823
1
2894
4397
9387
6743
1
1
1
1
9117
5870
7748
4246
7092
1
3001
9515
4643
1
8763
6012
3498
7077
1
3510
9179
8693
1
9091
6535
5357
3621
8743
3796
6172
4883
3998
6522
1
6933
1
8167
1
1
8247
8119
2729
9010
8380
1
8861
1
6271
5447
9869
1
9573
5473
4292
9458
4638
2572
2885
6405
3330
6343
3962
1
2626
6652
6212
5591
8725
7732
3135
7567
4474
3661
4999
5056
8782
6510
1
9133
9570
5431
2813
7759
3157
1
1
1
5183
5748
2798
3979
1
7463
9003
6560
5946
8346
5726
2786
6226
7742
3238
5870
4106
3987
1
6551
5628
4816
5810
5931
4213
1
4791
1
2702
1
3173
7638
1
1
8731
1
4548
6365
9068
8523
1
3294
1
3195
6276
4846
7104
3037
6367
1
7267
9186
3666
1
5418
5209
7175
8359
9326
4748
6805
5086
5283
2498
8756
4865
7786
4952
5267
1
5819
5658
1
7594
7389
1
1
1
7933
1
8350
8693
3964
3593
1
1
1
7531
3475
2975
3572
1
1
9237
9908
1
2871
5876
1
2695
1
9529
1
2907
8152
2515
9782
9038
4741
9398
1
4353
3612
3005
9421
1
5345
3405
9168
4234
1
1
5327
7967
1
3143
5321
4660
1
8856
8278
8848
7225
1
9446
8854
9485
3910
1
6838
2918
4506
1
2837
5121
4148
8508
8286
1
1
2644
1
4984
4252
9909
7410
9417
6716
8999
1
6292
3216
8892
6059
9402
3809
3211
3474
9315
5345
5720
2982
1
7647
1
1
7626
1
1
4483
8380
4746
5845
9558
9913
4962
4215
5787
1
9760
1
1
1
7317
5950
3348
4398
7582
4488
3021
7083
8156
5447
9157
1
8891
1
5678
3308
1
1
1
1
7811
1
3435
1
1
2493
3195
6892
2778
3657
1
2872
1
5167
1
9250
5708
3581
9127
6872
6643
4196
6898
3926
2537
6138
2344
2663
3369
5614
7827
5813
8717
4971
7071
1
5045
9106
9933
8820
3293
8576
5728
1
4783
7509
7752
8176
5378
4381
9261
5848
4259
3626
4631
9684
4140
7238
8537
9497
4376
8164
2615
8373
9473
5634
8222
8756
2539
6359
4878
1
1
1
1
7858
8786
7244
7163
5451
8046
1
6391
2518
6716
2797
1
3363
1
8339
8108
1
1
5729
7185
9613
4431
7571
7989
3085
1
7087
1
6330
1
1
3650
1
6966
8463
1
1
8009
2682
1
3139
8623
1
6272
1
9674
4835
1
6851
1
3207
5975
4350
1
7328
8473
3559
7899
8486
1
3544
1
9360
9576
6487
4558
5172
2590
7087
8320
6768
7897
2555
4360
3842
1
5099
4053
6330
3561
4776
7077
1
3145
4628
8422
4782
4734
8306
9120
9645
4508
7707
9260
5294
6609
8832
6946
3221
8474
8111
1
1
8259
8020
7496
1
1
4374
4822
8215
6650
1
6348
3022
9587
4421
8586
8802
4401
8179
8994
7858
3217
3745
1
9779
8927
7759
9154
1
1
5373
3864
1
9811
8293
7294
6344
7327
8699
6763
1
1
1
9455
1
7167
8203
3599
1
9794
9136
4384
8130
6436
3523
8150
7264
1
3333
5577
1
4654
2984
3520
4231
1
5563
1
6145
9746
2989
7098
1
6576
1
7449
3733
9862
6027
2607
1
8242
6278
6279
5459
3613
6733
1
5421
9905
7927
6202
3910
7574
3874
1
9165
2921
9982
1
9647
3924
5144
3654
8095
5257
1
6593
2829
1
5333
4660
3473
3694
3095
1
7663
7230
6648
4427
3769
3849
3025
1
8173
3750
7408
8697
9619
4941
4969
9030
3375
1
5410
3821
8866
8103
4547
3047
3381
1
9233
4814
9076
3950
5837
5004
8427
1
4471
7182
4586
9133
6429
4249
7938
1
1
5665
9898
2494
3176
8406
8173
6289
8554
3901
5114
4942
9742
1
6789
1
9922
9458
7427
6674
6749
2493
6103
5226
1
5452
8052
9749
6191
5926
6652
1
1
6970
8875
8200
9767
2961
4745
2743
8591
3443
3465
5480
9937
8643
4840
6052
8591
3773
3961
7383
3285
4690
9627
5106
2790
1
8328
6431
5149
7852
1
8731
7679
5221
3139
9427
6339
1
1
1
5530
9453
5091
1
7646
4201
1
4999
9497
1
6414
1
6477
1
8315
3887
5241
1
7907
3697
5965
1
8039
1
1
8169
8935
1
7931
9094
7630
4670
8820
1
2525
1
8183
7112
1
7216
3587
7111
3547
1
2559
6198
1
1
1
1
1
7772
6728
4693
1
6524
1
1
3766
7573
1
1
9291
9018
9194
1
5866
4292
7408
3772
1
1
1
2775
5114
9710
7942
3955
6263
8153
3234
3564
9520
3300
5313
6902
7723
3098
4133
7401
1
7338
1
8731
3287
3412
4323
7292
7493
1
2690
2782
8184
4271
5809
3683
4350
1
1
1
8331
1
3335
5771
4867
9476
5696
7985
7412
7064
1
7047
5815
1
6485
4419
5392
6491
1
9036
1
4937
9472
1
4838
3479
1
3852
1
5884
8332
1
4996
8942
1
7530
1
9981
9255
9399
1
1
9344
8054
6058
1
3894
7916
9811
9821
5625
4488
1
1
5080
6739
6499
9054
1
8852
5654
9860
7882
4371
1
5740
4424
1
1
1
5556
9348
3019
5530
1
7440
3647
4929
8388
3107
1
8867
8058
2819
2732
5741
3523
1
8887
6967
7622
9279
1
5325
7954
9370
6434
2825
1
5578
3103
2761
2609
1
7425
5211
1
3798
9656
1
1
1
1
1
2680
1
9244
3729
4037
4040
1
6682
6425
5752
3141
5565
8544
8404
9014
1
3513
2671
1
9610
1
9199
4448
1
6002
6916
1
1
4190
9800
4802
5712
8121
5502
2703
1
6685
9501
8070
5960
6511
4927
6356
4640
4808
4764
7981
1
3225
3580
8024
2793
1
4338
3620
1
7933
7559
1
2426
6752
5304
4313
8838
1
1
4078
9793
4454
7611
1
6559
1
4856
1
9175
6852
1
4893
4169
8924
7677
3868
4411
3919
8364
5080
1
1
8527
1
4591
1
8988
9110
1
9462
8543
2719
3481
9708
9080
5573
1
4776
9542
6168
1
9022
3282
5423
6933
1
3563
2684
8315
6258
2593
2855
1
5763
1
8807
3787
1
8217
2735
7617
8543
3303
1
1
9966
9680
1
3535
5014
7363
9623
7786
1
4642
4584
8145
4575
1
2735
8051
7032
5335
1
6025
4786
3619
4651
7763
5651
1
1
4267
5161
4245
6963
1
2780
9101
1
5797
4636
4025
7195
5942
8783
3898
2549
5424
9283
4616
4280
6226
9305
5409
9947
7320
6271
4787
1
3063
3764
1
9284
3104
1
6953
6918
5916
3275
7114
5568
4309
7214
9319
2677
1
1
5454
1
8594
2502
7023
1
1
7277
2688
5278
6400
8825
6658
1
4715
3241
6090
8215
1
3372
3765
5671
1
6030
6129
9056
8580
7633
1
1
4754
8985
6116
2613
1
9318
1
9492
2641
1
7488
6589
3639
4401
7581
7483
1
2867
7594
6151
1
7830
1
8077
5644
8914
7151
6686
7962
3030
9651
1
8608
5423
5440
1
1
4235
1
7219
6875
3100
7254
4426
8054
1
8591
5573
4518
1
7501
1
1
5132
7307
1
1
2520
2602
2737
2627
1
8138
1
2943
2903
5329
3355
9924
6180
2622
6349
1
5662
4289
1
3496
8300
5052
7633
4390
6428
9616
1
9765
4567
8877
7858
1
1
6634
3650
4558
8655
8115
3787
1
9932
1
6461
8501
7866
8386
6711
1
4810
9102
1
9110
1
9235
1
1
1
9752
5667
9271
1
6465
6875
4221
6864
7944
7734
4389
6525
7992
8929
9642
7253
3906
7424
3031
1
5826
1
4765
7101
7402
1
8963
1
4645
1
9612
6500
6948
1
8745
1
6433
4228
7558
7166
1
2845
6531
2525
8028
8700
8619
1
1
7194
4665
1
1
1
5779
1
1
2727
4106
1
5956
9384
9141
1
1
8382
1
4094
1
4145
4512
3091
1
5518
6161
1
6371
7942
2514
1
4390
1
5426
1
1
5881
4388
7360
3405
3134
6569
4846
7262
1
5487
5892
6543
1
1
4765
8104
1
6473
8050
1
3529
4580
9661
4959
4341
7913
1
1
2551
1
4476
8180
9960
1
3325
5331
3808
6535
1
7874
1
5190
8118
1
7226
5281
1
4621
9065
6315
5270
2509
9922
9865
7157
8627
1
9267
1
8284
5061
9928
1
7344
5857
7440
9508
1
9817
3422
6964
6724
1
7648
9750
6456
8507
1
6812
7517
6871
9902
3926
6746
3980
3158
9625
2654
7563
3670
9161
1
1
8053
5244
8442
1
7294
1
1
6527
1
2571
5989
1
6035
9777
5703
4507
7810
9365
7897
2857
1
9746
1
4604
1
7941
8956
1
6739
6215
3581
2532
1
9989
1
9575
6282
5145
8351
8290
2760
3465
1
9569
4551
5754
2879
1
7402
3171
1
5040
1
1
4440
2927
1
4672
8801
8488
1
1
8061
6075
1
7660
2584
1
492 5275
905 8707
583 5459
412 4408
780 7820
673 6824
946 9974
54 532
402 4261
902 8830
953 9865
86 794
541 5752
129 1303
929 9126
693 6608
110 1137
354 3603
55 540
684 6240
570 5692
409 4009
758 7647
612 6270
177 1930
562 5662
485 5270
697 7013
587 6304
631 6389
389 4294
875 8732
850 8598
928 9753
772 7566
734 7129
895 9492
292 3170
624 6393
33 343
614 6527
490 5038
194 2021
143 1532
765 7658
182 1842
617 6212
436 4282
347 3633
733 7855
736 7759
294 2908
837 8063
358 3600
462 4608
747 7394
12 125
1002 10000
184 1841
35 354
159 1719
643 6136
831 8149
390 3887
29 271
191 1916
786 7609
570 5935
512 5478
880 8829
529 5128
64 682
227 2201
518 5515
181 1712
466 4739
811 7825
793 7669
1016 9577
539 5740
694 6806
288 2783
95 941
146 1510
140 1388
862 8292
607 6093
683 6869
910 9330
1010 9358
183 1959
95 1037
378 3841
305 3322
1044 10000
91 938
715 7145
664 6610
2 21
671 6982
1024 10000
713 6952
73 691
612 5701
819 7894
629 6610
345 3429
126 1273
267 2798
930 10000
203 2073
442 4638
76 813
904 8926
7 76
226 2220
585 5919
399 4209
746 7749
6 59
882 8482
556 5941
335 3402
817 8440
345 3556
866 8797
384 3900
963 10000
757 7153
452 4621
605 6068
721 7468
973 9455
215 2201
117 1236
796 8470
76 752
140 1360
132 1338
215 2248
649 6263
814 8108
764 7811
621 5827
16 153
700 6539
606 5691
197 1946
884 8458
852 8659
133 1307
113 1046
8 72
440 4136
130 1230
786 7963
713 7316
562 5633
849 8711
497 4864
888 8724
41 425
655 6250
204 2008
456 4852
34 342
685 6856
641 6099
255 2793
584 6007
112 1099
24 235
20 200
468 4851
646 6239
635 6042
395 4206
548 5845
605 5882
308 3273
280 2692
854 8334
51 530
526 4943
841 8279
556 5611
323 3292
567 5400
842 8583
980 9427
220 2138
834 8706
53 548
34 324
512 5032
762 8337
393 4167
848 8611
494 4852
730 7081
558 5305
686 6687
148 1421
616 6111
711 6990
846 8656
846 8135
934 9386
206 1945
910 8771
70 703
649 6801
283 3050
271 2720
587 6300
920 9349
67 668
196 1836
752 7868
334 3480
161 1607
640 6943
7 78
155 1698
601 6266
763 7841
524 4854
129 1205
624 5904
291 2896
362 3472
105 1052
331 3199
411 4340
781 8127
159 1456
328 3282
846 8361
725 7139
677 6883
100 1027
655 6485
78 791
809 8025
419 3876
314 3043
476 4975
464 4630
1029 9447
613 5807
563 5155
592 5714
649 6872
216 2323
807 7385
48 457
391 3850
112 1114
16 146
965 9321
672 6754
348 3576
578 5665
470 4396
318 3111
539 5249
911 9260
787 7948
203 1895
243 2285
24 236
790 7621
91 875
160 1693
300 2867
334 3562
908 9332
18 186
98 985
5 59
233 2357
913 9130
284 2805
289 2787
656 6084
283 2809
34 339
424 4091
757 7369
451 4381
268 2601
598 6228
384 3675
276 2624
456 4708
1031 9608
109 1106
79 761
271 2816
682 6811
14 133
405 4032
184 1979
48 455
54 555
819 8267
621 6047
477 4728
475 4790
846 8260
280 2797
114 1151
233 2384
197 1832
154 1532
357 3528
334 3506
224 2328
270 2796
411 4208
753 6958
574 5876
375 3581
1014 9727
642 6569
830 8974
816 8165
367 3649
761 7728
267 2572
44 449
550 5578
616 6140
144 1420
469 4406
928 9579
259 2727
231 2171
801 7783
733 7450
420 3922
12 110
784 7534
887 8917
63 629
540 5492
930 9431
804 8690
434 4148
398 4140
668 6922
692 6977
777 7320
528 5125
668 6256
371 3515
699 6663
410 3957
886 9582
378 3540
440 4562
51 527
154 1630
79 774
991 9887
864 8928
582 5979
795 7757
805 8343
501 4858
420 3892
451 4736
848 8352
103 1133
369 3594
365 3342
997 9544
614 6412
1 9
969 9562
12 106
606 5939
97 1029
128 1355
931 8966
708 7467
952 9938
741 7423
478 4821
827 8264
225 2194
243 2571
529 5123
459 4508
497 4928
14 145
998 10000
636 6758
130 1262
147 1520
774 7576
582 5658
505 5205
156 1624
897 8531
931 10000
243 2464
729 7349
327 3147
130 1348
853 8945
920 9483
746 7404
822 8190
353 3467
20 201
722 7183
101 1042
353 3616
407 4092
665 6611
548 5356
870 8637
708 7398
923 8526
486 5055
50 526
671 7004
443 4188
889 8836
31 307
338 3215
378 3636
689 6838
107 1090
766 7648
444 4488
491 4816
415 4504
75 732
218 2168
881 8384
963 9617
610 6273
90 908
674 6819
941 8581
198 2054
283 2974
359 3567
215 2275
711 7159
859 8947
737 6902
850 7898
207 2163
524 5265
780 8062
549 5451
666 6779
39 377
173 1790
633 6442
728 6721
945 9499
763 7336
166 1684
148 1344
675 7104
578 6307
383 3750
317 3148
524 4822
538 5170
521 5086
195 2136
869 9225
556 5346
708 7504
329 3445
793 8068
690 7261
407 4028
629 6127
449 4456
1020 10000
840 9112
538 5708
979 9275
543 5613
475 5032
559 5344
194 2026
339 3279
250 2595
149 1620
308 3219
76 723
881 8456
44 434
