2014 500
6139
3044
4629
1
6620
1
9206
1
1
2364
5662
6989
5016
1
8524
5297
1
5756
1
5115
4637
2094
8635
8431
1491
9951
1
1
9582
2295
8655
7583
1
5005
1357
4230
8606
1
1
8963
1
7191
6305
1
6875
9868
6580
4109
7069
7708
1
1
1
2284
3950
2207
7903
8927
1
1
1
2020
1
2879
1794
1836
7923
9463
1
2565
6484
5001
3502
5170
8383
5070
2190
1
1
5764
3104
2950
6506
8167
8405
9691
9697
1
9156
6280
1
9618
1654
4570
1
1
3172
5537
7581
4605
1
1
4045
1
9448
1
6784
9984
1632
8583
9281
3537
7447
7011
7135
5979
1
1192
4100
1
4429
5887
1
1
2307
6879
8491
2941
5207
4409
6123
9765
1
8129
3064
1
9143
1
8084
2670
3365
4926
1
2484
8833
3604
1
4527
2573
1
1
3104
1046
1
2535
1
3704
6164
1
5103
7628
7551
3562
6160
1
9030
5819
1
6951
1
2554
3649
1341
2169
1
7538
4754
1
9395
8075
4923
9740
1
7790
6383
9389
3017
1605
1
2207
3798
3470
9920
6892
1
8566
9217
2024
5582
1
1
4281
5765
9968
7351
4729
5971
1
6755
4999
3896
2031
8705
1
2513
9128
6600
1
2252
4579
1
7196
5649
8416
2436
1474
8365
1
3851
4325
3516
1
1
4856
5295
3226
1
2137
1
1
8865
5135
6319
3249
1
1
2585
5563
8946
6697
3996
9475
1
1144
1
4644
1779
2815
9373
4701
1670
1
7008
7031
5936
1
5874
5806
3422
8350
6200
9146
6405
8188
6735
8845
1
6923
6057
4782
8380
7402
1
7970
3588
1
1986
8446
1
3725
1
1
7473
8689
3880
1
4885
1
6117
1
3122
1
9999
1
1299
3888
3016
7352
1
1
4618
1
2441
6899
8939
8752
1
8338
7997
6002
9177
7408
1726
1
6640
1
6035
1444
1
8155
6649
2049
2647
3340
1
1205
6205
1
1
1
8702
8047
2850
1
1
4428
4832
5097
6016
1
7390
6803
1710
9951
1
9238
5649
2234
5606
4891
1
5444
9334
1391
6216
4173
5640
3525
1
7950
9910
3397
8568
7222
1
1
7560
5569
9746
8407
5692
8257
4582
2464
5690
1753
1
6439
1
2560
1934
1
5266
2784
1
4135
8800
7490
1227
1668
9367
6606
1518
1466
8205
8231
8888
3515
7589
4070
8351
1
1
1
5468
1259
5436
8723
9417
3624
7091
2930
6379
2521
8643
7069
2827
1606
3372
1491
3844
7530
1
8769
6514
1
1
8794
7612
6871
8018
3742
1
1
2391
6783
1
5504
1
1
9085
1
1972
7459
7721
5856
5838
1
1
5237
7645
5909
7790
1
7152
2809
1
1
4652
4426
1
4472
4115
1278
2685
7614
7522
6396
5943
3747
1
1
7886
9908
8385
1885
1269
1
1227
1809
1
1
1
1
1
1
5864
7649
1
1
1
2448
1
1216
9828
8293
1
8205
1
2502
6193
1
1461
1
5834
2354
1
5938
1560
8489
1
4573
1
4552
9749
2361
4209
1
1
6069
8144
3986
1870
7520
9139
1
7575
9868
1576
8019
3202
5692
1988
7102
5021
4877
5337
6326
1
1
6642
6562
4751
8785
1
5246
6326
5176
1
3874
1
9018
8449
1
1
4808
5626
3818
1
6851
7697
1
1
2723
1
4618
7064
1528
5070
6358
9783
9530
9983
5908
9416
5356
5272
4536
1
7506
9202
2937
1
8281
3165
1
4865
2889
1
4780
8246
9296
8740
3316
1889
3048
5464
8983
1
1
6774
1
1
6560
3715
1
2331
1371
7225
9970
1
5097
1
1
2612
6854
1
5466
6718
5535
1
5955
1804
1
4898
1
8194
1
7090
8985
7801
2966
9658
3241
1
3483
5493
5447
1718
8675
5797
6319
9601
4209
6286
4344
5283
2168
1548
1
2985
1293
8329
6362
1767
8902
1
3773
1
7229
5156
1
4345
1
9225
7412
3003
9548
1229
4750
4828
4875
7479
1820
2131
1871
1
7960
7050
1
9264
4615
5732
2624
1
1
1338
4974
7991
1
9148
2166
4322
4522
5559
1150
5116
9020
9415
1606
1
6184
7392
8701
1
1181
4191
1
3941
2462
6231
6866
1
8052
5188
1
4365
7250
4041
4798
1
1
2895
5517
2337
1358
9373
1
7671
3351
9430
8734
2459
9896
4960
7464
9818
1
1
1
3032
1
3628
1
6615
9497
2701
3508
9064
7253
9676
1
1424
1
7892
9222
1
6763
1
1
7195
6294
1
1
1735
1
3660
5295
4991
9255
6422
3280
1
1
4912
3615
9558
3358
9108
8893
9272
7029
1344
1
1
2318
2910
9959
1824
9310
8946
1
2176
5161
4400
4458
2873
9484
4293
2594
1
2185
9847
3229
1826
8263
9268
1
6517
3199
3110
6828
1750
6146
4115
5203
1
3274
6587
1
3830
4236
9688
7997
4444
2761
4684
1
6267
7124
1
8687
5334
3970
3632
8554
1407
1
8629
2301
2612
7516
7856
6667
2425
5766
1
2031
1
1
4456
7827
1
7794
1
9378
6423
1
8472
3307
4511
6682
5336
2244
7968
2693
9255
2342
5221
6801
7695
7925
1874
7000
2725
5911
8763
1
1
9086
1
9506
5986
2079
7840
1
4722
4284
7331
7325
1
1
1
1
1
8084
6722
1159
1
3884
5690
8302
5019
7375
1
9529
5231
3621
6958
7475
2913
1
1
1352
5420
4933
8929
4270
1
9792
2055
3362
1845
8044
4688
5657
5199
7881
8664
1
7055
1
1838
3266
2511
1
1679
1
4707
4015
3986
1866
1
1
2097
1
5822
6455
2708
7843
4579
1
7162
4964
2116
1
1
1333
1
2078
3802
3825
3433
2097
1701
1
3297
3458
1
3735
1
1
9856
3995
3766
1
1
1
1
8032
1
8581
1
7456
1407
7160
8487
8992
2002
3849
2772
1
1
2409
3781
7203
4554
7875
1
1526
6170
3399
5534
3644
7912
4808
9486
2848
1
7863
9323
1
6530
1
1
8004
1
7432
2542
1
3898
1
1
9707
6496
3283
9181
1
1496
3058
1
1
2434
8893
1451
1
6787
9097
8455
1
1
6441
5272
4056
3661
9567
2208
5830
5139
7764
1
1269
2592
1
1981
7943
3180
2753
1
3300
1
8140
9516
1
8597
6694
3899
1849
7748
8996
7350
3716
6982
1244
3709
7303
8401
9573
1964
7672
9674
4543
1
1
1815
6134
5076
6822
1
1207
5724
3139
1
7530
7087
1
1
8857
7715
5927
2146
6210
9717
1
3555
9668
5221
1
1
7965
1
1
5686
1
8175
8529
1
5667
1
1
4012
8396
3012
8273
5122
5457
1
5747
2892
7317
1
9647
1
1
6726
2608
5248
1
1
1
3134
1
2863
4762
1
3490
3668
3243
6077
6054
3104
3330
2003
7467
1
5410
1
5394
9578
1
5370
8103
3432
5894
3108
4186
8761
9467
5523
7935
9347
1512
5871
1
1
1
4987
9543
1
9076
9536
6255
9400
1
2154
9003
1
4720
1
2302
8873
2617
6411
1
1
1
4135
9786
3508
1146
1
7084
9217
4697
1
5759
7774
5325
1168
1
1
3340
1
1
6431
5050
2750
1
6012
3384
1
9915
2833
9118
4527
9909
1
9202
3830
1
1701
4246
1
5367
6556
7755
1
2988
8127
2118
9810
7426
4450
2067
1
7403
1
3149
1113
9026
7772
7681
1
2492
1
1946
3578
6659
2631
4904
1
8470
2918
1
3808
1
1322
3085
1
1
1
6900
1
6451
7558
1
1
9853
2234
1
9592
1
4551
7344
9349
6235
1
1
9624
1
8178
7810
1
1
6098
2802
5101
4136
8492
4350
5582
9459
5817
3913
9723
6697
1
5370
5483
3661
1
4911
7246
4672
9487
1
8303
6486
1352
3214
1402
1
4203
1
4366
2798
1
5431
9600
1
1
5370
6311
1
4363
6374
1
5307
1
1
5495
1630
1
2237
5014
4931
1
1
1
8655
3741
1
2496
7783
9288
6987
1696
4236
4352
3791
2658
9432
1
9623
7232
3525
8565
7914
2994
7762
1
1
1
1701
3592
2379
7174
4952
3571
9883
9938
5908
8514
2751
483
4665
7849
1
1
9041
2479
1
8109
4975
6095
1
4496
1
1
1
3058
7375
2270
8344
9052
4180
4629
4864
1
2835
5945
1
4116
1
5186
1
6658
6586
2716
1
4780
8784
8595
2022
2980
1
1849
1
3362
5056
1924
8919
7188
8051
4375
9726
7568
8161
7437
4694
9842
3542
5415
6622
1
4290
6467
8650
1
1967
1
8478
2270
3758
5574
6019
1299
2898
6634
7263
6708
1
5986
4010
8324
1
1198
8229
1
9052
3069
6890
1173
9387
4471
6781
4300
3417
1437
1244
8781
8607
8653
9068
1311
6008
1
2668
1
2536
1
7594
9334
1637
1
3917
5362
6772
4822
9451
8036
2371
6911
3419
5797
7181
5515
1
4281
3841
6961
6928
8784
7484
9013
1599
7167
2640
1
1
8830
3481
1755
1
5040
8938
1
1554
4805
5243
8882
2358
8625
5704
1
1531
6084
6262
8119
6095
9320
1
8115
4838
6323
4961
6961
1248
7021
8223
9900
7142
7807
4476
9771
7638
6074
1
1890
4251
1400
7744
2954
4576
1
1449
3977
5075
9810
8148
8805
4331
1299
3684
1418
1630
1
1
1
9682
1558
7978
5987
2581
1
1
7925
1
3698
1
1597
2496
8826
1
8504
2145
1
1
7701
1
3772
9315
8754
9818
7144
8849
3121
2733
8620
6119
8362
1
1
4078
1
2987
4490
5426
8551
1
3555
5784
1
1
1773
5510
2200
9336
6537
1
7289
1
1
2852
2563
6512
6950
5289
5877
3581
8978
6569
1
4217
4756
6232
2348
8510
7284
1
1
5579
1
4078
1
6185
6753
2288
1787
7596
8713
8872
8290
1960
6942
1
1
1649
4677
4179
3449
1569
1
4154
1384
5393
4496
7104
8189
1
3211
1993
2127
4320
1
1
8306
4209
1
9513
3327
1169
9100
2074
6284
6815
1
3657
7863
9638
1
1
2712
2737
3310
8307
6735
6743
1
1
6836
6936
1
1
1
1
1
8912
3444
5606
3188
5066
3610
5332
1
1
7958
2800
6396
3229
1
1
6598
2793
1
3463
7277
3384
1468
1
9548
1
6247
4604
4093
1203
1
4441
1
7605
2408
7017
1
1
6830
8263
1
8238
1
7339
6988
9181
7275
3157
1
6092
9884
6498
1
5570
1
8963
4264
8068
1
1
1
1
8092
3948
6024
1
7283
7708
8543
8062
7414
7368
5632
7131
3246
1
1
6238
5181
9359
1
4272
5897
5543
7235
2395
1
4159
8666
1
5390
1
1
3866
8456
1
1
9759
8820
9187
1
6679
4055
8541
3411
1743
9124
7095
7649
8422
1
1
1
1
3948
1938
1
1592
3976
4722
1918
4509
5572
1
3896
2252
1
1114
1118
2671
6830
1308
9273
1
1269
1
8247
9981
4418
1689
6675
3778
7863
2049
1
6178
1
1517
1501
1663
6438
2052
3184
1783
2145
3280
1
1
1
1
1
6467
6367
2296
3687
1
4744
1
5854
6394
4395
1
6038
4880
1
3075
9787
4852
5735
5726
9661
1908
1
2973
7807
7727
6544
1
6530
9613
9875
1
5147
4054
9205
9641
5307
3426
1
3071
4166
5789
1
2382
6024
2870
5060
4804
9129
1
1
1
9156
1
4318
1
8740
9765
2662
1
1
2228
1
9733
1
5621
3034
1
1
8203
2452
8355
2415
5719
5967
8919
4035
1
7660
3937
8431
6907
4102
9071
1
1
2774
7677
1
1
1
5434
2954
1949
1
7314
2647
1
6285
1486
1
5669
1
3090
1
1582
4362
7026
9924
9525
7281
1
1
1921
1
6224
3996
6352
9787
1
1
3902
5218
1
4089
7620
6153
1
584 2407
1306 5194
824 3484
138 544
1156 4459
2064 8692
578 2226
507 2060
1913 7797
2356 9594
1516 6052
337 1381
961 3982
2115 8707
377 1555
1894 7756
687 2708
1819 6904
1740 7594
292 1237
1194 4985
2428 10000
1963 7682
1070 3970
28 117
757 3110
1652 7015
2077 7787
1218 4868
293 1184
728 2880
2183 8569
1644 6778
75 289
1967 7755
2269 9615
2447 9349
2297 8473
174 691
2002 7697
642 2454
1317 5315
905 3499
270 1007
573 2315
2603 9718
1301 5225
1878 7963
514 2128
2052 8722
1907 7339
109 414
787 3085
1522 6348
1890 8009
787 3167
1055 4625
2069 8733
550 2283
436 1796
2225 9370
376 1616
1508 5758
2193 8350
637 2539
666 2588
596 2383
667 2645
1013 4023
1715 6794
1855 7335
1297 4874
1471 6429
188 739
1770 7300
47 199
531 1953
2407 9301
1684 6803
1998 7743
2265 8586
1186 4770
611 2401
793 3064
1196 4969
1324 5057
1481 6034
364 1430
1668 7335
360 1526
1280 5193
277 1081
1796 6860
319 1219
824 3282
1224 5027
2469 9484
48 193
332 1355
1027 4353
601 2429
1379 5765
1264 5260
1369 5289
926 3651
536 2175
1499 5799
1857 7873
2079 7844
2137 8532
1975 8087
1590 6877
120 478
1203 4776
1740 7444
1298 5314
1491 6021
457 1871
2269 9208
2204 8483
727 2859
1141 4505
1558 6086
1311 5339
1005 3919
126 494
2272 8618
1082 4531
1944 7101
2315 9504
2081 8993
1053 4517
2138 8545
1406 5157
1055 4225
2338 9107
2279 8932
1381 5344
871 3522
1135 4664
2435 9134
1218 4602
927 3472
351 1430
1252 4863
1973 8393
1361 5337
689 2766
1749 7319
1501 6108
1624 6229
1225 4727
1898 7121
2316 9316
469 1881
1700 6433
1372 5351
506 2119
1637 6562
653 2670
1343 5259
2468 9208
696 2651
2376 9387
2267 8305
1325 4958
1069 4012
1121 4277
2281 9082
349 1412
1923 7522
981 3651
519 2178
1616 7087
39 152
2117 8942
783 3070
2214 8222
37 147
945 3754
153 585
819 3290
281 1154
1880 7718
2383 9829
1022 3952
1323 5196
587 2268
815 3237
1378 5485
1796 7159
1848 7736
813 3225
754 3059
2234 9505
2174 8614
533 2144
219 815
2611 10000
1479 5534
2060 8292
2034 7935
680 2643
2160 8750
1428 5832
2227 8393
2370 9754
792 3150
728 2921
1848 7691
1565 6237
182 748
988 4037
2492 9918
79 303
1932 7357
2441 9385
1848 7111
702 2803
37 150
233 917
1285 5043
352 1448
495 2022
1700 7320
609 2572
426 1668
1669 6305
1176 4654
1961 8590
2038 7648
1174 4535
1360 5256
1697 6395
378 1537
1412 5244
1824 7234
504 1891
1792 7506
41 173
656 2696
1375 5193
506 2159
1417 5542
2179 7904
2058 8086
639 2659
1842 7186
243 974
1596 6074
597 2291
970 3725
1568 6201
405 1568
174 682
858 3216
1286 4963
1680 6870
1699 6707
2136 8647
751 3204
2063 8189
1735 7101
755 3033
2136 8048
241 914
1109 4291
65 255
1410 5185
1087 4081
1725 7115
1221 4734
495 1975
493 1949
499 1848
1385 5835
368 1599
2406 8987
2247 8604
617 2666
1155 4633
700 2653
1441 6109
2474 9412
1660 6500
622 2560
994 4111
1484 6231
607 2258
1250 5446
460 1983
687 3027
1647 6033
964 3877
634 2631
1357 5619
980 3985
1213 4846
1678 6519
877 3670
865 3205
1066 4312
1776 7575
1928 7586
889 3500
1853 6801
1717 7050
275 1124
646 2556
2325 9248
796 3167
2185 8432
1416 5605
1477 5469
209 835
1552 6345
33 131
140 587
1181 4691
1248 4972
778 3290
1615 6281
1584 6372
1821 7146
2343 9426
1810 7642
2300 9206
74 290
2212 8858
505 1991
265 1004
1510 5834
2024 8509
364 1439
2074 9015
2296 9514
1621 6906
1770 6894
118 509
536 2093
1106 4434
2224 8789
1940 7446
1730 6508
1292 4995
1224 5144
257 1058
1723 6657
1766 7108
237 971
1133 4476
2129 8623
1825 7215
2339 9221
125 524
1573 6506
667 2549
1555 6037
1795 7340
1676 6918
54 220
1103 4215
1271 5357
1006 4105
185 776
2396 9757
1519 6317
854 3288
2083 8295
1998 7737
129 500
607 2259
1097 4420
1693 6357
639 2555
748 2824
1401 5850
1933 8232
89 354
26 105
2145 8575
2398 8975
36 146
1663 6141
1587 6646
989 4062
1432 5667
930 3484
2515 10000
247 1045
1705 6852
1563 6565
2488 9181
1214 4807
1893 7315
217 857
511 2072
1080 4029
1990 8327
1940 7911
250 1080
1929 7880
1320 5099
1591 6678
1999 7971
196 824
1220 4737
776 3059
103 443
751 2896
974 3855
183 741
115 459
1331 5317
34 132
2167 8065
1338 5447
2387 8736
1338 5297
274 1180
2286 9114
2221 9544
551 2205
1709 6591
1554 6315
643 2658
1418 6127
255 971
2033 8115
1856 7188
1485 5914
484 2056
2128 8756
1873 7332
2249 8786
1600 6571
302 1314
750 2956
1212 5195
1303 4961
2290 9250
1949 7739
1155 4743
155 641
2576 9746
482 1897
2274 8606
1046 4359
2476 9567
1788 6993
1164 4608
2100 8451
1817 7205
2281 9241
649 2407
2362 9732
880 3734
1400 5881
2530 9354
2374 8910
182 720
2506 9581
247 930
399 1568
978 3928
2425 9506
1762 7019
1398 5838
2465 9178
971 3796
2287 8889
403 1590
211 854
2031 8281
181 732
380 1590
1753 7020
2021 7782
1339 5557
1581 5990
715 2780
429 1809
2280 9164
315 1228
1484 5497
2182 8722
238 994
879 3704
475 1862
2461 9214
471 1964
2332 8748
1111 4625
114 467
537 2120
1073 4095
757 3015
1379 5280
1984 7719
802 3113
