10000 500
1
1
7534
1
8477
1
8152
1
6809
1
9117
6895
9842
7694
6861
1
1
8720
1
6213
8022
1
5067
1
5074
9819
7810
1
1
1
1
1
1
1
1
5058
7437
7615
1
1
5953
8535
6229
1
9559
7060
7682
9409
9959
6399
1
1
8173
1
9242
6733
6839
1
7687
1
1
9203
1
9347
6932
1
7795
8180
1
6246
1
7201
5039
1
1
1
1
7977
6972
1
6564
9649
1
6032
6760
5432
1
8356
7133
7262
7372
1
7820
1
1
1
1
6901
6142
1
1
1
8023
1
1
1
6481
1
8395
1
5316
5084
7530
9753
1
9497
6223
7105
1
1
1
1
1
1
1
8605
1
6485
9823
1
1
8319
8698
1
8663
1
1
6791
1
1
7571
1
1
9766
7440
1
6509
9798
1
8996
7539
1
1
1
1
1
1
1
1
8109
1
1
1
1
1
1
9046
1
8543
1
6263
8227
1
7339
1
9407
7001
7548
8569
1
7388
1
1
8214
1
1
1
7812
5930
7072
1
1
7904
6661
5272
5348
5561
1
5333
9708
8516
1
5413
7166
7323
1
1
7095
1
1
9714
1
1
1
1
6364
7472
1
1
9639
1
9603
1
1
6430
6561
5497
6768
7264
1
1
1
1
1
6189
6869
1
1
1
7836
7239
7690
7010
1
1
5762
1
7865
5866
6879
1
6855
1
1
6276
8822
9767
1
1
5363
8588
1
7595
1
8443
8816
8370
1
1
7981
1
1
8793
1
1
1
6002
1
1
1
9371
6016
9666
7582
1
6928
6869
1
1
5733
7958
6333
9535
5587
7851
8305
1
1
6163
6532
1
1
8439
1
1
7403
6628
8762
8966
1
1
6102
5303
8291
9634
1
6052
7121
1
1
1
5050
1
1
7996
1
9947
8299
1
1
1
7039
9698
1
1
1
1
6195
7505
1
7755
9729
1
1
8173
1
1
8826
1
7769
5244
9263
1
1
7154
1
1
6455
6894
5587
8725
7572
1
8032
1
1
8515
9273
6687
1
7942
7187
6776
8526
1
1
1
1
1
1
1
5141
7149
1
9525
1
7318
5441
6959
1
7653
7607
7394
1
1
1
7653
1
8966
1
1
1
1
1
1
1
8670
1
1
1
5293
9182
9040
1
5809
9233
8564
1
1
6987
6305
1
5985
1
7826
7211
1
1
5389
1
1
1
1
1
8580
1
6613
8276
1
9345
1
1
1
9034
6386
1
1
1
1
9590
1
9903
1
1
7443
1
9535
1
1
1
1
1
1
6633
6589
1
1
1
1
6947
5187
5905
1
1
8820
5191
1
9112
1
8705
1
1
6426
8765
9525
5371
6801
1
9967
9182
1
1
6425
1
6670
7346
1
1
1
1
1
7910
9280
1
1
1
1
1
1
6748
1
1
6066
1
7429
1
5064
8684
1
1
1
5504
5110
1
1
1
8534
6229
1
8015
9332
8277
8411
9852
1
8703
1
6896
1
1
8109
1
6806
7064
1
7565
5980
5389
7510
5395
6193
6728
1
1
1
1
1
1
6370
1
1
1
1
7039
1
1
9233
1
8412
1
6509
1
1
9398
6591
8535
6249
8742
1
7236
1
5227
6472
1
5791
1
1
6789
1
1
7675
1
6546
8623
9647
9329
8695
1
9379
9417
1
1
1
1
1
1
1
9967
1
6254
1
1
7696
1
9262
1
6702
1
8494
8724
6854
1
1
1
1
1
1
5295
6708
1
9017
1
1
1
1
8771
5218
6323
9107
1
9317
8048
1
5378
7564
8445
8799
6433
5834
7891
5907
6293
6497
1
1
1
1
7924
9749
1
1
1
1
1
9586
6684
7683
1
9862
7648
1
1
1
1
1
9256
1
1
7769
5390
7746
1
9571
1
9249
1
6859
5468
6686
1
8958
6612
8071
9079
8621
1
6964
6664
9615
8827
5162
9189
7711
9187
1
1
1
8369
8875
7853
9227
9446
8703
1
8279
1
1
1
1
8309
1
9451
9261
1
8169
1
8223
1
9586
1
1
1
1
5062
7715
7763
5458
1
1
1
8715
8844
1
9714
1
8584
7997
1
7844
1
1
5396
8940
6157
9364
1
5298
8998
1
6402
8353
6916
6648
9444
1
7374
1
5745
1
6949
1
8946
8630
1
7239
7281
1
1
5354
9216
1
1
1
5461
1
1
1
5312
8180
6888
1
1
6940
5891
9453
1
9200
5682
6961
1
1
9387
6705
9125
8788
9241
9706
7378
1
9775
1
1
1
1
9305
6895
1
9766
1
6203
6541
1
7582
7250
5647
1
8376
1
7863
1
7648
1
5720
7662
9832
6383
5514
1
1
1
6124
1
1
5749
1
1
6343
1
8701
5917
7623
1
7554
1
6534
7655
1
9319
1
7196
7554
1
1
1
5814
1
1
1
5361
7969
1
1
7001
1
1
1
7392
1
1
1
1
6139
5875
1
6825
1
1
6930
1
6296
1
1
5988
1
1
1
6711
7450
6815
1
1
7287
7023
1
5898
6374
1
5984
1
6481
8884
1
1
5248
1
8793
1
7870
1
7441
8391
1
1
6324
6140
1
1
6396
6702
1
9107
8484
9384
1
1
6647
1
1
1
9871
5557
7099
5385
1
7642
1
1
6375
1
8989
6642
1
6029
1
1
1
1
1
1
1
1
1
6840
1
7269
1
1
9182
6723
1
1
1
1
5934
8102
6390
5757
1
5338
1
7915
9766
1
1
1
1
1
1
1
7856
1
7613
1
6602
1
6494
1
8807
7044
6628
5639
9496
1
8612
1
7131
9858
6248
5521
6671
1
8012
1
1
1
1
1
1
1
1
1
1
6801
1
7253
6861
7264
1
1
9418
6329
1
1
1
1
9490
7477
1
1
6406
1
5572
1
7600
7455
1
1
5339
5689
6108
9783
1
1
8213
1
7957
6357
1
6637
9658
1
1
1
8601
1
1
1
1
1
1
1
1
7213
1
9318
5772
7560
1
1
9423
1
1
5701
8812
5367
9191
1
7306
1
7892
9021
1
1
1
9318
1
8877
1
5647
1
1
7981
1
1
5570
1
1
6903
9049
1
8653
1
5216
6641
1
1
9182
1
1
1
1
1
5106
1
1
1
1
1
7288
7807
5027
6437
7579
1
1
8370
5352
9654
8623
6634
7474
1
1
5053
6622
7722
5618
7522
7166
1
6032
1
8023
8976
1
1
1
9082
9164
1
1
1
1
1
1
1
8861
1
1
1
5441
5095
9285
1
1
8762
1
6672
1
7959
8445
1
5537
6591
1
7225
6734
9195
8208
5826
1
1
1
1
1
1
5628
7944
5703
1
1
8043
1
1
6957
1
1
1
8623
1
5479
1
1
9950
6405
7773
5127
1
9616
7615
9009
1
6257
1
1
1
9311
9498
1
1
1
1
5576
1
5064
5593
1
5358
1
1
6423
1
1
1
9635
6840
9870
1
5203
1
5226
7110
6490
5339
1
5324
1
1
1
1
1
5012
1
1
1
8044
1
1
7147
1
7867
5277
1
1
1
8195
6067
9034
1
1
1
1
1
1
1
9804
9944
8208
6456
1
8182
7205
1
6953
1
9339
1
5512
1
1
1
9533
1
8950
7447
7885
6981
8465
9053
5666
1
1
7768
1
1
1
6883
1
6819
9252
1
1
1
6421
7418
8282
1
9400
1
7617
6442
1
1
8575
5585
1
1
1
9142
1
8857
1
1
1
8807
1
1
8120
1
9156
7352
6661
1
1
5210
9735
1
7271
7775
1
1
1
1
1
6934
1
6490
1
8827
5115
1
1
1
1
1
8937
6867
1
5838
8372
1
1
1
6436
1
6293
9929
6219
1
6249
1
8778
1
7055
1
5187
1
6483
1
7408
7735
5650
1
1
1
1
1
8992
1
6744
5614
1
8791
1
5067
8327
1
9729
6355
5582
1
9433
1
1
1
9077
9702
8546
1
1
1
1
1
1
5969
1
9283
8262
7372
1
7173
1
7625
7276
1
1
9246
5786
1
7014
9049
1
9953
1
1
1
1
1
9575
5590
7253
1
1
8256
1
5307
6820
7492
1
1
9846
1
6810
1
9645
1
7099
1
9956
1
5255
9661
8345
1
9168
7847
1
1
5097
6014
6207
5746
1
1
9276
5794
7379
1
1
8001
1
9688
1
1
5859
7408
1
1
9899
1
5163
1
6917
1
1
1
1
5541
1
6061
7265
6537
1
1
1
1
5957
8195
7933
6233
1
5571
5300
7936
1
1
1
1
1
6674
1
1
7311
1
9025
1
1
8638
1
1
6210
9547
8579
6883
8267
9817
8278
1
8793
1
1
6390
1
7499
1
9744
5517
6076
1
1
9050
5305
1
9481
5661
7494
1
1
1
1
5351
1
1
1
8046
1
8693
9497
1
7434
7540
1
6638
6338
6146
7159
9611
1
9883
1
1
5891
9529
1
5083
9596
7288
1
7161
1
5081
7114
1
1
1
1
8553
7616
1
1
1
8091
1
1
7320
1
7310
7766
1
5427
1
1
1
8167
9345
8466
1
9210
1
1
1
7265
1
6410
6900
1
8798
6395
1
1
5125
5508
1
1
7231
7980
1
1
1
1
1
1
6818
6357
1
9513
7976
8126
1
1
1
5723
9822
1
6460
6017
1
1
1
7598
1
1
7074
1
1
1
8699
1
1
1
6314
1
6010
1
5844
8929
8676
6026
1
9052
1
1
6613
5198
1
1
1
8566
9189
1
8370
1
8965
1
7575
8749
1
8045
1
7434
1
1
1
1
5306
9619
7736
1
1
8815
1
9941
1
1
5343
7401
6569
7951
1
1
5445
9487
1
1
6210
8698
1
1
5680
9437
1
1
5498
7801
9731
8605
9133
5784
1
9081
9285
6445
7398
1
7654
1
1
5856
7126
8924
1
1
1
8207
5185
1
1
8918
6352
1
1
1
1
1
5170
1
6080
1
8972
8854
8992
1
9370
6370
1
1
5566
1
6813
1
1
1
1
6413
1
1
1
1
1
1
7276
5830
7118
1
7379
9480
7592
5695
9826
9116
7814
7050
6201
1
9382
8029
1
1
1
7831
1
9868
1
1
9199
6931
1
1
5182
5708
5521
6520
1
1
9232
9083
9521
7833
6398
5157
9250
5147
8674
1
1
5198
6562
1
1
1
1
1
1
6653
1
7011
5918
7582
1
1
7900
6349
1
9619
7191
7881
5388
1
8819
1
1
9449
1
5297
6774
7759
7204
6385
1
9324
4949
1
9367
5926
1
1
8348
1
6841
1
1
6037
6651
1
1
8271
1
1
9625
1
1
1
1
1
5018
7427
7188
7906
1
6336
7660
7510
9465
5297
1
5564
8187
6602
1
1
5226
7675
1
1
6463
1
1
1
1
1
6998
6197
1
1
9512
1
6779
9501
1
1
1
7013
5563
1
1
1
1
5451
1
1
1
1
1
1
9040
1
9783
1
1
8590
8519
1
9992
1
1
1
5835
7737
1
1
1
8570
1
8817
1
1
7948
1
8501
7550
1
1
6432
5473
1
1
8357
1
7334
9947
1
1
1
9428
7692
6456
1
5336
8132
1
1
1
1
9901
8338
1
1
5993
7492
1
8759
1
6658
1
1
9558
1
1
6574
7706
1
1
1
1
1
1
5737
1
7314
1
1
1
1
9939
1
9232
7344
9535
1
1
5090
8055
6275
7219
1
1
1
1
1
1
6979
1
6273
9103
1
9794
1
1
5783
1
1
1
9044
1
9751
5012
9487
1
1
1
1
1
1
7797
6124
9246
6368
1
1
9539
7276
1
1
8862
7721
6780
1
1
7040
5940
7814
9624
8083
1
1
8751
9106
7648
5953
1
1
1
6313
8862
1
8216
7647
1
1
1
9489
1
1
1
1
5187
5327
1
1
8062
7029
1
1
1
1
8307
1
1
7339
1
1
1
1
1
5957
5067
6053
5043
1
1
1
1
7169
1
1
1
1
9723
7843
7929
7157
7663
1
5268
6445
7189
1
1
1
8570
1
7769
5996
9269
1
1
8186
1
7417
1
7121
1
1
8148
5369
9592
1
7456
1
9460
9562
1
1
8425
1
7512
9509
8302
1
1
9072
1
7426
1
9599
9052
8318
6150
1
8366
1
1
6254
9827
8758
7361
1
5703
1
8266
6455
1
9647
1
7625
1
5379
1
7110
5430
5447
6285
7808
9258
1
1
6629
9946
1
1
9638
1
5441
9139
1
7662
1
1
1
6865
1
1
1
1
7009
1
1
7883
6440
5921
1
1
7501
1
1
1
6359
8613
9307
6422
5828
1
1
1
1
5451
7450
7362
1
1
1
1
1
1
6884
1
7319
1
7270
1
7600
5710
7297
1
1
1
5665
1
1
9503
6235
7005
9158
1
1
1
7520
9382
1
1
1
8211
1
1
1
9939
1
6296
1
1
7058
1
1
7769
1
8767
1
9916
9508
5208
1
6062
1
1
9644
1
7220
8984
8204
6183
5431
1
7233
9042
5816
1
8830
1
1
1
7986
1
9622
5866
1
5993
8252
8740
1
1
1
1
8015
8116
9845
1
1
7488
1
1
7273
6067
1
9681
1
1
1
5748
1
1
6483
7032
1
6652
5992
9296
9072
5979
6152
6129
1
1
1
1
1
9609
7305
1
6466
6770
8793
8244
1
6992
1
8704
5772
9800
1
1
1
1
9782
8543
8331
7847
1
8816
1
1
1
1
5127
8080
1
1
1
5248
1
1
1
6468
5756
5562
6684
1
1
5848
5266
6808
1
1
5740
1
1
1
1
6911
6124
5805
1
1
1
7432
4354
8313
6450
5593
6772
1
5207
1
1
7600
7541
5260
1
9527
1
5099
5751
1
1
1
1
9211
1
1
7124
1
5928
8757
5389
7522
1
1
1
8188
6229
8894
7474
5679
7249
7952
6267
5223
1
9753
1
1
8341
6388
1
8061
6005
1
8656
1
1
9066
1
1
1
7643
8510
7644
6117
8893
6044
1
5741
9293
1
9422
1
1
1
1
9126
9403
1
8295
6418
1
1
1
1
5239
5531
1
1
1
1
5805
1
9031
9440
1
1
8195
6786
1
8677
1
8161
1
6091
5418
1
9675
1
1
6759
6243
1
1
1
5292
5907
1
9679
5497
5680
1
1
9887
1
7035
1
1
1
1
1
1
1
1
5713
6752
5651
1
7920
1
1
1
1
6727
1
5770
1
1
1
1
9839
8462
7755
1
1
1
7072
5950
8127
9452
1
6963
1
1
8895
1
1
9337
5641
6779
8836
1
1
1
1
1
1
9489
1
1
8105
1
1
1
1
5171
1
7484
1
9303
1
7477
7829
6206
7342
1
9991
1
9772
1
1
1
6293
5284
1
1
6996
1
8462
9801
1
1
1
7461
1
1
5291
7021
8352
1
9064
9978
7474
1
1
1
6347
1
1
9778
8848
1
5277
9300
7534
1
1
1
1
1
1
7586
1
1
6798
7785
7662
1
8175
1
1
7349
1
6934
1
7162
1
1
1
1
6554
7724
9848
1
1
1
8946
7928
6312
7738
1
1
1
9558
1
9838
1
6113
6609
1
5922
7219
1
1
1
5673
8037
1
5104
1
6460
1
1
1
1
1
1
7869
5574
7437
7243
6302
1
5643
1
7799
1
9669
7035
1
5877
1
1
8603
1
1
1
1
1
1
1
1
6711
8510
9152
5772
1
1
6658
1
7379
1
6152
1
9029
1
6786
1
6969
1
1
1
1
1
8612
1
1
8121
7131
6428
1
7183
1
1
1
1
7700
9688
1
1
1
8608
1
9419
5458
8169
1
1
1
6442
5654
1
6026
8739
5106
8060
7788
1
9018
9707
1
1
1
1
1
6191
1
1
1
6067
1
1
5102
1
1
9535
7888
1
1
1
1
1
5933
6109
7464
6072
1
1
7201
1
9612
1
7859
1
9137
1
8102
9181
1
6832
1
8881
1
1
1
1
5644
1
5007
1
1
5136
1
6496
1
1
7531
5047
8312
1
1
8215
1
6022
1
8343
7422
8620
8906
5237
7113
5213
1
1
1
5473
7068
1
9234
1
6426
5369
1
8376
9954
7375
5649
4932
1
9111
1
1
1
8061
1
1
6583
5258
1
1
6490
8404
5786
8230
1
5152
1
5247
1
6357
1
1
9381
7132
6588
1
8867
7018
1
1
6180
1
1
1
1
6851
8559
1
1
1
6915
1
8444
7579
1
1
1
1
9549
1
1
1
1
1
8852
5166
7356
9088
7099
1
1
1
5530
9782
1
5029
1
1
1
5007
1
1
8846
8331
1
1
5456
1
8319
7616
1
1
9586
8741
1
9476
6551
1
8238
9911
8921
1
5050
1
6171
1
1
5844
6467
1
5024
1
9855
6279
1
1
9720
8450
1
1
8782
1
1
1
8784
1
5540
1
1
5236
7539
1
5981
7322
6848
5429
8584
6350
8076
1
8744
1
8231
6091
1
7892
5485
5104
7430
8283
7677
1
1
5769
9344
1
1
7815
8157
8423
1
9494
9391
9924
1
1
1
5529
9567
9697
9376
1
1
5203
1
1
1
7182
9877
1
1
1
7442
1
9510
1
1
8048
1
1
9544
1
8909
1
9913
8731
1
8643
7969
6449
1
9256
1
1
1
1
1
9609
5874
7120
8382
5518
6945
8918
1
5484
1
5324
9266
8734
1
1
9285
6400
1
5889
1
1
7996
6004
1
1
1
6693
1
1
8102
7717
1
1
1
1
1
8277
1
5100
1
9295
8950
1
1
6711
9007
1
1
1
1
7138
1
8773
5777
5447
1
1
1
9229
5262
8483
1
7236
8116
1
9549
9724
1
1
1
9549
8550
7745
1
9701
1
6135
9082
9409
5547
1
8370
9998
6830
1
6909
1
1
1
8588
1
1
1
1
1
9896
1
8301
1
1
1
1
6227
1
1
5409
1
6342
5037
6241
5986
9204
8407
8928
1
1
8837
5739
1
1
1
8628
7172
7179
1
1
1
1
6860
7992
1
1
1
6890
5576
9081
6011
1
8143
8002
1
1
5365
5424
1
1
5331
8814
5961
1
7755
1
5823
1
5252
1
7339
6607
6022
1
1
7631
8521
7999
1
9361
5220
1
7271
1
1
1
9667
1
5466
5945
5025
1
6815
8138
8164
5469
1
5794
6109
1
1
1
1
7990
6423
6310
1
5986
7680
1
5225
1
1
1
5489
1
1
5779
7709
1
1
8781
5894
9874
7408
9132
5442
1
7431
1
1
1
1
5474
1
5882
9604
1
1
7703
1
8895
1
1
7851
1
1
7292
1
1
8287
9468
9710
1
1
8938
8033
1
7152
1
1
9199
1
1
6221
9910
1
7954
1
6107
6208
8232
1
1
1
1
1
1
6466
1
1
8076
8628
1
5078
6666
9527
1
1
8918
1
9380
1
1
5890
1
6883
9877
1
1
1
9447
5930
8987
9760
1
8609
6903
7246
1
5556
1
7395
8361
1
6086
7165
1
1
8879
8048
6377
6419
1
1
1
5584
9404
1
9481
9073
9946
6341
1
5025
1
1
7393
6695
1
9993
1
9791
8201
9229
5354
1
7290
9957
5929
9309
9878
1
1
6757
1
9167
1
5637
1
8021
7615
1
8474
8755
1
1
1
1
6721
5847
6024
6903
1
5295
1
1
1
1
5284
1
1
5278
1
8867
6607
7652
6998
9847
1
1
9207
6222
7551
1
1
1
1
6710
7338
7469
1
1
1
1
5279
7040
7258
1
6991
1
1
7395
9753
1
1
9371
8198
7412
9167
1
7079
1
8667
1
8132
1
9519
1
6850
1
8877
8407
8399
1
1
9341
1
1
7299
1
1
5974
9364
1
1
1
1
1
1
1
9282
5748
6088
8028
1
1
9934
1
7976
1
1
5822
6243
9467
1
9640
7001
1
9580
8503
1
1
1
9391
6084
7642
8665
9397
1
6300
5329
1
1
1
1
6018
7488
9106
1
8380
1
1
6860
6721
1
6773
1
1
1
1
9092
7241
1
1
9400
6417
9484
1
1
5168
5727
1
8540
1
1
1
7896
1
1
9808
1
9296
1
1
9309
7600
1
9758
1
1
1
1
1
1
1
7198
8751
1
7966
1
7746
1
1
1
5866
1
9184
1
1
5486
8490
8656
1
1
7080
6872
8976
1
6174
1
9171
9561
8015
7211
6615
8994
1
5555
1
1
1
1
1
1
7922
7958
1
1
9950
1
9797
5786
5224
9285
7054
1
1
1
1
7416
5899
6007
9484
7220
6226
1
1
1
1
1
1
1
1
8747
6040
1
1
6476
1
7415
8265
1
1
9178
1
1
1
9296
9427
1
1
1
8950
8272
1
7469
7622
9807
7839
6671
1
6572
5084
9711
6099
6058
1
1
5550
6291
6514
6382
5088
8152
6465
6695
1
1
5473
6749
8433
1
1
9632
6219
1
7876
7690
1
5302
6543
8048
1
1
5300
1
1
1
1
1
1
1
6001
1
1
6837
5550
1
7769
8576
6728
1
1
1
1
7453
9996
1
1
7567
1
1
1
8353
8663
6186
7319
1
8825
1
9644
5525
5009
8223
1
1
1
1
7825
8869
1
1
8756
1
9189
5787
1
1
7525
6376
1
1
1
1
6535
1
1
1
7368
8179
1
8840
5483
8157
1
1
9253
1
1
1
1
8261
1
1
6169
1
1
1
8527
7583
1
1
9851
1
5129
1
1
9685
1
7906
1
1
1
1
8800
8001
5195
1
1
6402
1
1
1
1
9885
9494
1
1
5305
9617
8111
8765
9791
5238
1
1
5177
1
1
1
1
1
8357
1
6657
9978
1
1
1
7246
8887
6744
1
9037
1
1
5062
9907
7107
1
8942
6493
9285
1
1
5736
1
6957
6480
8683
7049
8944
1
1
8515
6162
6839
8380
1
1
1
5601
9359
8143
1
1
1
6435
1
1
1
1
7659
5767
1
1
1
1
1
8437
1
9541
1
1
6964
7097
6601
6026
8703
5894
1
1
1
6317
5081
6764
8643
1
6532
1
1
1
9114
1
1
1
1
5039
5465
1
9074
9405
9901
7142
1
1
5676
1
9237
5653
1
6166
8527
8222
7139
9785
6019
1
1
5851
1
6620
9002
7226
1
1
1
7301
5939
1
1
8762
1
6360
1
1
9667
8612
7085
6837
7020
1
6705
5819
1
5406
6741
1
6507
5662
5501
1
1
6776
9361
7060
5996
1
7879
1
7299
1
1
1
1
1
1
8618
9013
9435
9355
8341
1
8912
8570
8503
9928
1
1
6321
1
1
8527
1
1
6263
9916
7707
1
1
1
1
8926
6074
1
7410
1
6541
5346
1
8494
1
7934
1
1
6590
5316
1
1
1
7121
1
6550
6603
9984
1
1
1
6293
9378
9341
1
1
5462
1
5409
6699
6717
1
1
7079
1
1
1
1
5966
1
5076
8092
8710
1
9263
8386
6318
9838
8819
1
1
1
8462
7160
7015
6134
9327
9361
6916
7108
1
5758
1
1
9960
5697
1
9876
5875
9976
1
1
7442
5893
7802
6521
1
5039
1
1
1
9117
1
9957
6655
5741
1
9970
1
8099
8944
1
8913
6115
7723
1
8555
1
6368
9659
9058
9832
9217
7845
1
8234
9520
5413
1
7792
1
5439
1
1
1
8412
1
9195
7519
1
9453
8162
1
1
7609
1
9331
1
1
1
6917
1
7457
8244
1
7755
5079
1
1
9599
7592
9241
1
8711
7868
8844
1
6829
7781
7684
8687
9391
1
8672
1
1
1
6767
5861
1
6640
1
7378
1
1
1
8716
5032
8111
7846
1
6719
1
1
1
9462
1
1
7814
1
1
9457
8558
7483
7368
1
7940
5410
7204
1
5360
7920
5000
8361
1
1
1
6400
1
8614
1
1
1
1
1
1
1
5626
1
1
1
1
1
7061
1
6752
8895
1
1
7748
1
1
8777
1
8475
8975
1
9562
1
1
9541
5125
1
9955
7322
1
7689
1
1
6283
5677
1
1
5490
7282
8377
7823
7258
9903
1
1
1
1
7983
1
8731
1
1
1
7200
1
8074
1
1
9744
1
5355
1
9957
6124
1
1
7765
1
8701
1
6665
1
1
9781
7915
1
5757
5882
1
1
7026
1
1
8049
5597
7558
1
1
9771
1
9804
1
1
1
8681
1
1
1
7183
1
7504
9467
6537
5810
1
1
1
6036
1
1
1
6683
7493
1
1
1
7547
1
1
7751
5207
1
1
5731
9135
9854
1
1
1
1
9564
1
9913
1
1
1
8741
1
8509
1
1
1
1
1
1
1
8315
1
8092
1
1
1
1
1
1
9422
6628
1
1
1
1
1
1
8563
5244
7572
8981
5914
7168
9587
1
1
1
1
7899
1
1
6130
5912
1
9260
9153
1
1
7044
1
1
1
8743
7864
1
1
9139
6514
1
7969
1
5546
6774
5935
7786
1
9475
1
1
8829
8497
1
1
1
1
7958
1
1
7901
1
1
1
1
1
8846
7049
8290
6869
1
5427
1
1
1
5893
1
7385
1
1
6660
1
1
1
5107
1
1
8891
6555
7628
1
1
9723
6703
5744
1
1
1
1
1
5265
7901
6333
9240
1
1
5638
1
6693
8073
1
5104
7461
1
1
1
1
1
1
1
1
1
9457
7686
7353
5419
1
9896
7083
1
8155
7204
9511
1
1
1
8219
8399
6142
1
5505
7001
5551
1
1
7785
1
7662
7942
6097
8103
6762
8480
7686
8128
9118
1
1
7389
1
8348
8568
9620
1
7192
8319
6568
1
1
8064
5455
7760
8435
9170
5380
8056
1
9043
5214
1
1
1
8257
1
1
9981
8252
6678
5160
9607
1
9716
1
1
9785
1
6521
7213
1
6510
5373
1
8855
6713
1
8594
8228
8673
1
1
1
9790
5085
1
7318
8327
1
1
1
6287
1
8485
8243
7162
1
7992
1
6888
1
8631
7510
9312
1
1
5922
1
7597
9387
6441
5324
1
6160
6364
1
6394
1
1
1
9777
5311
1
1
6981
7935
8867
1
7753
1
8999
6415
1
5940
1
5306
9405
8437
1
6058
1
1
1
1
5986
7775
1
1
7595
6611
1
8962
1
1
9189
1
1
1
1
1
5898
1
8532
9131
1
1
1
9424
7576
1
9769
9097
1
1
1
6326
9303
1
6381
6180
1
1
1
6261
1
6411
9037
5052
1
6176
9213
9081
6498
8887
7367
1
1
1
8177
1
1
7371
1
8562
8740
1
5911
5660
1
1
1
1
1
8803
9578
6597
6682
1
1
9157
9627
1
1
1
5490
1
1
6637
5837
1
1
1
6633
1
5327
1
6576
6590
1
1
1
1
6524
1
9032
1
1
1
1
1
8065
1
1
5764
1
1
1
1
1
1
1
8254
1
1
1
6290
6831
8883
5090
8359
9812
1
7794
5180
8503
8911
5714
9930
5081
1
1
1
9141
1
1
6303
1
5764
9605
1
1
1
6681
5731
1
5965
1
1
1
9414
1
1
6246
8994
1
1
9428
6385
1
6178
1
1
8071
5684
1
1
1
5421
5198
6817
6439
1
1
1
5129
1
6652
1
7732
5799
5704
8469
5493
1
6163
1
7624
5165
8943
7175
6345
1
9657
1
8081
7384
9688
5396
9722
7328
5123
6520
7280
1
7130
1
1
1
9974
1
6302
7842
5800
1
5170
1
1
1
9708
7629
1
1
1
8338
1
1
8677
9620
1
8296
1
1
5573
8812
5601
5676
1
1
6156
8138
1
7164
6752
7415
9230
1
1
5758
1
6736
1
9913
1
1
7388
7398
9941
7923
5506
7944
5829
1
7581
6582
1
8469
1
1
6769
8325
1
9521
1
9498
7077
1
1
7229
1
1
1
7740
9555
7696
8539
5720
5886
6528
1
7643
6148
5152
1
6222
6573
1
1
5644
5454
1
1
1
9324
1
1
1
1
7935
7952
1
1
6942
1
5861
5673
9342
7860
7065
7721
1
8956
9031
1
1
1
8956
1
7379
6765
5287
9087
7855
1
1
1
9925
5824
1
6308
1
9732
1
7473
1
7834
1
7154
1
1
1
1
1
1
8217
6411
1
8876
5186
5934
6622
5777
6119
1
8833
9248
6666
6415
1
6691
7276
1
1
1
1
1
1
1
1
1
7783
1
1
8042
5709
6944
7030
1
8623
1
5288
1
1
1
8191
1
1
1
1
7080
7717
7418
5473
8224
1
8976
1
8302
1
7713
8873
1
9002
7597
5694
8697
9063
1
7493
1
6530
6858
1
9337
1
7284
8027
1
1
5709
1
6583
8774
9743
1
1
1
7760
5274
1
1
5705
6257
5046
7093
1
1
7908
7397
1
1
5963
5079
9915
5675
1
1
1
7944
6480
1
1
1
1
1
7886
9725
4728
1
8590
1
8528
5525
1
6846
1
1
6969
1
6500
1
5432
1
9517
1
7467
1
7227
1
5612
7829
7802
6954
6869
1
1
1
1
1
6906
7965
1
8879
1
8686
1
1
1
7544
1
1
5680
1
1
1
9357
1
9693
1
1
7683
9021
1
1
9414
7509
9734
1
1
7412
1
9022
8497
1
6121
8925
7904
1
6508
1
8711
1
9931
1
1
8166
8165
8719
1
1
9547
1
6787
7568
1
8129
8503
1
7978
6560
1
1
5918
8193
5417
9930
9226
1
1
5530
1
8608
1
1
1
1
1
5113
9701
7020
1
1
1
1
1
6456
1
7442
1
9772
9990
7484
1
6039
1
1
1
1
9688
8199
1
1
1
1
7632
1
9581
1
5662
7545
8029
1
1
5544
9930
5622
8139
9721
1
7243
1
1
1
8235
1
7064
1
6879
5147
6320
8407
1
9209
1
1
7253
5591
1
8809
9437
9422
6389
6082
1
1
1
1
1
1
5691
1
1
7181
1
1
6949
1
9011
8396
1
1
1
6565
1
1
1
1
1
1
1
1
1
7886
1
1
1
1
6230
7362
1
1
5619
1
1
7606
6716
6962
1
1
6620
1
1
1
7765
1
5463
1
1
9665
6049
8665
7853
1
1
1
1
1
5684
8961
6690
9319
9097
1
5219
9676
1
6833
1
9562
9101
8281
6891
7895
8676
1
5221
1
1
1
1
9684
1
6066
1
8915
1
1
1
1
5182
6560
5714
1
1
8007
8820
6079
5274
7935
1
7190
1
7142
8159
1
6536
9212
8658
8160
1
5067
1
9984
1
6649
9441
1
5021
1
1
8575
9058
6572
1
1
6144
1
9122
1
1
1
1
1
1
1
1
7919
1
1
5586
1
1
1
1
6018
6499
1
5244
9307
6259
7721
8417
1
1
7528
1
1
5966
8691
1
8090
5688
5243
1
1
1
1
5813
1
1
9301
7275
1
9853
7193
7662
7797
1
8470
6796
1
1
1
6975
1
9376
1
5097
9513
6193
9814
1
1
1
1
8852
1
1
1
8034
6970
1
5115
8737
7220
1
1
1
7507
7637
5345
1
6923
5893
1
7699
1
8729
1
1
5129
1
6062
1
8843
1
1
5333
1
5867
1
5992
1
8037
1
1
9753
1
8129
5012
1
7561
1
7428
5206
1
5786
5255
1
9135
7331
9891
5391
5316
1
1
1
1
5052
1
1
1
9042
5176
9514
1
6922
1
8221
1
1
1
1
1
1
8671
8449
5636
9360
7283
6849
1
7529
7478
1
8394
8778
1
1
8913
1
7313
1
1
1
5276
1
1
1
9794
1
1
6744
9539
1
5239
7219
8506
6505
5537
1
5122
7594
1
1
6791
1
6853
9250
5552
1
1
1
1
6307
1
9869
1
1
1
1
1
5548
1
1
1
1
1
9890
7324
1
5502
5090
1
9492
1
1
9034
1
1
6865
9147
9234
9709
1
1
1
5019
1
1
8464
5266
7814
6070
1
6135
5658
1
1
7725
1
1
1
5667
1
7315
1
5415
1
1
1
1
1
6803
1
1
1
1
1
9638
9335
5380
5864
8465
9735
7574
9667
1
1
1
9856
1
5374
1
9891
1
1
9801
6867
1
9133
1
7526
7869
1
8100
1
7198
1
5735
5791
1
6478
7898
1
1
8195
8118
1
6077
8281
1
1
1
1
7950
1
1
9014
9350
1
9039
1
1
1
1
6598
7706
6195
5219
9673
1
1
5772
5499
1
9970
1
1
7559
1
6377
1
7334
1
1
8092
9596
7441
8497
9245
1
1
7624
1
9753
1
9775
1
1
8152
1
5038
5510
5752
6793
1
6287
6983
5113
1
1
8460
9087
6826
9743
1
6025
1
9983
5867
1
6279
1
1
1
5902
6210
7715
1
1
1
1
1
1
5024
1
1
6117
7609
1
5977
6056
5526
1
1
1
1
1
8594
1
7872
6944
1
1
6521
7154
1
1
9469
7152
5525
8148
7196
1
7014
1
5585
1
1
1
1
5331
1
1
1
1
5142
5770
1
5817
5569
1
6622
9887
6146
8211
7932
5468
1
5616
6835
7790
7084
6501
9875
1
8683
8870
7596
1
9219
7748
1
1
1
8561
8921
9549
7691
1
1
1
1
1
8037
1
1
1
1
1
1
1
1
1
5035
1
5102
1
1
9179
1
8976
7291
1
1
1
9354
1
7192
7872
1
6320
1
1
1
5457
1
8640
1
8123
6835
5268
1
8142
1
8473
1
1
1
9936
8545
1
1
7640
7075
1
1
1
1
7574
1
7089
1
5554
8623
6447
1
6189
7958
1
1
5263
5054
5329
6621
1
6789
1
8309
1
1
1
9650
7914
6812
1
8337
5655
9147
5705
8993
1
9827
1
1
9148
1
1
1
9076
8315
1
1
5165
6746
1
7909
1
9915
1
1
1
5692
6873
1
1
7584
6049
8030
5283
1
7121
1
7712
5976
1
7821
9440
1
6158
1
1
6514
1
8972
6934
1
8124
1
9680
5522
1
5157
1
8774
8930
8006
7363
9553
1
1
5563
1
1
1
9436
1
9236
1
1
1
1
1
1
1
1
9579
8650
7822
1
1
1
1
1
1
1
7054
1
1
1
1
1
1
6234
7036
7828
5848
1
1
1
6349
7466
1
7901
1
5516
7518
1
1
8705
8118
1
9849
1
1
1
1
1
5902
7054
1
1
1
8476
7422
1
1
1
1
1
1
7138
1
1
1
1
1
7311
1
6993
1
6436
1
8175
7210
1
3527
1
5608
8965
7781
1
9964
7263
5358
1
1
9744
1
9967
8857
6279
1
1
8076
1
5576
1
1
1
7650
8954
1
1
8940
1
1
7104
7726
7071
1
8949
1
8921
5616
6414
8289
8305
8520
1
1
1
7975
1
9586
8250
1
9728
9030
5668
1
1
8790
5367
1
7190
7403
5432
5798
1
7406
1
1
7562
9863
9529
1
7681
8327
1
1
5157
1
1
1
1
1
1
1
1
6757
1
1
6752
9599
9146
8867
8450
1
5804
1
9987
1
1
1
1
1
1
1
1
1
7449
1
1
1
1
1
7566
9282
1
1
1
9095
1
6086
8955
1
1
6043
1
1
8141
8182
1
9637
6204
9391
8930
7094
5608
1
1
6450
1
1
5779
1
9009
1
5113
5144
1
6329
7069
1
1
1
1
1
8755
1
1
9672
8000
9715
1
1
5940
9763
1
5226
1
6499
1
1
9507
5968
1
6629
1
6272
7315
5482
1
1
8724
6283
1
9599
1
9863
1
1
8083
1
6558
1
6667
1
8388
1
5857
1
9367
6042
1
6810
5631
1
1
7259
1
1
1
1
1
1
1
1
6268
9252
1
1
8772
1
5144
5690
9780
8643
1
1
5625
7954
1
9883
1
1
9617
7490
5439
8559
1
1
1
1
1
1
9739
1
1
7491
1
1
5672
8315
7354
8252
1
7678
1
1
8664
1
8328
8650
1
6063
1
9922
1
6088
9612
8495
6890
7740
1
7855
8659
9434
1
1
1
1
1
6090
5763
1
1
1
1
6900
9460
8402
5530
1
1
7514
1
1
8620
1
6428
1
1
7944
5490
8083
1
1
1
5467
1
1
7033
9027
1
6983
1
1
6825
6339
1
5376
1
1
1
5933
6326
1
1
5446
8597
5870
1
9841
5038
1
1
9285
5210
8805
1
1
6445
7422
9175
7552
1
6045
6878
1
9382
1
7753
6428
9224
8334
6404
1
1
5782
1
6372
1
5303
1
5969
9934
1
1
6171
5880
8019
1
7114
1
9658
7406
1
1
1
5830
9349
1
8363
9684
1
1
1
1
1
5266
5956
1
6208
8936
8345
5559
1
1
6595
1
1
1
1
1
8829
6725
8287
6469
1
6995
1
1
9858
1
8793
1
1
1
1
1
8418
6925
1
1
1
5816
7205
1
9055
1
1
1
1
5757
1
8454
1
1
8284
5202
9533
1
1
5766
1
1
1
8435
1
8201
6334
5967
1
6574
1
1
1
1
1
1
6084
1
1
1
1
6501
1
1
8490
6878
5840
1
1
1
8070
1
8828
7175
1
6877
1
1
1
6942
8523
1
1
1
1
6982
1
8528
1
8118
1
5530
5112
1
1
9311
9766
9856
5824
7503
7909
1
6963
8906
1
1
1
1
5639
1
7744
1
1
1
5619
8513
1
1
1
1
9199
1
7989
8289
1
9156
6729
8239
1
5540
1
7107
1
9163
7230
9147
1
8461
1
8965
5620
1
1
1
9492
7480
1
7912
8225
9570
7347
8138
7497
1
1
5555
1
1
5693
6740
1
5469
9630
1
9285
6140
1
1
8454
9561
8514
1
1
8417
8767
6610
6199
9024
1
5853
1
1
1
7728
1
8001
7458
6576
1
6302
1
7117
7331
1
6395
1
1
1
1
6959
7926
1
8881
1
1
1
1
5061
1
1
7659
1
1
1
1
8484
1
6185
8439
5014
7732
1
1
1
9473
1
1
5603
1
8882
1
5752
1
9048
1
6094
7296
1
7087
1
5830
1
5479
6641
1
1
1
1
1
8411
1
7786
1
9998
6613
6099
6239
7814
1
1
1
6929
5029
9352
1
7939
1
1
1
1
1
8849
9421
9811
7821
1
1
1
6613
1
1
6693
1
1
9295
1
9010
6739
1
1
1
1
1
5488
6012
1
1
9764
5241
1
6256
1
5952
7956
6109
1
5406
1
5845
1
1
5969
1
1
6249
9635
9330
8887
1
6912
1
6091
1
8132
1
9977
1
9906
8232
1
1
1
5628
7089
7520
1
8718
1
1
5709
1
1
1
1
1
1
5382
1
8888
1
9269
1
8488
1
7023
7527
5996
5573
8725
1
8477
1
6627
1
1
1
1
9920
6364
1
1
1
9735
1
1
9672
6676
5248
1
1
8308
1
1
1
1
7843
5503
5133
1
1
1
1
5033
1
1
9595
1
8538
5320
9758
5170
6391
1
5056
5404
1
1
1
1
6529
8136
8272
5479
9500
1
6004
8422
5437
6994
5163
6640
9129
1
1
5183
9571
1
7151
1
7514
9271
1
9330
7713
1
1
1
7135
9752
1
8017
1
8623
6921
1
1
1
1
9830
8837
6617
1
1
5140
6596
6059
1
9682
6908
1
1
8641
9226
8546
1
1
8935
9659
8063
7880
1
9513
8162
1
1
1
7703
1
1
1
5142
5587
1
1
9014
7885
1
7840
1
7786
7053
1
7806
5601
6984
5133
1
1
1
6280
1
1
1
1
1
1
1
5018
1
8886
1
1
6724
7158
5623
1
9821
1
1
1
5447
1
1
8998
6405
5601
1
1
1
7805
1
1
1
5381
7508
6161
1
1
5850
8454
1
8543
1
7860
9797
9788
8898
7963
9964
7665
1
8417
7186
5226
5166
8454
1
9219
1
1
7070
8267
1
1
1
1
1
1
1
8558
1
9456
9397
5152
8958
1
5841
5530
9334
1
1
1
6931
1
9700
7134
1
7890
9636
1
6315
1
1
1
9076
1
7349
1
7856
1
9823
8934
8019
1
6476
9655
1
1
1
1
6952
7565
1
9212
1
1
9064
5781
1
1
1
9384
6214
1
5072
9868
1
7988
8653
1
6649
1
1
1
6629
1
1
6109
1
1
1
6406
9323
1
9388
1
6597
1
6675
1
5723
1
1
9044
8291
6274
1
5857
1
9596
5856
9678
1
1
6546
5820
5240
7992
1
7088
1
1
1
5897
6859
1
1
5719
7949
9171
1
7738
7348
1
9010
1
1
1
1
1
1
1
1
1
6143
1
1
1
5644
6785
1
6979
1
7359
1
1
6802
9405
8693
9725
9764
1
8346
7499
1
1
1
6516
5050
7040
1
6024
1
9319
1
1
7385
7796
8322
1
8182
1
7048
1
5090
5988
1
1
1
1
1
8653
1
1
8990
9060
1
1
1
6825
1
1
9848
7606
1
7283
9893
7296
1
1
1
8034
1
1
1
1
7730
1
8266
5519
9544
8648
5021
9278
1
9983
1
1
1
9371
9738
1
1
8860
1
1
1
5803
5709
8180
8055
1
1
5671
1
1
1
5999
1
1
7037
1
1
1
1
7635
1
1
1
9992
8549
7201
9212
7268
1
5312
1
8907
7716
1
9709
1
1
1
6235
8246
1
1
8858
6094
1
7174
9943
8533
5027
1
7328
7067
1
8363
1
5896
1
9544
9564
1
7481
1
9441
1
1
1
1
1
1
1
8482
1
5909
7545
1
6518
1
7702
1
1
6733
8682
7792
1
9749
6216
1
1
1
1
5962
5983
1
1
8897
6966
1
1
9697
1
1
7663
1
5423
1
6512
1
8855
1
7760
1
7979
1
1
6781
1
5401
1
7585
1
8767
9271
1
8068
1
1
1
1
1
7662
9027
8025
1
6840
1
5633
1
5944
1
5954
1
1
1
8082
8980
5578
6072
1
1
1
1
6781
1
9921
1
5742
9164
8480
1
8781
6080
1
5875
7552
7671
8405
7023
6136
7304
1
8593
8389
8340
9700
1
1
7287
1
1
1
1
1
9122
1
1
1
1
8782
1
6926
9435
1
5047
1
5487
6017
5451
8552
9161
1
1
1
8074
1
1
5252
1
8568
7358
7632
8777
7226
1
1
1
1
6891
1
5532
9059
1
1
1
8372
8962
7309
1
1
1
5940
9975
1
1
1
6173
7330
1
1
1
9364
5345
1
8388
1
1
1
1
1
8400
1
6854
1
9268
1
1
1
8641
1
1
1
1
9219
1
1
8236
6129
1
5655
9478
9718
9625
1
9759
1
1
1
1
1
1
5292
8347
8427
1
1
1
1
1
1
6361
6312
1
1
6177
6010
1
8373
6699
5797
9198
1
1
9203
9660
5695
1
9091
7973
8477
1
1
1
6265
8299
1
1
6559
1
7621
8055
1
8635
1
1
9477
1
1
1
1
9409
7484
1
1
6605
5373
9333
1
1
1
6840
8918
1
1
5137
1
1
5882
1
8332
5419
7968
1
5566
9155
5344
8735
7669
8725
9861
1
1
8980
9758
9906
7402
1
1
1
7044
1
5511
8249
6626
1
1
8074
1
7448
5655
3911
6899
1
1
1
1
1
9997
8850
9896
8643
9718
8261
1
1
1
1
1
5897
7430
5695
6812
9572
1
1
6945
9325
1
9858
1
1
6047
1
9053
1
1
1
1
1
9200
1
1
9469
5972
1
5202
1
1
7331
1
5997
8298
1
1
6617
9080
5649
1
7386
5432
8083
1
1
5068
1
1
9005
8066
1
6043
1
1
1
9582
1
1
1
1
1
8774
7234
6322
1
1
6752
1
8387
1
6740
8981
5015
1
9123
7687
1
5809
8289
1
6094
6004
8726
1
7775
9097
8652
9165
5344
8261
1
1
8270
1
6163
1
1
9686
1
1
1
1
1
7465
1
1
9928
6748
5914
1
1
6364
1
1
8625
7847
7515
1
1
1
1
7350
1
9110
8040
7124
5938
9502
1
8009
1
1
5341
5992
8492
1
8061
6474
1
1
5728
7124
5609
6148
1
1
1
1
1
1
6259
1
8523
1
1
5142
1
1
6169
6036
7100
1
1
8582
9944
6328
7169
8582
1
8800
6212
1
1
1
1
6701
8010
5747
5445
1
6361
1
1
1
9294
1
8356
1
7315
7501
8400
5879
7872
1
1
5288
8594
1
6434
1
1
5251
8391
8363
1
1
1
6451
8404
5608
9827
8011
1
1
8637
1
1
1
1
6053
1
5148
1
1
6551
6494
7146
1
5767
1
8769
6165
8512
1
8013
6283
1
9973
9502
9889
7609
6204
5155
1
1
1
1
1
7438
1
1
1
1
1
8590
1
1
8323
9069
6692
1
5252
1
1
1
6794
9814
1
7088
5313
5990
1
7376
1
6384
8013
1
5384
9739
5582
5122
9003
5659
1
1
5399
1
1
1
6661
8912
1
9070
1
8164
1
8603
1
1
5886
5193
6975
1
9325
7546
6238
6818
6289
1
1
6390
5411
6796
5851
5599
9819
6591
9311
1
9418
1
1
7014
1
7679
1
1
6180
1
1
1
1
6295
8705
5607
8537
6368
6908
7553
1
6582
9605
1
1
1
9974
6039
9066
8989
6213
7027
6652
5038
1
7752
6506
6475
8673
1
1
1
1
1
5396
5926
1
1
6186
1
5195
1
1
6315
1
8846
1
7706
9170
1
1
9133
9285
1
8566
1
6234
8129
8251
1
1
8112
1
8148
9630
4968
1
5290
5668
7987
1
1
1
5608
8135
1
1
8428
5918
5216
5629
8562
8381
1
1
1
1
1
5836
5723
1
1
9144
1
7600
1
9809
1
1
8284
7012
6541
6009
1
9577
1
1
1
7069
6579
1
9952
1
9505
5664
9305
1
6527
1
1
6881
7538
9315
1
9878
1
1
1
1
1
5950
1
8036
1
8787
1
6642
1
1
1
1
1
9990
1
1
1
9349
8488
9474
8155
1
8497
9463
1
1
1
6048
9453
7090
1
1
1
1
1
6875
8656
5916
1
6553
5062
1
1
1
1
1
7307
1
5959
7931
5115
9656
1
1
7242
7877
1
1
5621
1
1
1
1
5187
1
5754
1
9410
8236
5321
1
1
8580
7217
1
1
1
1
1
1
7109
1
8806
1
8218
1
1
8721
1
1
1
1
1
1
1
1
1
1
1
1
1
1
1
1
1
6497
1
1
5843
6713
1
8596
1
1
1
6591
6379
1
8499
5263
1
9583
9129
1
7256
1
5072
1
9794
1
1
6911
1
5824
6537
5056
1
8095
1
7356
1
1
1
1
1
7940
7335
1
9863
9144
7303
5035
1
1
9811
7581
5268
1
5387
1
1
5730
9619
9988
1
7522
1
1
1
5626
7763
7032
5701
7534
1
8730
1
9144
1
9903
1
1
1
7149
1
5407
1
1
9296
6562
1
1
1
9244
1
1
9831
9094
1
6539
8351
1
9199
1
5719
6346
1
1
9814
8705
1
1
9459
8961
5371
1
6686
7742
1
8660
1
1
7820
8413
7894
1
1
9278
9126
7255
1
8049
1
8898
9779
1
1
1
5808
8037
1
7742
6530
1
8423
7985
9120
1
1
8608
7917
5377
9161
1
1
1
5458
5316
1
1
1
9120
5853
9016
1
6988
9984
1
6688
1
9830
1
1
8446
1
1
5282
7551
7795
1
8271
8297
6241
8488
8353
1
6937
9806
1
1
1
9918
1
9179
1
1
1
1
8433
1
9745
6937
8906
1
1
1
1
6968
7614
9970
1
7881
9093
1
1
8984
1
1
1
8601
1
1
6472
1
8804
9693
1
1
1
5540
7689
7302
5502
1
1
6733
1
1
9893
6727
1
5961
1
1
1
7927
8086
8178
1
1
1
7273
1
1
7403
7794
1
1
5342
9373
1
6602
6105
1
7380
1
1
1
1
5182
7534
8410
1
5809
9219
8486
1
1
1
7809
1
1
5180
1
9878
7453
1
1
1
1
8259
1
1
1
6138
1
1
6487
5177
1
8733
8721
9110
1
1
9177
7320
1
8690
8811
8742
1
8172
5714
6678
7229
5170
8165
6774
5839
1
5322
9428
1
8238
1
1
1
5313
1
8274
1
1
1
7344
1
5981
5053
1
7840
7812
1
1
1
5234
5176
1
1
6547
7099
1
9693
1
9365
6338
1
6030
5147
1
6275
8833
8391
1
8083
9871
1
1
1
8866
1
1
7175
1
8148
6291
1
8553
5226
6460
7878
1
1
1
7044
8451
5077
8688
7451
1
1
6510
1
5931
8377
8658
1
7100
1
9827
6183
8971
8938
5728
1
8887
8258
1
1
8754
9866
6154
7118
6405
1
1
6463
1
5580
1
9836
9963
1
5279
8193
6108
8248
1
1
6645
1
1
1
7425
1
1
1
5357
8987
1
9259
6849
1
5424
1
7636
1
7075
1
1
1
7623
1
1
6876
1
1
7503
8104
9375
5881
1
1
1
1
1
5512
1
1
1
1
6024
1
1
9269
8313
1
1
8205
1
9465
1
5137
7147
1
6451
9007
5959
5684
1
1
6132
9396
1
1
5230
8905
1
7417
1
7716
7860
1
5226
1
1
5334
1
8781
7185
6993
5404
8674
6800
1
1
6925
6269
9606
1
1
9428
8690
1
1
6271
5784
1
5112
9964
9666
1
7005
1
5803
1
1
5628
1
7750
1
1
1
1
1
9409
1
1
1
1
1
9895
1
8131
1
1
1
5635
6568
5043
7360
1
1
1
5023
8691
1
1
1
5131
1
8302
8090
5272
1
6174
6897
1
1
9585
6753
1
1
7641
1
1
1
1
1
1
1
1
1
1
9672
1
8786
9188
7252
1
1
1
1
7141
1
8923
5819
1
1
9741
5152
1
8523
7612
1
1
1
6781
1
1
1
6824
9837
1
7484
5615
6798
5733
1
7653
6973
1
8425
5401
1
1
5358
8340
6954
1
9267
5493
1
6579
1
8871
9153
1
1
9611
5799
1
1
1
7366
1
1
8789
9652
1
1
5922
8308
1
1
6073
9066
7575
7259
1
9631
5118
1
7732
1
1
6035
1
1
1
1
1
6338
8186
5944
1
6507
9863
1
1
8221
7368
7135
1
5793
9556
1
5096
1
1
9449
8450
8842
7964
1
1
8682
1
8448
9590
1
5976
1
1
1
7777
9197
1
1
1
1
1
9183
1
1
1
1
6766
6668
1
8737
1
1
1
1
6730
1
5127
9895
1
1
1
6156
1
7141
1
1
5364
1
1
1
1
8190
1
9351
9170
1
1
6971
1
7768
8442
7988
8581
1
1
9577
1
5396
7107
8058
1
8431
1
6716
1
1
5136
6582
1
6977
5174
5947
7701
1
9875
6300
7029
1
9140
1
1
1
9920
1
1
1
5496
8401
1
7242
1
1
1
1
1
1
9062
1
6201
1
1
8321
7528
1
8516
1
1
5322
1
1
1
1
1
1
6879
6990
9097
1
5841
7673
1
1
6720
6554
1
1
1
1
1
6724
7543
1
6356
1
8749
6054
1
6566
1
1
1
5088
7915
6265
1
1
1
6487
8630
7292
1
6820
1
1
1
1
7292
1
9345
7919
9540
1
6453
1
7836
1
7236
5948
9414
6998
6377
8398
1
1
8094
1
8054
7453
1
1
1
5422
8973
1
1
1
1
1
1
1
1
5183
1
1
1
1
5284
7365
1
5347
1
6582
1
1
9591
1
1
8246
7061
5508
1
1
1
8147
1
1
1
1
1
5670
9172
5469
8381
1
1
1
9315
1
1
1
5075
1
9006
7654
1
8758
1
1
1
8931
1
1
1
8899
1
1
1
1
1
5376
1
1
7406
1
6163
9576
6740
1
1
1
6347
1
1
8190
5258
1
1
1
1
5861
8597
8839
6103
6733
6936
1
5523
1
7097
1
1
1
8598
1
5559
8862
6259
9469
6306
1
5870
7178
9912
6115
1
1
8003
7052
5676
1
7702
1
1
6696
9356
1
1
1
6791
8605
5910
5881
1
1
1
7639
1
5090
1
1
1
6247
7397
6093
5770
8502
1
8458
1
8114
6464
1
1
6964
9093
1
7591
1
1
1
1
7638
5695
1
1
1
6907
7468
8649
6420
5640
1
6277
1
1
1
5796
1
1
9934
9844
1
1
6752
1
6833
1
1
9251
8395
8417
9104
8899
1
1
1
1
1
1
1
8613
7283
1
8556
1
1
1
9532
9158
1
6484
8863
5436
6799
1
5016
1
1
9688
8085
1
1
5107
6567
5047
6951
1
1
1
1
1
1
1
1
1
1
8550
1
7233
6536
5511
8425
1
6239
7004
1
1
5088
1
6539
6007
7128
7470
8946
1
1
6344
1
1
9217
8804
1
7510
7374
1
1
5873
7632
1
1
1
8618
1
1
5029
9979
1
1
6099
6678
1
1
1
1
1
1
7430
1
5580
1
8037
8714
1
7055
1
5194
1
7810
9572
1
1
7930
6121
8900
1
5493
1
1
1
9737
1
8205
1
1
9683
8201
9885
1
1
9081
6194
1
8239
1
6122
9432
1
1
1
8099
5195
1
1
1
7143
6064
5599
1
1
1
1
5863
1
5626
1
1
1
5362
9523
7780
1
6989
1
1
6771
5210
6442
1
1
7006
5798
1
1
1
9511
8719
1
1
9110
8581
1
1
1
1
1
1
5566
5252
9705
1
7218
6210
1
6520
1
1
6906
8334
1
8208
8439
1
6222
9098
1
9521
6855
9462
7967
5413
1
1
8521
5234
1
1
1
1
9553
5733
1
6177
1
1
9330
1
1
7177
1
8998
1
1
6748
5517
8141
1
1
1
1
5854
1
9394
5545
1
1
1
1
1
7671
8899
8631
7994
1
1
1
1
9650
6124
9569
1
8669
8325
8453
5213
1
8092
9962
1
9120
8115
7973
1
1
1
1
6330
7332
5423
6104
5389
1
1
7082
8104
9640
9791
5144
6955
7481
5833
8537
1
1
6129
9275
1
5595
1
1
5337
7726
1
1
1
6920
7248
1
5401
9798
6226
1
1
8753
5723
7026
1
6148
1
1
6328
1
7783
8368
1
1
6047
6148
5695
1
6807
1
1
1
8827
9444
5597
6243
6081
1
7875
1
9794
9808
1
1
6844
5346
9224
9696
1
8640
1
7093
6192
5917
1
1
9529
7171
1
1
1
8819
1
7883
1
1
8982
6921
9651
9398
8361
1
9448
1
9789
6103
5599
5477
1
6677
1
1
1
7526
1
7453
9656
7834
1
6936
7015
8121
1
6334
1
1
1
1
8958
5548
9556
1
1
8464
1
1
1
7248
8216
8427
8912
1
5462
1
1
8970
8000
1
1
5711
7836
1
9026
9017
1
7823
1
1
1
1
1
6056
7199
1
1
5911
1
1
1
1
1
8839
5974
7497
1
1
1
6310
1
1
5801
1
8716
6701
1
9260
7570
1
7970
9484
1
9277
6072
8235
1
1
1
1
1
1
8336
1
8950
1
9356
7897
1
1
1
1
1
1
7590
7214
1
9481
1
6466
1
1
9908
8556
1
1
7911
1
9842
7355
7562
6119
1
1
9219
5595
7462
5258
6351
9998
6268
1
1
6707
1
8636
1
1
1
1
1
1
1
5112
7308
1
1
8564
1
8024
1
9280
5307
9055
8539
8801
6249
6554
1
1
8432
1
1
5754
1
5886
9926
7339
1
1
6192
7866
1
1
9825
1
9388
5537
6820
5157
9071
1
9478
1
5432
1
5947
1
6185
1
1
7211
1
9732
1
1
9102
8260
1
1
6574
1
9625
1
45 178
65 284
1413 5792
635 2604
2294 9655
1339 5507
1332 5387
2100 8557
144 558
987 4346
2487 9825
1580 6202
1144 4439
2146 8440
1423 5477
744 2962
187 705
975 3835
289 1209
10 37
729 3113
2100 8268
1043 4012
1673 6707
466 1841
2424 10000
944 4083
188 752
977 3995
2070 8326
934 3756
790 2972
1808 6724
1613 6160
1078 4436
984 3919
924 3932
390 1518
583 2442
410 1724
1872 7643
400 1484
1276 5076
111 438
826 3380
1775 7139
2275 9064
2486 9211
1131 4624
1347 4968
687 2688
2037 7654
2328 9095
1921 7375
577 2318
1574 6122
120 471
1020 4011
2344 9714
1926 7574
1636 6323
1396 5940
1439 5591
2368 9305
1808 7256
81 321
2147 8903
1476 5555
1835 7179
365 1423
1247 4979
1502 6001
1038 4095
2296 9309
1457 5741
2182 8981
1254 4735
791 3125
2007 7429
599 2464
1676 6128
2364 9908
735 2891
1656 7105
2378 9032
1714 7096
1441 6077
2321 9287
383 1562
946 3801
116 440
806 3185
2333 9745
155 659
2310 9278
1105 4294
2342 10000
2079 8396
897 3773
1309 5498
1257 5084
2078 8350
1689 6490
1088 4213
58 220
822 3135
102 386
652 2590
2225 9442
2097 9109
1117 4832
1652 6787
652 2837
69 264
815 3447
272 1088
239 981
188 760
1807 7040
1241 5157
1257 4926
164 662
1516 5983
2198 8711
8 29
1380 5486
50 184
460 1861
182 716
2095 8270
354 1329
2263 9288
462 1785
1062 4026
2242 9328
700 2859
2214 8539
1658 6616
1354 5423
1180 4594
2096 8136
352 1477
1804 6873
2530 10000
1272 4950
1414 5792
945 3712
150 648
1976 8200
615 2717
1959 7378
428 1771
2215 8990
1110 4473
548 2079
1211 5100
1372 5318
1601 6034
457 1828
652 2611
96 385
1981 8257
2119 8246
1488 5571
552 2102
132 546
472 1908
764 3064
2413 10000
969 3844
2200 8566
359 1526
1630 6547
1177 4690
110 462
2448 9940
1293 5086
2380 9868
1241 5325
45 176
1861 7210
1339 5048
1509 6062
2130 9166
401 1585
1513 5741
997 4109
146 539
2102 8831
182 683
1237 5161
91 363
659 2784
2517 9998
1786 7633
1475 5477
1515 6320
1021 4124
1548 6374
428 1750
1017 4196
2133 8795
1897 7849
2458 10000
2430 10000
1150 4643
2297 9169
936 3756
15 61
2220 9055
1867 7586
1007 3949
261 1049
872 3407
1528 5945
1616 6171
448 1876
618 2559
959 3731
1579 5955
1919 7560
1112 4396
2306 9579
1730 6879
271 1093
2022 7482
1335 5323
1721 6961
1929 8145
242 905
2102 8632
211 817
2162 8522
50 202
560 2063
1055 4158
1255 4948
2350 9449
1850 7534
2155 8629
1163 4355
1026 4045
492 1931
2021 8412
1109 4291
158 631
2502 9736
979 4130
924 3672
1885 7414
1142 4435
1049 4454
459 1867
2149 8030
63 256
1009 3959
1479 5699
423 1703
1614 6400
509 2211
1068 4017
184 710
1865 7295
433 1877
1835 7607
916 3692
185 747
1760 6961
287 1112
460 1797
1692 7096
631 2579
661 2604
1566 6283
260 1043
363 1485
2022 8249
1034 4178
1608 6500
82 323
736 2950
2099 7849
1634 6433
1297 5536
1565 6169
339 1341
564 2312
1877 7661
2457 9254
1863 7860
1300 5432
895 3417
216 858
2192 8755
597 2454
623 2305
920 3636
1875 7399
509 1976
424 1791
2279 9713
1046 4242
566 2169
2223 9499
1709 6586
680 2675
380 1621
2416 10000
765 3031
1402 5184
1504 6242
1303 5068
2200 8984
775 2938
1874 7493
447 1858
192 769
951 3668
1898 7778
2247 9292
1369 5833
460 1696
910 3816
1652 6606
1767 7065
1297 5264
892 3501
1174 4740
1112 4320
612 2378
2136 9150
2158 8927
438 1634
1843 7340
382 1405
1085 4261
1714 7287
482 1965
2340 9209
674 2512
1436 5556
1414 5801
398 1680
30 114
679 2751
657 2651
2323 9202
1073 4329
583 2309
2392 8905
388 1606
1428 5582
2207 9015
2403 9900
2283 9225
1472 5973
1171 4603
1545 5836
1814 7052
1157 4741
1022 4023
970 4076
1404 5561
1372 5329
222 898
732 2985
2041 8454
1274 5220
845 3359
1160 4681
1776 6812
1854 7416
1687 6414
1153 4510
933 3443
198 839
367 1444
760 3018
1791 6905
171 736
1989 7728
2391 9396
2272 8821
558 2339
772 3143
1696 7252
1420 5980
1595 6388
2148 8219
350 1398
2216 8910
609 2646
665 2644
2343 10000
2479 9364
1409 5769
1822 7081
1767 6917
1566 6221
1374 5498
2283 9734
258 1060
1754 6633
1630 6676
2152 8979
727 2948
908 3465
40 168
533 2080
383 1501
1102 4495
2287 8850
869 3691
702 2971
1939 8012
74 294
547 2289
77 323
993 4087
662 2500
1108 4547
2275 9122
1976 7971
666 2630
2479 9973
2154 8403
762 3034
1097 4670
1873 7162
546 2174
1080 4084
86 349
2348 9779
1123 4526
615 2395
961 3928
1608 6028
1164 4456
1388 5554
1389 5846
2029 8010
12 43
244 887
654 2544
1032 4378
1287 5119
343 1355
1166 4674
698 2774
900 3503
108 441
378 1471
1501 5673
1669 6780
333 1285
52 209
1380 5603
630 2525
1955 8051
1890 7832
1253 5174
707 2686
206 785
2456 9731
1675 6847
2341 9844
928 3558
256 1040
140 525
1315 5346
311 1247
40 168
1691 6694
1859 7290
1869 7587
1884 7540
989 4049
99 368
1228 4674
1063 4128
1717 6624
2073 7829
1914 7899
1541 5745
1763 6926
457 1862
649 2437
1208 4993
1782 6801
2249 8270
2256 9563
773 3013
2429 9711
1185 4779
1014 3912
2513 9456
2375 10000
1373 5737
753 3032
1375 5593
