10000 491
1
8693
1
1
1
3817
1
1
1
1
1
8238
1
1
4683
1
1
1
725
1
1
1
1
1
1
1
5004
1
1
1891
1
1
1
9448
1
1
8680
1
1
2692
1
2902
1
1
1
1
1
1
1
2617
5049
9772
1
7116
8689
1
1
1
6593
1
7543
2014
1
1
3634
5613
1
1
1
7354
1
1
6037
1
354
5189
1
1
1
744
1
1
1
4514
1
1
1
1
1
4081
1
1
7037
4015
2314
1
1
1
1
5430
1
5288
8817
1
1
1
9340
9537
1
1
1
3867
6675
1
1
1
1
9260
1
9194
1
1412
1
1
1
1
9452
2201
1
1
8350
1
1
1
6979
4214
1
5379
1
1
1
1
1
8956
3424
1
1
1
1220
1
3714
1
9864
5278
1
1
1
5744
1
2932
7952
1
1
1
5566
1
1
1
1
1309
1
1
9955
6044
1
1
4763
1
1
1
9709
1
1
4924
1
1
1
1
1
1
542
1
1
1
1593
1
1
1
3110
1
1
1
1
4032
1
1
1
1
1
1
1
1
5815
1
5737
1
1
6945
831
7875
1
1
3260
1
1
6990
7152
1
1
1
1
1523
1
1
1
5472
1
3086
1
1
1
1
7840
1
1
1
1
1
1
1
3733
7285
1
8452
7696
4483
1
1
1
1
1
1
3264
1
1
1
1
1
5255
1
5653
1
1
1
7066
1
1
1
1352
1
1
1
1
1
1
1
1
1
1597
1
1
1
1
1
3311
1
5149
1
1020
6686
1
1
1
9130
5585
1700
1
1583
1746
3715
1
5126
1
1
1
1
1
1
1
8527
1
336
1130
1
5724
1
6695
1
1630
3987
1
1
1
1
9315
1015
1
1
9800
1
1
8646
1
1
5018
1
8094
1
1679
5562
1
1
1
5774
1
1
1
3017
1
3387
1
1
714
1
1
3427
5936
1
6455
1
1
1
1109
1
3604
568
1
1
1
1
1
7870
1
1
1
8578
4278
1
7590
1
1
1
1
1
1
2114
1
1
1
1
5675
1
9666
1
1
1
1
1
6211
1
1
1
1
1618
1
1
1
1
1
1
1
1
1
1
1
551
4153
1
1
5076
1
1
1
1
9594
4489
1
648
1
1
1
1
6506
1
1
1
1
2908
1
1
1
1
1
9694
1
1724
1
1
1
1
1
3520
1
1
1
1
1
1
6175
1
1
1
1
1
7969
4261
1
3957
1
9182
7655
8725
5214
9398
1
1
1
3271
1
1
1
1
4004
1
1
1
1
4183
1
9535
1
1
1
1
2572
1
1
8194
1
2538
1
1
7663
1
1
9357
1
1
141
9590
5671
1
1881
1
1
342
1
7939
1
1
7780
1
1
1
9187
1
1
3552
1
1
1
333
1
942
1
7519
1
3752
1
1
6660
1716
9370
1
7567
1350
1
1
1
5376
1
1
1
1
1
1
1
1
1
1
1
9355
1
1
8179
8062
8805
1
1
2732
1
1
1
1
1
6642
4811
1
5066
8301
1
1
1
6241
1
1
1
1
7696
1
6343
1
4276
1
1
1454
403
1
6968
1
4069
1
2533
9754
1
1
1
8935
2193
9610
1
1
1
1
1
4450
1
4250
9233
7459
1
2851
1
3632
1
1
1
1
1
8876
1
4093
1
1
1
1
1
1183
1
2136
1
1
1
1771
3795
1
1
1
4315
1
1
1
1
1
1
1
1
1
2481
1
1
1
6665
1
5686
1
2182
1
1
5646
1
1
1
1
7020
1
4141
8520
1
1
1
1
1
1
246
4902
8762
177
1
1
1
1
8490
1
1
1
1
1
1
1
6165
4327
1
4441
1
1
1
7030
5471
1
1
1
1
7958
1
1
1
1
1
1
7457
1
1
1
1
1
1
1
1
1
3372
1
810
1
2297
9735
9310
685
1
1
4670
9364
2090
1
963
1
2512
7139
1
1
1
1
9780
1
9703
1
1
3121
1
1
1
1
1
3692
1
1
1
2193
1
1
4679
1
1
1
1
9526
1
1
1
4636
8268
2618
1
1
8827
1
1
1
1
62
1
1
1
1
1
1
6668
1
1074
1
5464
1
1
4953
6895
1
6112
1
1
1
1
3046
1
1
1
7378
1
2156
1
1
9156
1
4814
1
1
1069
1940
1
9987
1
1
9010
1275
1
1
5006
150
8056
1
1
6800
1
1
1
1
1
1
1
1
1
1
1
1
7952
1
8497
1
1
5428
1
1
1
7844
1
1
1
6933
1
2887
1
5630
1
1
1
1
1
1
1
1
1
1
6387
1
1
1
453
1
1
6635
1
1661
1246
1
9794
1
7852
6789
3137
458
1
257
1
1
1
862
8915
1
1
9112
1
7986
1
1
1
282
1
1
1
1
1
1
1
2794
1
6282
419
9527
4263
4439
7455
1752
9759
1
1
1
1
9687
1
434
5033
1
1
1
1
2877
1
5533
1
1
1
1
1
1
1
1
9861
8334
1
1
1
7507
1
1
1
1
1
5719
1
1
1
1
1446
1
1
1
1
1
1
1
1
3588
1
9672
5407
1
6535
5334
3322
1
1
1
2084
1
1
1
1
8239
9984
1
1
1
1
1
7263
408
6129
2454
1
1
1
1
1
1
1
1
1
5143
3017
1
5434
1
1
8058
3803
1
1
1
1
8920
1
1
1
1
1
1
9094
1
1
1
2698
1
1
5237
1
8338
2283
1
6847
6090
1
7086
1
611
418
1
1
1
1
7924
485
1
1233
5365
7277
4343
3131
1
2371
1
1
1
1
4599
4586
1001
1
3907
4321
1
1
1
1
1
1
1
1
3006
1
1
1
1
1847
1
1
1
1
1
1
3238
1
937
1
1
2344
9749
1
4946
4296
1863
1
1
481
1
6492
1
1
1
502
1
1
1
1
1
1
1
1262
2208
9470
1
3488
1
1
1783
1
1
1
4911
1
8622
5868
1
1
1
1
1
1
7379
1
4175
1
1
1
6227
1
7687
1
1
1
1
1
8788
1
5860
9206
1
2749
6629
1
1
1
462
1
1
2941
1
1
1
1
1
1
375
1
1
1
7852
4597
1
1
1474
4891
1
1
6968
1
1
1
6588
1
1
1
1
1
9811
1
1
1
1
1
1
1
1
8623
1
2185
2980
1812
5681
1
1
1170
1
4966
1
502
1
9274
1
1
1
1
5886
1
1
6083
1
1
1
1
1
7329
1
1
1934
1
1
6855
6096
6123
6770
1
1066
1
3065
1055
1
1
1
6022
1
844
9394
1
1
1
1258
8412
994
1
1
3438
1
752
4869
1
1
1
1
1
1
1
1
6833
1
1
3179
1
1
3322
1
1
1
1334
1
1
8967
6097
1
2443
8620
1
1
1
1
1392
9560
6119
1
1
1
949
8202
1
1
3750
1
7807
9241
7576
1
743
1
1
1
1
4592
3172
1
1
1
1
3571
7439
3546
1
1
1
6104
1
4748
1
8727
1
1
1
1
1
7494
3909
1
1
1
1
5958
1
5759
1
7558
1
122
6208
1607
6116
6165
1
2739
1
1492
5184
2434
8775
1
1
1
3086
702
1
9088
1
1
1
1
827
610
2197
322
9153
6271
4134
1
1
5139
1
1
8392
1
1
1
1
8146
1
6307
1
1
9476
1
1
5896
1
1
1
1
1
1
1
2921
9462
1
6819
1
7749
1
1581
5393
8570
1
1
8891
1
1
1
1
1
3656
1
1
1
1
1
1
1
1
1
1
1
1
9565
1
1
1551
8089
1
4946
1
4876
4332
1
1
1
1
1
1
4981
1
1
1
1
1
1
1
1
9591
1
1
5119
839
1
5484
1
1
1
1
7175
1
1
7652
1
4426
4563
9401
1
1
1
1
1
1
1
1
1604
1
1
1
1
1
1
426
8297
1
1
1011
1
1
1
1
1
1
1
1
1
6225
5921
1
1
1
1
1
1
1
1
5453
1
1
1
9553
1
1
1
4820
1
8035
1
1
1
1
1
1
1
1
9641
1
2880
1
7106
1
1
1137
1
1
9720
1
8690
1
1
1
1
1
3072
1
4785
1
8384
7202
5079
1
1
1
211
1
4227
1
1
1
1
4819
5733
1
7883
1
5997
2289
1
1
1
6303
6410
1909
1498
279
1
3306
1
1
3038
1
6512
1
1
1
2587
1
1
6447
1
1
1
1
7162
1
1
1
1
1
4263
8935
1
1
1
1
1
1
4619
1
3197
1
1
1
1
4543
1
198
1
9754
2389
1
3858
2955
1
1
4326
1
1
1
5909
1
5976
8666
1
7498
1422
1
1
1
5443
8491
1
1
1
1
1
1
3562
9326
3888
150
1
1
3569
1
1
1
1
1
1
1
1
1
9352
3546
1
1468
1
1
3516
9657
1
1
1607
1
1
1
3823
1
1
1
1
1
3308
3905
1
1
1
1
1
2644
1
1246
6394
1
1
1
1207
577
1
1
9324
4778
1
1
1
6935
4957
8816
1
2711
1
1
1
1
1
1
1
1
1
1487
1
1
1
1
1
1
6191
1
1
5244
4468
1
1675
1
1
1
1
4970
1
1
1
3433
3201
1535
1
5989
1
1
7402
1
6085
1
1
1
1
1
1
1
4800
8231
3417
931
1
1
6420
1
1
9901
9099
1
1
1
1
6421
1
1
1
5281
1
1
1
5334
1
1
6064
1
1
2871
1
8845
1
6077
1
1
1
2224
1
1
1
1
1
1
1
1332
1
1
1
1487
1
7860
1
1
1
1
1
1
6313
1
1
603
5150
1
1
488
8770
1
9361
1
1
1
4187
1
8025
1
1
1
1
1
1
1
4985
1
9074
1
1
6953
7920
2338
1
1
1
1
1
1299
1
6194
2496
1
1
3110
1
1
1312
1
1
1
8116
7203
1
6766
1
1
1
2409
1
1
5773
1
6106
1
8019
1
141
1
1
1
1
1
1
4569
1
2041
1
8172
1583
1
1
9422
9163
1
1927
1
8352
3084
7875
1
7212
1
1
3286
1
1
9169
7302
8894
7913
1
1
1
1
1
896
3781
9255
7698
1
2103
1
9016
1
1
3040
1
1
1
1
1
1
1
1
1
2762
1
4613
1
1
1
1
2020
1
1
7788
1
1
1
856
8851
1
1
1
1
1
876
4730
5475
4422
7519
1
1
8445
1
1
1
1
8786
1
1
1
1
1
1
1
3573
1
9018
1
8433
1
1
9599
1
1
4198
2055
1
2937
1
8544
1
1
1821
1
1
1
1
1
4154
1
1
291
1
1
1259
1
1
1
3862
1
1
4507
1
6476
2387
1
5067
4857
6031
1
1
8732
1
4988
1
1
1
8768
1
1
1
1
1
2966
1
1
1
3471
1
1
1
2182
1
7275
1
1
9218
1
9088
1
2197
1
1
1
1
1
1
8621
1
8957
1
1
1
358
6865
1
1
4356
2431
6213
3091
1
1
1
1
1
1
1
2973
1
1
1
1
1
1899
4942
1
9007
1
9134
7836
1
7715
4249
1321
1
1047
1
1
1
1
1
1
1
1
4638
1
1
9918
1
1
1
5224
4648
2396
1151
8303
1
1339
5099
4217
1023
1
1
1
6672
9789
1
8605
1
1
1
1
1
2994
1
3809
1
1
5908
4315
1518
1
1
1
1
5425
1
1
1
1
2948
1
1
1
9776
1
1
1
6240
1
1
7499
1
1
1
1
1
1
1
1
691
1
3471
1
2527
1
1
1
2489
7267
1
3447
1
1
1
1
8281
1
1
1
1
1
1
1
1
1
9548
1
1861
1
1
1
1
1
748
1
885
4294
1
9330
1
1
7959
1
1
6458
3310
1
1
1
1
7348
6463
1
1
1
1
1
1
1
1
1
7180
3919
1
1
1
787
1951
1
1
1
1
1
6684
1
1
1
8460
1
1
9913
7662
240
1
1
1
1
9049
1
9926
1
7448
1
1
1
1
1
1
1
3830
1
1
1
1
1
1392
1
1
1
1
4180
1
1
1
1
1
4490
1
1
3338
1
1
1
1
1
1
1772
8231
1
1
1233
1
1
1
1
9467
1
1
1
1
7740
1
1
1
1
1
5169
1
1
1547
1311
1
1
1
1
1
1
1
1
1
9411
1
1408
2030
1
1
1
1
1
984
1
1
1
1
1
5244
1
2730
1
1
1
1
1
1
1
4739
1
1
1
1
1
5243
2608
1
1
9286
1
1
1
1
5831
1102
878
9671
6430
1
1
1
5336
1
4516
1
1
1
4558
1
8423
4654
1
1
1
1
1
1
1
2902
1
4099
1
1
1
1
1
1
9047
1
6698
1
1
1
1
1
1
1
1
1
3345
1
1
1280
1
1
2598
1
6067
1
1
8041
1
2011
1700
7925
1
1
1
1
1
8216
1
1
5738
1
1
1
8545
1
1
1
1
1
1
1
4471
1
6624
1
1982
6181
7135
6908
1
1
1
5728
1
737
1
1
4044
8644
1
6811
7358
1
1
1
1
6410
9046
7750
1
1
8532
1
1
1
1
1
1
1
1
1
7789
1
9861
1
1
1
1
5060
1
1
3196
1
3585
1
1
7940
1
5534
1
331
1
1
5669
1
1
7031
1
1
6889
2743
791
1
1
1627
1
3507
1
1
1
775
1
1
1
1
1
225
1
1
6040
7147
1
1
1
4550
1
1
4271
1
1
1
1
6993
1
6572
1196
1
1
1
1
1
7647
8632
1
1
1
1846
7274
1
1
1
7287
6186
1
8158
2244
1
8986
624
5547
7387
1
1
1
5395
1
1
1
1
3901
6482
1
146
1
1
1
6664
7268
1
6898
1
1
1
1
1
1
1
1
1
3117
1
1
1
1
5703
4923
1
3361
1620
1
1
1
5653
7424
1
3599
9021
1
7320
1
1
1
1604
1
869
1
1
1
1
1
4428
1
1
1
1
1
1
1
1
1
8167
1
6335
1
9832
1
1
6394
6675
8042
1
5092
1
5993
8416
1
1
7706
1
1
1
1
1
1
1
1
6559
1
1
7483
1
6610
1
1
1
5332
1
9211
1
1
3061
5718
1
1
1
4704
1
1
1
1
1
1
1
1
1
1
1
1
1
5878
1
1
1
1
5030
1279
1168
1
443
1
5390
1
1
7788
6888
1
3268
1
1
1
1
1
1
9145
1
1
1
447
1
1
1
8072
1
3128
1
6541
1
485
1
1
1
1
1
1
1
1
1
1
1
1
1751
1033
1
1
1
1
1
1
9368
9812
6086
2126
1
1
6001
1
1
1
1
2804
1
1
4836
886
1
1
1
6141
1
9034
1
9378
1
1
1
1
1
1
1
1
1
1
1
1
1
1
1
463
1
6747
3050
5491
7202
6901
1
1912
4755
1
1
1
1
1
5402
1
1
1
1
1
1
1873
1
1
1
1
1
1
1
5248
1
1
7020
1
1
1
1
1
1
1
1
398
8009
1
5115
1
1
1
1
1
4846
1
1
1
1
1
1
1
1
1
1570
1
1
1
5317
5933
1
1
1
1
1
1
1
1
1
1
1
1
8939
6832
605
5842
1
1
1
600
1
5484
6750
1
9001
7058
1
5057
1
1
6051
6231
5595
1
1
7768
7564
1
1
1
1
1
1
1
1
1
8773
5519
1
1
1
3970
1
1
1
2637
1913
1
1
1
1
1
1
1
596
6283
1
1
1
1
8089
1
1
1
6922
1
8440
1
1
8023
1
1
1
5414
1
1
1
1
1
4408
1
1
1
1
1
1
1
1369
1
2101
1
1
1
1
7951
1
6501
1
1
1
1
3495
1
1
1
1
9565
1
1
1
1808
8858
7358
1
1
7680
1
5879
1
1
1
7049
1
9878
1
3709
1
1
3785
2123
1
6655
1
1
1
1
1
3954
1
1
1235
4719
7423
1
9910
1
2450
1
5851
1
5280
1
4887
1
1
170
1
1
1784
1
1
6979
1
9423
1
1
7755
1
9470
4413
2803
8195
1
2760
9500
1
1
1668
1
521
1
1
1
1
1640
1
1
1
1
1
1
5241
1
1
5399
8029
1
1
1
1
5715
1
4389
1
1480
1
1
1
8275
1
1
7569
1
1
1
1
4000
1
1
1
1
2014
1
4509
1
2767
1
1
1
1
1
1
1
7394
1
691
8142
1
1
1
3412
1
1
1
1
8825
8337
6586
1
3676
9443
1
1
1
1
1
1
1
3142
1
1
1
1
4772
1
8339
2744
1117
1
9941
1
1
1
3990
1
1
1
4087
1
1
8955
1
1
9405
1
1
6218
1
1
1
1
9948
1
4535
1448
1
3124
4109
1
1
1
1
1
1
1
730
4959
9764
1
1
1
1
1
9306
8722
1
1
2803
1
1
3101
6922
1
7973
1
2560
1
7147
1
1
1
1
1
1
7713
1
1
1
2866
1
2823
1
2826
1
3918
4966
1
1
9330
6020
923
4619
1
8968
1
1
1
8831
1
1
1
1
2608
1
1
1906
4549
1
6387
2923
1
1
1
1
9517
1
1
1
8680
3281
8106
1
2484
1
1
1
1
1
1278
1
1
1
1
1
1
1
1
1
1
1
1
1
3403
1
1
1
1
1
1
1
1
325
8458
1
1
1
2304
1
1
1
1
7183
9259
1
4454
1
1
1
5456
1
1
4235
710
1
1
1
516
6364
8490
1
1
8566
1
4187
1
3965
1
1
1
1
1
1
1
1040
1
1
1
5155
1
1
5128
7884
1
1
2984
1
8651
9317
1
1
1
1
7424
9877
1
9341
2138
1
5445
2976
1
1
1
1
7995
1972
1
1
1
1
1
5235
1
1
1
721
2051
7116
4819
1
523
1
1
1
1
1
1
1
1
8932
1
6573
1
1
1
1796
682
3607
1
8922
4902
6016
1
5514
7365
1
1
1
1
1
831
9180
1
8318
8759
8479
1
1
7025
1
1
1
1
1
1
1
1
1
8361
5816
1
553
9131
1
1
1
1
6712
3429
4125
1
1
1
8563
1
7191
1
1
4030
9276
1
1
1
8061
1
1
1
6757
700
1
1
1
1
1
1
7219
3467
1
1
1
1
8157
7632
1
5624
1
1
1
6429
1
1
1
3099
9260
1
378
1
1
1
1
1
4626
1
5621
1
1
1
1
1660
1
1
1
8911
2783
2415
1
1
9725
5152
3254
1109
116
6957
1
1
1
1
1
1
6973
1840
497
1
1
1
1
7785
1
8841
1
8532
1
1
1
1
2205
1
1
1
1
1
1
1
3992
1
1
1
1
1
1
1
1
5003
7862
1
8840
1
1
1
6838
1
1
1
4772
9497
2032
1
1
9551
4223
1
7191
1
1
1
1
1
1478
2153
1
9222
1
1
1
1
8563
1
6130
1
1375
1
1
3894
1
1
1
1
1
1
1
8037
1
1
1
5552
1
1
1
1
6720
262
8887
1
1
1
1
811
1
1
1
1
1
1
2443
1
1
1
1
2991
6781
1
1
1
7610
1690
1
1
1
1
1
4645
1
6682
4852
1
1
1
1
1685
1
1
1
1
1
1
1
1
1
1
709
1
1
1
1
1
1
6202
1
1
1
1
1
1
5367
9855
1
1426
5777
1
9628
1
1
1
1
6698
3769
1
1
1
1
1
5751
1
8697
1
1
1
1
1
1
1
7895
1
5785
1
7982
1096
1
1
1
633
1
8283
1
7200
1
1
1
1
1
1
1
4083
5955
1
1
772
1
4396
1
1
771
9151
1
1374
1
9002
1
1734
1
1
1
1
1330
3017
1
1
1
1
1
1
1
6514
6955
1
2422
1
1
2721
1
1
1
1969
9851
1
1
1
2267
1
1
1
1
2772
1
1
9690
1066
1
1
1
798
2489
1
1
1
1
9098
1
1
1
2041
8219
1
5641
1
1
1
1
1531
1
1
1
5098
8128
1
9917
4277
7901
1
1
1
780
1
1
928
6342
1
4476
5651
1
1
6795
1
1
1
8213
1
1
1
1
1
1
2959
996
1
1
8743
1
1
1
9483
3175
1
1
1
405
4907
8167
1017
3883
1
1213
4160
1
1
8369
1
1
1
6154
9040
1
1
1
1
1
1
1
1
2028
1
1
1
1
1
1
1
1
1
1
1
1
9814
1
1
1
6217
7126
7086
1
8761
6396
2658
9624
1
1
1
1
7608
1
1
1535
1
1
1
1
6195
1
1
4715
1
1
9728
5749
1
1
1
1
1
1
1
1
1
5296
1
1
2483
1
2704
1
1
1
1
2005
279
1
1
1
1
2897
2588
683
1
1
1
1
1
1
1
1
1
1
1
9371
919
3733
1
3046
1
1
1
1
1
1
3812
1
1
1
1
1
2832
1
1
1
1
9580
387
1
1
1
1
1
8355
1
2814
1
1
1
1
6885
1
1
1
1
7811
1
1
1376
9546
6980
1
1
647
1
1
1
9187
1
1
1
1
1
1
5554
1
1
1324
5710
1
1
1293
8636
1
1
1
1
1
1
1
1
1
1
1
4008
3789
6246
1
1120
195
1
1431
1
1
1
1
3378
1
1
8044
3829
1
1
2383
1
1
1
1
803
1
1
4449
2800
1
2970
3702
1
1
1
1
4233
1
1
1157
1
2847
3843
1
4367
1
1
1454
1
1
556
1
1
1
1
1
1
1
1
1
1
1
1
9795
1
5360
1
1
1
4302
9616
1
1
1
1
1
1
5833
8899
1
1
1
3081
1
1
9675
1
1
1
1
1
3571
1
3824
3702
1
1
1265
1
9780
1
1
1
2635
1
6162
1
2533
1
1
8485
1
4340
7083
1
8550
1
1
1
4830
1
1
4345
1
8534
1
1
1
1
4458
2171
1
9262
1
1
3025
4735
1
4136
1
1
1
1
1
7082
1
1
1
1343
1
1
5344
5600
1
5372
1
3863
1
1
6345
8477
8897
5390
1
1
1
6431
4055
1
6947
1
1
1
5612
1
1
1
1
5902
3152
1
8349
8936
1
1
1
1
1
1
5171
1
1
2354
1
4501
1
1
1
1
1
7652
1
2855
1
1
1
1
9415
1
1
1
1
1
1
1
1
1
8862
1
2464
1
1
6349
1
1
1
1
1
2466
512
1
1
5385
1444
1
1
3001
4104
1
1
1
3984
1
1
1
1
1
1
6854
8606
1118
5860
1
1
1
1
1
1
1
1
8923
3213
2654
624
1
1
1
7788
1
1
382
1
1
1
1
1
2597
1
1
129
3147
2908
1
1
1
8799
189
4861
2107
1
1
2237
1
1
1
150
1
1
1
9552
1
1
1
1
1
1
1
1
3829
2871
2383
3225
1
1
1
1
1
1
7250
1
983
1
1
4144
6858
1
766
1
1
7327
1
7628
397
1
1
1
8815
1
3169
1348
8506
1
1
2838
1
1
8503
1214
496
8673
1
1
1
1
2917
1
9731
1
8260
1
5886
1
1
1
7915
1
1
1
7285
6850
9281
1
1
1
1
1
1
1
1
1
1
1
9432
1
1
1
1
1
1
1
1
2574
6624
2511
7996
5197
5569
1
7288
1
1
1
1
1
6521
1
8424
6745
1
1
1
1
3442
1
1
1711
7418
1
1
1
336
1
1
5664
1
1
2905
1
1
1
1
1
1
1
1
189
3531
537
1
1
3973
1
1
6299
9068
1
1
1
1
1
1
1
1
3394
6062
9450
1
601
1
1
1
9786
5440
1
1
8513
1
1
1
1
1
9654
9657
1
7246
1
6981
1
1
1
9880
1
1
2360
2508
1
1
4126
1
3699
1
1
675
1
236
8283
7081
1
1082
1
7591
1
1
1
1
1
1
1
1
1
1
1
2156
1
5009
3161
1
1
1
2
5710
7561
1
1
5575
5329
1
7332
1
1
1
1
1
1
7598
1
1
1
1
660
1
4806
6774
1
1438
1
4113
8136
4646
1
3243
1
9517
863
1
6573
8800
1
7564
1
1
1
1
6078
7252
8884
3647
1
4120
1
1
1
1
5302
1
1
1
1
1
1847
1
8187
2365
3057
1
1
1
1
1498
1
6819
1
1230
1
1806
1
1
1
4634
1
1
1
8407
1
1
1
5990
5823
1
1
1
1
1
9850
1
1
1
8169
1
1
4819
1
1
1
7715
1
1
1
1
5198
1
1
1
1
1
1
1
1
1
1
6793
1
1
1
5310
7485
1
1
1
1
1
1
1223
8673
4907
1
9301
3228
1
1
5979
1
6938
1
1
1
1
1846
1
1
827
1
1
1
1
1
1
1
1
1
6779
2948
1
1
1
1
1
1
1
1
1
1
1
1
1
1
1
1
1
1
2471
7012
1
7900
1
1
1
1
1
1
5943
1
1
1
7546
1
5794
5698
2327
5270
1
1
1
1
1
1
1
1573
6816
109
1
1
8542
7689
9382
7694
1
1
1
6728
1
1
1
1
1
1
4966
1
1
1
4323
2686
1
1
6601
1
9855
1
407
3733
4008
1
1
1
1
2505
1
423
1
6509
3140
1
1
1912
1
1
7983
1
1
3026
9437
2863
1
1
8229
1
1
1
1
5433
1
2357
1
1
1
1
5044
1
1
6703
1
1
8848
1
1
3792
1
1
1
1
7425
1
1
1
351
1
3006
1
1
1
1
9500
1
1
1
1
1
8879
1
1
1
1
1
2369
1
1
571
1
5542
8748
1
1
1
6865
7187
1
1
1572
1
1
1
1
850
1
6487
1
7315
1
1
1
3801
1
1
1
1
4143
1
254
1
1
1
5151
1
1
8017
1
1
1
3335
3596
1
1
1
1
1
1
1
3872
1
1
1
1
1
1
1
1
465
1
1
1
1
1
4578
1
1
7225
1
1
4826
1
1
1
1
1
8426
3929
1
3418
1
6963
4156
1
1
1679
1
6649
1
1
1
1
1
1
2512
1
8639
1
1
1
6948
3754
1
1
1
3481
8086
1
1
3462
2136
1
1
1807
7219
1
1
7046
9345
8550
1
1
1
432
1007
1
1
9460
1
1
1
1
1
1
1
2267
1
7083
1
1
1551
1
550
9638
1
1
4685
1
1
1
3478
1
9907
1
1
1
3933
1
1
1
8694
2927
1
1
1
1
1
1
1
1
1
1
1
1
1
3538
1
1
1
6275
1
1
1
4939
1
5943
1
1
1
1
1
1
1
1
1
5730
1
2641
1
4864
8827
8522
9418
1
1
1
1
1668
1
1
1
1
1
1
2758
1
1
1
1
6723
7716
1
1
1
1
1
1
1
1
6405
751
1
1
1
1
1
1
1
4393
1
1
1
6531
1
1
1
1
1827
1
1
1
6842
1821
9246
4345
7925
1
1023
1
1
1
1
1
1
3892
1
8417
1476
1
6199
8315
1
9235
1
1
9742
6403
6802
1
1
1
1
1
5582
1507
1
1
1
7349
3926
1199
1
1
1
1
1
1
1
1
1
1
1
1
1
1
7417
1
1
9918
1
1
1
5478
3565
1082
6475
1
1
7140
1
1
1
5316
5508
1
1
1
1
1
1
1
1
1
1
2176
1
1
1
1
1
1
1
1
1
1
8265
1
1
1
1
7924
1
714
8388
1
1
1
5020
1
239
1
1
9771
8584
1
2249
1
1
1
1
1
1
7006
1
1
1
1
1
1
9714
5547
1
1
1
1
1
4783
1
1
1
4154
1
1
1
4700
1624
1
1
9173
6635
1
1
1
1
1
7907
1
1
7369
1
1
1
4763
1
1
1
1736
3532
1
1
4660
1
1
1
1
1
5621
6876
1
1
1
1
3532
8650
1
967
1
1
1
1
1
1
4059
1
1
220
1
1
1
1
1
1
1
1
1
454
1
1
6382
7925
1
1
1
1
1
1
1
1
1748
1
1
1
9741
1
6280
7452
4966
1
2
1
1
1
1
8180
1
1
1
1055
8615
1
1
1890
1
8094
1
1
1
1
1
1
8374
1
1
7332
3704
5180
6139
3400
800
9690
1
1
735
1
1
1
5370
1
1
1
1
3684
1
9832
1
6010
1
1
1
3363
1
1435
1
1
8976
1
1
1
1
1
8080
3846
1
1
3767
3410
721
1
1
1
1
1
1653
8251
1
1
5969
1
1
2652
2751
1
1
1
1
5980
1
6284
5136
1
1
1
1
1
1
1
7672
1
1
1
9406
1
1
1
844
7025
1
1
4296
1
1
1
1
1
5085
7993
1
9077
1
179
2140
1
8307
1
1
4103
1
4210
1
1
1
1
1
1
1
4131
1
1
1
1
3681
6073
1
2311
4204
5306
1
1
1
1
1
1
4360
9959
4794
1
1
1
9288
1
1
1
1
1
4691
6601
1
3242
9864
2792
1
1
1
1
1
1
9334
1
1
1
7948
1
1
1
1
1
8906
1
1
6140
1
1
1
1
9888
3763
1
677
1
574
3409
134
9616
1
6417
1
1
2621
1
1
1
8421
1
1
4806
5894
9362
1
1
1
111
1
2349
1
1
1
1
1
1
2119
8590
9270
1
883
1
1
2621
1
1
1
1
823
1
1
5081
9140
4864
1
1
1
1
3903
1
1
7537
2835
3612
1
8290
5326
7668
1
1
4291
7430
1
1
1
751
2412
1
5839
1
1
1
301
1
1
1
1
1
1
5789
1
4851
1
1
1
6256
1
1
8871
1
1
1
1
1
9483
1
1
1
1
1147
1
1
1
1602
1
1
1
6255
1
2781
1
1
138
1
663
1
1
1
2104
1
1
1
1
1563
5093
1
1
1
1
7000
1
1
6010
1
1
1
7323
1
5750
1
3720
1
1
1
1
1
7487
1
1038
1
1
1
2058
1
1
1
3662
1
1
9166
1
9990
1
3296
1
9106
1
1
1
1
1
1
1
1
7052
1
1
5229
1
1
8722
1
1
3438
1
4468
1
385
1
1
4046
1
1
1
1
1
1
1
1
1
1713
1
2023
1
8240
766
1
1
1
1
3979
9120
1
1
1955
1
1
1
3508
3653
1
1
1
8861
4705
9997
1227
1
8012
4845
1
1
4965
1
1
1
1
436
1
3773
1
1
1
1
1
1
1
9936
1
1
1
7161
1651
1
2218
7116
1
1980
1
1
8632
5163
1
1
1
1
3348
1
1
5347
4087
1
1
9710
1
6506
6484
1
1
1
1250
1
1
1
1
1
1
3219
1
1
1
1
1
7774
1
4245
1
1
1
1
508
1
7109
1
1
1
1
1
6471
1
1
1
9229
8000
1
980
6241
6009
1
1
1
269
1
1
1
9100
1
1
5411
1246
9675
1
3692
1
1
7761
1
4818
1
1
1
1
1
5842
1
1
1
579
5650
6028
5690
1
1
1
1
3318
1
1
1
1
9192
1
1
5111
1
1
1
1
4370
5060
1
1
1
8751
1
6963
1692
951
1
1940
6492
1
1
1
1
1
1
1
1812
1
9420
4724
1
4193
6892
1
1
1
1
5595
1
8142
1
1
1
1
1
1
1
4026
6783
6799
921
2852
5440
1
2713
1045
5070
1
1
1
1
2866
1
5304
5355
1
1
5588
1
1
1
1
1
1
1
316
1
1
1
1
1
1
2418
1
7456
1
1
1
1
666
4633
1303
1
1
1
1
1
1
8518
1
5729
1
1
1
1
1
7743
4110
2455
9079
1
1
1
1
7806
1
1
2754
175
1
1
1
1
4835
1
1
1
5608
1
1
1317
1
1
2929
1
1
6802
6176
1
3006
1
1
1
1
1
2365
7816
1
5416
7056
1
1
1
1
1
1
1
1
4741
1
1
1
1557
3022
1
1
1
2279
1
1
1
1
7622
1
1
1
1
1
1
5965
1
1
1
3932
5694
2681
9636
2427
1
1
8194
1
556
1
1
1
1362
8848
1
1
1
1
5136
1
9211
6353
2555
1
520
1
1
1
8703
371
1
1
1
1
1
1
967
1
1
1
5585
1
8509
1
1
9648
1
4454
6056
4111
1
1
1
1
1
6309
8187
1
1
5936
1
1
1
1
1
1
1
1
1
3944
1
888
9151
1
5129
1
9461
9601
1
5676
1
1
1
1
1
1
4035
1
1
1
1
1
1
1
1
1765
2647
1
6442
5909
1
2257
2044
1
1
1
1
1194
1895
1
1
1
1
6243
3920
1
415
1
1
1
1
4049
1
1
1
1
7369
5918
1
1
1
8468
6870
1
1
1
1
1
1
1
3161
3651
1
3056
5213
9834
1
1
1
8162
1
1
1
1
1516
6433
1
1
1
1
1
1
1
2683
1
580
4381
2002
1294
1
1
1
1
1
1
8222
1
1
1
1
7033
1
1
1
1
1504
1
9092
1
1
1
1
1
1
1
1
1
1
1
1
1
1
1
1
1
4513
1
1
1
1
9061
1
1
953
1
1
1
7684
1776
1
1
1
1
3834
6046
1
1
1
2887
1
1
1
1
1
9644
1
5016
1
1
1
1
1
1
1
1
1
1
7747
8262
1
1
1
1
1
1
1
1
1
7963
1
5501
5106
1
1
1
5851
4992
1
1
1
1
6004
1
4571
8780
785
1
1
1354
2472
1
1
3449
7487
1
1
1
1
9993
7298
1
1
1
1
7164
1
1
7537
1
1141
2074
1
6328
5880
1
1
1
1
6630
1
1
1
1
1
8558
1
1
1
1
1
908
7068
1
993
1
1
1
1
1
1
3552
1
9983
650
6058
1
5938
1
1
1
1
1
8106
1
1
9587
1
1
1
8066
638
1
3863
4548
1
1
1
1
1
1
1
1
1
1
1
7648
6365
3360
1
7243
1
2403
1
1
1
1
1
910
1
1
1
1
7469
1
1
1
1
1
1
1
1
1
1
1
1
1
1
2059
1
2837
1
6291
1
310
1
1
1
1
1
387
1
7544
1
1
1
1
1
1
941
1
9309
1
1
4296
1
1
1
2942
1
4014
1
1
6345
1
1
1961
1
1
1
1
1
6893
1
1
1
1
1
1
1143
1
3720
4270
1
1
1
1
6041
8666
1
1
8661
1
1
1
1
1
4858
9612
9714
1
1
1
6537
1
1
1
2031
4787
246
1
1
6641
1
1
1
504
1
1
1
1
9248
1
1
1
1
4882
1
1
3656
9868
2609
1
1
1
1707
1
1
1
3073
1
1
1
8383
1
4003
1
540
1
1
1
1
8643
9490
1
1
6373
5966
7261
1
1
1380
1
1
1
1
1
1
1
1
3173
4383
2220
1
1
1
470
1
6052
8793
1
1
1
1
7728
1
2566
1
1200
9112
1
4569
2563
1598
1
1
1
1
1
1
1
1
1
1
1
1
1
5493
1
1
6316
1
5322
7635
1
9102
1
1
1
1
1134
1
6159
1
4366
1
1
1
7096
7549
1
1
1
1
1
7528
9569
1
1
1
8733
1
1
1
1
1
4918
1789
1
1
1
1
1
1
1
1
1
1
1
1
1
1
1
1644
9578
1
7943
1
1
1
1
8328
1
1
1
1
1
3320
5620
1
725
1
1
7781
1
9975
1
1
7006
1
1877
1
1
8470
1
7894
1
6331
1
4738
8755
9815
1
1
1
1
1
1
7638
1
8710
2774
3181
9808
1
1
1
1
1
1
1
1
1
1
649
1
1
1
1
4368
1
1
1
1184
7306
1
1
1
1
1
1
1
1
1
9878
1
1
1
1
1
2278
6564
1
2148
1922
1
8460
8373
1
1
1
1
1
1
1
4743
1
1
4691
4756
3199
1
1
1
4354
1
1
1
3242
1
1
1
1
5256
1
5020
168
1
1
1954
8288
1
1
9533
1
1
1371
1
1
1
1
1695
1
1
1
1
1
1
8892
1
8976
1
1
1
2041
1
5663
1
1
3973
1
7164
1
1
1
1
1
1983
1
1
1
8800
1
1
9164
1
1
2281
1
1
1
2544
2189
1
1
1
1
1591
1
1
1
6271
1
1
1
1462
1
1
1305
3363
1724
6465
1
1
4748
3777
363
9964
6819
1
1
1
1
5762
1
3480
1
4184
4525
1
1
1
1
9290
542
1
9512
9702
5272
1
1
9540
1
8089
6748
1
6190
9630
7441
1
1
1
1452
1
1
1
1
2718
1
1
1
5951
1
1
1
2104
473
1
8860
1
5957
222
1
7637
1
1
1
1
1
2701
1
1
1
1
1
7816
1
4558
1
2425
6989
7819
1
884
1
5766
1
1
1
1
1
7396
8044
853
1
1
306
1
6751
1
6917
1
1
8590
1
1
1
1
1
1
1
1
7708
4078
1
1
1
1
1
1912
1
2331
1
1
1
1510
112
1
7580
1
2292
1
1
1
1
1070
1
5697
1
8314
1
1
1
1
3945
1
1
1
1
6317
1
9133
1
1
6150
1
3368
1
1
343
2319
1
1972
1
9947
3269
1
1
7470
1
1
1134
1
5286
1
1
1
8008
2923
1
1
1
1
1
1
6870
1
1
6706
1122
5293
4719
5990
1
1
1218
1
1
1
643
1
1
7345
3942
1
1
1
5958
1
1
1
1
5304
1
1
1
1
3181
9143
1
1
1719
1
1
2400
961
1
1
1
6896
1
1
1
1
1
1
9112
1
7411
1
1
2858
1
1
8132
1
4897
1
7737
7757
1
2074
1535
1
1
6819
8711
1
1
3796
1
3447
1
1
1
8806
3641
3005
1
8180
8199
1
4728
1
1
1
1
1
1
1
1
1
1
1
4035
1
5203
3616
1
1
1
1
1
1
1
7958
1
1
1
2399
1
3663
1
1
1
9440
3755
1
8127
1
3471
1
1
1
7789
5224
3730
1
1
1
67
1
1551
8929
1
1
1
2253
1
1
1
1
5122
1
1
8833
1
2080
1
1
1
1
1
1
1
1
1
1441
1
1
9846
1
1
2672
1
1
1
7231
1
1
1
1
1
1
4335
1
1
1
7815
1
6546
3385
3219
9243
241
1
3624
3533
1
4066
1
1
1
8957
2344
1
1023
1
6110
1
1
1
1
1
1
1
1
1
2551
825
1
6581
1
1
8442
1
1
1
1
3427
1
1
2521
1736
1
1
1
1720
1
672
9980
9671
1
1
1
1083
1469
3957
1
1
6535
1
1
1
1
1
1
7020
1
9435
3566
7769
1
1
974
1
1
4683
1
1
1
7155
9608
1
1
1
1
1
1
9186
1
2767
1
9053
1
1
1956
1
8251
1
1
1
1
7901
1
1
4053
7399
1
4214
1
155
1
2713
1
2300
1
1
5029
1
619
4629
1481
1
3152
1
1
1
1
1
6006
8950
1
8943
7529
1
7436
1
9913
5838
2082
1
5506
1
1
776
1
1
1
1
82
1
177
1
9273
2426
2820
1
1
8461
1
1
2840
1
4797
1
9496
1
1
1
6654
128
9662
1
1
6610
1
1
4996
1
1
1
6561
1
1
1
4518
1
6233
1
1
6336
1
1
1
4205
1979
1
1
1
1
6407
6922
1
8099
1
8992
1
1
1
1655
1
5468
3041
1
5226
9377
1
1
7513
1
2222
1
8005
1
1
1
3626
1
1
1
2464
1
1
1
1
1
9759
1
7043
1
1854
1
1
1
203
3762
5037
1
8602
8403
1
1
1
1
1
1
8455
1
1
1
1
9752
9844
1
8610
7174
3288
1
1
7855
1
6740
1
6709
1
5979
5824
1
1
1
1
9169
1
1
1
2668
1
1
1
1
1
1
1
1
1
1
1
1
1
1
1
1
1
1
1
7603
5824
1
1
1
1
1
6560
1676
1
1
1
1
1
1
1
1
1
581
1
2320
1
1
7387
1
4154
1
1
1620
1
1
1
1
1
1
1
1
1
1
1374
1
1
1
6183
1
1
1
1
5265
1
6618
3635
1
1
1
1
1
9568
1
3252
1
8388
6334
1
1
1
1
1
1
1
1
1
1
1
1
1
4654
1
5198
4513
1
1
1
7124
1
957
3376
1
5496
1
1
1
1
1
4386
646
1
1
1
7206
1939
1
1
1
1
147
8106
1
1
1
1
1
1
8029
2257
619
1
1
1
1
1
3257
2554
1
1
1
1
1
1
2316
1
663
908
6931
1
1
8308
1
1
1
9934
1
1
1
1
1
1
8914
1
8683
1
1
6524
1
5465
1
1
1
1
1
3391
5917
1
1
1
1
1
7073
1
7338
1
1
1
1
1
1
1
1
1
1
4583
1
1
2395
1
8153
4020
5093
4763
1
1
5777
874
1
6075
1
5289
1
4572
1
1
1
1
7498
1
1
1
1
1
1
1
369
1
4054
8551
1
4781
1
1
1
3624
8597
1
1
1
1
1
1
1
9894
5502
306
4804
1
1
1
3584
1
1
3281
1
1
1
1
1
1
1
1
5375
624
8573
1
1
3821
1975
1
8346
1
1
8872
1
1
1
1
1
3130
5524
1
1
1
1947
1
1
3269
1
1
8752
1
1
1
6170
5422
1
1
1
1
1
3340
2304
4933
4376
1
17
1
1
1
2231
5770
7977
1
1074
4650
6221
2649
1
1
1
304
2
1
1
1
9969
1
691
1
1
1
1
1
1
1
1
1
9800
7128
1
1
1
1
1
1
1
1
1
4711
2966
1
1
1
5930
1
1
1
8194
2763
1
1
1
1
1
1
6871
1
1
7468
4675
1
588
2070
1
1
1
4332
8547
1
8991
2520
1
1
2374
3928
1
4874
1
3663
6772
1
3107
1
1
6481
1
1
1
1
1
1
1
1
1
819
1
6720
1
1
1
1
9825
4899
1
4529
1
1
1
1
7105
3322
988
1
1
1
4604
7716
1151
8711
5353
2256
1
425
1
3514
1
1
1
1
1
1
1
1
1
6505
1
7015
2690
1
1
271
1
7602
1
1
1
1
5574
1
9049
1
1
1
8950
7342
1
2540
1048
1
1
1
1
1
7676
1
5924
1
1
1
5785
1
1
1
1
8972
1
1
3452
1
1
1
1189
1
1
1
1
1
1
4751
1
1398
1
290
1
1
6642
8796
1
1
1
1512
6438
1
1732
1
1
1
1
1
1
1
1
1
1
1
1
1
1
5803
1
5267
1
1
1826
1
1
1
3883
1
1
1
2566
1
5686
2732
7774
3796
589
7001
1
1
1
9390
2222
1
2068
1
531
1081
5179
7098
1
1
1
1
1
1
3684
1
7295
1
1
2087
9124
1
8316
8609
9630
1
967
3500
1
1
5597
1
3593
3942
1
1
1
1
1
1
7135
1
1
1
1
1
1
1
1
1726
8069
1
1
4386
9462
1
1
1
1
1
444
1
1
8148
1
5809
1
1
1
1
2229
1
1
1
9583
2176
3106
3522
1
1
5516
1
1
1
1
7878
1
1
1
9967
1
1
1
1
1
1
1
1
1
1
1
9450
5001
1
4941
1
1
1366
6141
9955
4676
8102
1
1
4024
1
1
1
1371
1
1
1
1
1
352
1
1
1
1
1
1
1
1
1
1
1
1
1
1
1
1
1
1899
1
1
3152
1
1
4889
1
9217
1
1
1
6590
1
1
231
1
2704
1
7616
1
1
1
1
5642
1
1
1
8397
1
1
1
1
1
1
1
1
1
1
1408
8474
1
1
1
1
1
1
1
1
1
6878
3078
1754
1
807
1
1
1
1
475
1
1
9389
8743
5356
9180
1
1
1
1
1
4443
1
1
4422
1
2434
1
3456
2973
5121
1
235
1
1
1
5034
1
1
1
1
1
1
1
5528
4603
1
9025
1
1
1173
1
1
8251
1
1
1
1
6255
7228
1
8373
1
1
5166
1397
1
9497
1
1
1
1
1804
1
2352
1881
1
1
1
1
1
7403
1
1
4695
1
1
1
1
1
1
2168
1
1
1
1
6379
7016
1
6841
4231
1
1
1
1
7239
1
4473
1
1
1
3257
1
7889
9827
1
1
1
520
1
1
1
1
1
1
1
1
1
1
1
1529
1
1
1
1
1
9063
1
3566
1
1
1
1
5181
1
1
1
1281
1
1
1
1
1
1
1
1
1
7731
3219
1
1
1
1
9236
1
1
1
1
1
8651
1
1
1
387
9035
1
1
1
1
9819
1
1
1
7816
1
1
1
1
4353
3879
1
1
1
3844
1
1173
1
1
1
1
1
1
1646
1
4927
1
1
1
2614
1
1
3096
3492
1
1
5571
1
1
4935
1
6622
8374
5707
1
1
1
1
1
1
3522
1
5796
1
1
4198
1
1
1
1
3681
9690
1
1
1
2059
1
1
1
1
1
561
1
1
1
341
1
5815
2786
1
5872
1
1
1
1
1
1
1
1
3720
8365
1
1
1
5343
3957
1
2629
1
1
1241
1
1
1
8278
1
1
4599
1
6370
6536
1
1
8491
1
165
1
1
8232
1
2246
1
1
1
1
1
3210
1
6613
3972
1
1
1
1
1
1
1
1
1
1
1
1
1
1
1
4957
1
9064
1
5388
1
1
1
1837
975
9571
1
1
1
904
1209
1
1
9287
7302
1
1
1
1
1
1
6357
1
8433
1420
1
1
1
1
1
5197
1
1
2090
1
1
1
1
4614
5653
1
3733
1
8082
1
1
1
1
1
1
1
1
194
1518
1
1
1
1
1
1
1
5634
1
1
7528
1
1
6600
1
1
3912
1
1
1
1
8991
9666
1
1
4660
1
1
1
1149
1
4217
1
1
1
1
1
1
1
6681
1
1
4532
1
1
3117
5573
1
1
6124
6368
1
1
2784
1
1
1
261
3349
1
1
2450
1
1
3619
1940
1
1
2074
1
1
1
1
1
1
6290
3849
7840
2257
7310
1
1
1
8368
1
1
1
1
1
9042
9925
1
1
1
1
1
1
1
9888
1
1
3327
1
1
1
1
3845
1
7508
7614
6427
9383
1
1
1
9904
1
1
1
7327
1
1
1
1
1
1
1
1
7459
1
118
5806
1
1
1
5044
1
1
1
1
1
1637
1
1
1
1
1930
7181
1
4996
1
217
1771
1
1
1
1
180
6763
1
1
7252
1
4882
1
1
1
1
1188
1
7616
1
6690
1
1
4288
1
1
1
4132
2593
1
1
1
1
1
1
1
1
1
4448
1
1
4055
1
1
1
1
1
2269
1
2994
1
5450
1
5523
1
1
1
1
1
1
5634
3206
1340
1
1
3520
1
1
1
1
1
811
1
1
9070
1
1
1324
1
1
6238
1
1
1
1
4560
1
1
1
2128
2320
1
7061
1
3778
1
8596
9733
5253
1
1
1005
1
1
1
1
1
6914
1
1
1
1
1
1
1
1
1
1
1
1
1
1
1
1
5809
2706
1
8122
1
2817
1997
1
1
1
1
1
1
1
1
1
702
1
8053
1
1
1360
8661
1840
1
1
1
1
4398
1
6265
8245
1
1
1
7637
5556
1
6289
6380
3497
1
1
1
1
1447
1
2154
7580
1
1
4312
7388
1
1
854
1
1
1
1
1
1
1
1
1
1
1
7480
1
1
1
3500
1118
1
1
1
1
3043
1
1
1
3731
1
1
5900
1
1
1
1
2594
1
3641
1
1
1
1
1063
1
1040
1
1
4026
1
1
1
1
1
2960
1
1
5211
1
1
1
3193
1
1
1
1
1
7867
1
2025
3746
9026
1
7597
2661
1
1
1
1
6510
1
1
3672
8134
1
1
1
1830
1
7832
1
1
3233
5872
1
279
1
5542
1
1
1
1
1
1
1
1
1
1
1
1
1
1
1
1
6325
1
1
1
1
1
9224
1
1
3678
1
8483
8808
3387
1863
9780
3593
1
1
1
7587
7414
1
1
2803
1800
1
1
1
2488
1
1
1
3193
1
1
1
1
1
1
9291
1
912
1929
1
1
9341
1
1
1
1
8739
6527
1
4499
105
1
1
1250
1
1
4591
9497
1
1
1862
7663
1
1
1
1
8060
1
3285
1
2962
1794
3004
1104
1
9969
1
1
1
1
1
1975
1
7525
1
1
1
1
1
6724
1
5852
1
1
1
900
1
1
1
1
9597
1
1
8332
1
1
1
2116
1
9194
1405
1
1
1
1
1
1
1
1
1
1
7110
206
1
1
1
1
1
1
1
929
1
1
1695
5459
3992
1
1
3140
1
1
1
1
1
8706
7803
5834
1
1
1
1
1
1
4235
4450
1
1
1
1
1
1
1
1
1
1
1
7689
775
1
1
1
1
3887
1
4598
5522
1
1
1
1
9302
1
1
2448
1
1
1
3189
4398
1
1
905
1
4160
4495
6252
1
1
1
4408
1
1
1
1
8403
9082
1
1
526
6131
1
3819
6545
1
2548
2199
1
1
1
1
1
1
1
1
1888
1
1
1
1
1
1
1
1
8269
1
1
1
1
3013
4546
1
1
1
7904
7195
1
1
6448
8527
1
1
6469
1
8879
1
296
1
1
1
1
1
1
1
1272
5921
9740
1
1
1
9887
1
1
1
4498
4258
1
1
269
1
1
1
1
1
1
1
1
1
2146
1628
1
1
1
1
5052
757
2374
1
1
1
1
1
1
8318
1
1
6481
1
1
1
9422
1
8115
1
9314
1
1
1
1
1
1
9833
2130
5088
1
1164
1
1760
1
6431
1
1
1
1
1524
1
1
1
1
1
3350
1
1
1
1
4413
1
1665
1
1
5610
1
6739
1
1108
2584
1
5051
263
1
7762
1
1
1
1
1
2907
1
1
1
1
8770
8581
1
111
1
2886
7372
1
1
6569
5174
1
1
1
1
1
1
1
9631
4246
1
1
4070
8983
2883
4538
1
9696
4438
1
1
2160
1
1
1
9002
441
1
1
1
1
1093
1578
1
1
1
1
1
1
3282
1
1
1
1
1
1
2895
3552
1
1
1
2335
1
1
5893
1
1
2527
1
1
1
1
1
1
4284
1
1
1
1417
1
1
1
1
1
1
3350
1
1
1
1
6813
1
1
1
4300
1
1
1
1758
2340
1
1
1792
1
1
8199
2652
4164
1
1
4093
4415
1
1
7234
7873
1
3300
314
9491
1
1
1
1
1
1
1
1
8706
7232
637
1
1
1
2577
6103
1
5106
1
1
1
1
1
7549
1
1
1
1
1
1537
1
1
1
1
2605
1
1
1
1
6769
5750
6942
3406
4431
1
1
1
1
1
1
1
6315
1
1
2295
1
6843
1
7720
1
4195
1
1
8208
1
1
1
1
1
1
1
1
2648
9531
1
5182
1
3872
1
1
2727
1
2675
1
1
7076
212
1
1
1
7625
6732
7230
7830
1
7383
1
362
1
6156
1
4711
1
1
1
1
1
1
9508
4899
1
1
9975
1
2004
1
1
1
1
1
1
1
7846
1
1
1
1
1
8447
2563
1
1
1
2472
1
1
1
1
1
5204
3455
1
1
1
1
1873
1
477
6717
1
1232
1
1
1
1
1
1
7570
1
1
1
1
7312
1
1
1
1
1
1
1
1
1
1
1
595
3241
1
1
3622
1
1
1
301
2238
2825
2670
1
1
1
1
1
1
1
7268
2501
1
1
1
1
1
1
1
1
1
1
867
1
8964
1
1
1
1
7147
9946
1
7514
1
228
5489
1
1
1
1
1
1
1
1
1
9229
1
6596
1034
1428
1
1
1992
1
1
1
9020
1
1
1
1
1
1
1171
1
1
1
1
1
1
4102
1
4667
1
1
1
7438
1
1
1
1
1
1
1
1
1
1
1
1
1
1
1
5791
742
1566
1
1
7969
1
1
1
1
1
1
1
1
1
1
9936
1
1
926 9797
692 6639
103 1114
915 9163
447 4287
845 7845
843 8803
178 1844
793 7862
905 9697
476 4568
194 1928
354 3828
989 9522
441 4326
315 3227
852 8804
888 8358
775 7922
896 8401
401 3903
527 4971
722 7277
811 7753
261 2574
638 6338
190 1931
784 7522
847 8993
83 798
260 2705
107 1043
27 268
95 995
758 7963
535 5151
658 6190
668 6603
566 5991
146 1489
912 8654
654 6270
153 1488
503 4826
482 4745
322 3143
48 520
95 966
211 2053
735 7219
402 4012
66 652
733 7239
643 6234
333 3303
255 2446
54 550
659 6381
872 8897
193 2028
835 7854
696 7163
58 633
929 8663
768 7948
65 610
936 9513
151 1423
998 9472
1017 10000
476 4777
65 658
763 7648
779 7816
401 4217
933 9427
479 4839
956 8785
753 7557
728 7077
922 9380
792 7330
704 7484
540 5404
175 1629
87 905
475 4905
489 4822
5 59
370 3603
217 2146
62 630
678 7129
202 1996
21 225
801 8056
322 3104
128 1247
718 7732
949 10000
887 8567
155 1603
627 5847
97 979
290 2889
822 8664
93 847
176 1866
205 2028
680 6968
495 5060
622 5689
853 8548
305 3089
21 196
88 884
21 208
524 5065
476 4498
533 5342
464 4803
222 2238
166 1610
727 7181
932 8910
562 5508
671 6503
623 6170
404 4186
777 7814
800 7904
163 1545
625 6171
598 5567
618 6040
117 1112
269 2943
496 5196
407 4144
530 5307
141 1509
680 6855
188 1914
352 3491
9 102
576 5532
953 10000
397 4284
30 325
453 4535
825 8174
693 7211
565 5413
341 3260
542 5124
110 1038
318 3187
588 5853
826 7922
806 7839
147 1402
828 8278
127 1300
829 7703
850 8262
712 7013
315 3109
506 5251
665 6798
171 1603
853 8546
593 5847
102 998
322 3416
876 8603
176 1767
434 4479
538 5148
297 3109
134 1270
70 752
627 5998
564 5893
806 7843
415 4004
771 7896
574 5407
745 7437
991 9498
514 5139
58 575
754 7478
236 2477
544 5193
35 325
38 378
959 9351
607 6148
64 634
870 9238
315 3069
549 6052
634 6489
900 8789
422 4211
722 6679
767 7433
144 1501
991 9839
441 4304
269 2675
36 338
102 992
950 9999
365 3879
655 6258
344 3439
826 8240
547 5358
804 7900
473 4625
532 5181
11 123
108 1132
678 7097
76 824
168 1640
954 9487
91 895
297 2936
942 9269
434 4706
359 3391
416 4449
498 4772
865 8376
626 6572
490 4896
719 7433
167 1649
279 2695
196 1853
514 5036
667 6301
70 698
780 8171
910 9481
656 6523
659 6736
447 4497
211 2047
680 6365
278 2758
797 7813
408 3933
438 4254
631 6546
963 9807
378 3614
103 1111
806 7808
99 911
953 8790
129 1221
522 4835
142 1450
745 7128
462 4632
259 2612
458 4306
76 721
520 5459
54 529
244 2424
580 5862
679 6558
89 955
971 9790
605 6003
25 250
463 4265
466 4501
674 6700
920 8787
905 8867
865 8640
316 3066
45 466
349 3626
335 3357
93 938
679 6673
989 9614
1045 9907
283 2867
776 7876
725 7340
853 8510
404 4021
245 2404
865 8771
153 1571
376 3673
31 301
290 2676
659 6309
186 1788
57 568
463 4466
568 5493
325 3117
431 4237
28 293
778 8139
194 1921
17 170
1002 10000
863 8280
159 1651
201 1998
46 463
870 8897
691 6898
464 4337
243 2541
432 4239
733 7622
546 5683
909 8895
361 3692
562 5534
120 1184
187 1959
702 7081
101 1070
308 3030
488 5027
978 9276
536 5134
645 6862
964 9754
677 7334
13 128
316 3275
583 5944
1030 9753
492 4868
960 9286
282 2622
542 5099
187 1954
449 4815
966 10000
829 8349
736 7524
426 4188
763 7616
167 1714
726 7415
83 811
301 3059
211 2083
594 6101
1 20
108 1113
808 7676
840 8861
25 261
448 4562
75 765
104 1056
882 8526
248 2424
657 6515
264 2865
840 8353
704 6847
561 5893
753 7460
277 2773
931 9689
117 1144
147 1546
634 6720
57 560
867 8462
388 3722
803 7997
608 5616
830 7542
28 273
842 8565
663 6705
24 250
707 6518
488 4849
216 2173
669 6557
178 1784
768 7486
626 6740
94 896
213 2117
207 2177
726 7565
689 6678
868 8988
902 9166
298 2939
966 8812
125 1237
1031 9833
974 9572
238 2422
949 9452
96 983
42 451
56 564
467 4620
777 7916
729 7561
907 8523
722 7853
470 4751
534 5275
517 4858
935 10000
12 127
555 5705
180 1636
734 7499
13 128
66 711
88 906
297 3073
898 9005
277 2702
461 4456
470 5078
785 7991
37 362
853 8320
340 3557
933 9580
349 3511
363 3675
980 9534
542 5245
223 2190
366 3458
845 8511
622 6315
274 2732
879 8942
52 533
944 9670
110 1178
623 5989
572 5330
803 8340
805 7876
622 6737
522 4817
795 8349
680 7037
421 4295
254 2617
727 7402
164 1602
791 7279
865 8104
390 3669
534 5551
930 9724
195 2092
525 4959
671 6500
437 4620
448 4533
206 1951
664 6732
922 9096
585 6236
275 2745
944 9589
471 4825
616 6023
136 1383
537 5299
162 1660
340 3493
