1000 1000 500
49 222 462 222
177 9 177 400
101 731 622 731
901 278 901 706
383 577 383 776
743 409 743 660
326 552 770 552
819 543 819 931
303 383 324 383
43 153 43 298
597 788 602 788
583 991 771 991
25 35 25 944
839 571 839 660
7 82 7 647
585 379 585 973
77 261 983 261
4 7 351 7
240 214 240 690
691 7 691 28
918 646 918 789
16 171 16 185
695 32 695 332
148 205 148 758
592 164 592 686
732 610 732 725
281 670 281 949
588 522 588 901
480 258 698 258
180 689 719 689
351 781 959 781
511 711 981 711
313 177 370 177
119 467 584 467
725 307 769 307
583 142 583 494
445 582 445 951
278 285 729 285
301 359 301 517
74 746 810 746
250 217 250 835
937 441 937 801
175 523 500 523
393 136 393 670
580 522 962 522
181 494 776 494
122 241 783 241
327 119 327 307
15 390 361 390
546 435 546 828
302 96 829 96
2 263 2 268
578 831 800 831
806 253 806 440
718 443 718 780
279 361 909 361
549 137 549 781
871 499 871 872
328 405 649 405
241 64 241 502
945 190 945 872
1 486 1 515
168 461 168 780
434 196 434 753
126 688 311 688
641 591 971 591
699 3 699 879
59 71 369 71
547 141 981 141
817 115 817 790
777 197 777 956
483 821 535 821
584 13 920 13
108 855 835 855
691 553 691 999
131 466 131 932
442 297 442 489
97 825 523 825
751 300 751 827
150 55 150 892
328 471 328 666
237 588 452 588
805 90 805 164
498 904 502 904
107 828 449 828
168 246 458 246
880 544 880 616
552 586 955 586
510 686 786 686
175 134 175 719
629 593 629 975
672 118 672 910
147 472 147 982
202 246 202 735
139 872 854 872
4 545 348 545
898 447 898 940
123 539 821 539
591 450 742 450
523 121 523 639
710 419 859 419
45 454 393 454
897 303 897 751
670 744 744 744
69 81 69 944
133 998 882 998
917 288 917 921
976 260 976 861
814 34 814 47
623 133 954 133
993 72 993 369
48 800 906 800
874 103 874 125
866 369 866 634
601 88 601 182
686 582 686 752
484 841 584 841
134 945 841 945
545 204 545 972
16 404 86 404
21 13 21 670
380 92 380 359
558 1 558 506
629 270 629 465
359 712 827 712
308 309 431 309
12 151 12 726
419 137 419 483
421 614 940 614
832 831 832 943
596 213 596 804
412 211 412 524
116 671 201 671
445 711 457 711
931 539 931 978
66 541 85 541
44 185 765 185
219 57 219 513
294 870 421 870
447 437 447 982
441 168 441 537
275 293 275 712
780 983 881 983
466 434 720 434
447 837 478 837
89 903 628 903
950 392 950 562
50 134 50 977
250 220 984 220
263 218 263 855
669 180 669 501
565 678 565 776
434 779 434 919
588 760 942 760
21 822 205 822
432 791 540 791
324 229 810 229
610 861 799 861
947 634 947 806
143 933 943 933
424 497 489 497
45 142 528 142
607 279 881 279
418 493 436 493
460 218 616 218
747 207 747 527
27 801 273 801
734 474 842 474
519 342 613 342
247 273 756 273
386 187 386 480
362 557 796 557
275 749 357 749
319 191 430 191
269 223 269 699
739 356 998 356
249 659 979 659
109 71 109 404
551 296 551 632
325 770 325 896
870 358 870 1000
565 67 669 67
238 788 382 788
650 537 650 977
405 213 405 903
956 110 956 235
572 848 572 884
729 338 729 661
703 66 705 66
842 761 842 838
199 87 566 87
448 377 581 377
555 68 555 80
126 503 498 503
39 163 867 163
6 564 972 564
104 221 605 221
884 307 884 511
58 981 651 981
591 113 591 300
90 19 90 690
89 337 89 369
535 354 535 981
274 962 423 962
483 274 974 274
369 323 369 720
16 974 888 974
61 213 228 213
579 492 579 572
326 593 332 593
236 550 236 948
933 133 933 434
200 250 304 250
645 484 955 484
67 628 67 821
916 399 916 698
452 960 877 960
524 383 783 383
965 624 965 790
799 450 799 876
238 967 468 967
508 279 508 455
62 826 344 826
374 56 374 425
555 957 913 957
702 723 702 926
151 489 382 489
541 425 607 425
463 353 624 353
519 285 519 436
617 419 617 680
318 156 975 156
859 805 859 991
652 495 850 495
24 36 980 36
338 143 923 143
119 888 936 888
766 305 766 811
294 83 828 83
580 353 580 420
345 340 345 852
75 871 912 871
194 932 680 932
582 782 791 782
368 112 966 112
395 42 395 160
223 942 669 942
77 645 404 645
275 996 365 996
196 652 425 652
891 75 891 167
199 695 662 695
850 807 850 850
396 931 396 1000
596 134 880 134
22 510 22 733
556 175 556 448
434 104 436 104
89 579 101 579
486 725 486 902
54 799 418 799
953 70 953 949
263 723 724 723
336 294 336 322
728 175 728 550
511 647 511 846
426 755 840 755
724 777 724 800
634 196 634 240
815 924 858 924
6 102 110 102
453 272 453 372
207 54 207 473
76 344 76 925
641 152 818 152
154 304 973 304
439 210 523 210
246 771 546 771
82 372 810 372
135 715 273 715
857 128 857 298
378 331 378 534
346 964 600 964
446 78 877 78
71 690 835 690
106 667 914 667
29 327 389 327
534 718 952 718
491 188 491 432
362 107 639 107
42 947 896 947
234 640 234 850
84 851 84 953
981 887 981 889
31 783 31 795
645 751 1000 751
333 863 916 863
100 89 857 89
155 380 256 380
214 501 214 859
227 11 227 417
37 154 815 154
173 601 173 904
804 629 804 963
315 169 315 914
6 151 347 151
345 758 900 758
999 138 999 975
601 30 974 30
996 534 996 939
472 0 472 585
349 807 454 807
552 763 552 986
463 111 463 290
261 938 290 938
317 859 471 859
867 1 953 1
2 52 78 52
126 673 521 673
207 862 434 862
1 838 873 838
954 697 968 697
54 110 81 110
8 514 369 514
71 575 71 594
590 570 720 570
398 116 751 116
354 407 354 841
100 298 100 798
244 30 244 175
96 275 835 275
89 21 89 186
168 43 879 43
326 929 806 929
290 638 290 900
518 353 518 615
299 79 659 79
0 518 879 518
138 978 528 978
897 94 897 117
179 184 179 952
700 22 700 197
322 889 965 889
778 893 778 933
622 440 622 528
887 404 887 711
472 66 689 66
41 216 782 216
473 134 473 898
313 283 412 283
493 186 591 186
706 395 845 395
263 443 412 443
443 592 458 592
787 220 787 933
310 542 310 943
100 893 938 893
166 432 349 432
342 391 523 391
879 394 934 394
56 829 546 829
674 587 674 601
167 227 167 763
359 524 359 916
452 59 452 915
175 247 349 247
35 743 464 743
492 529 522 529
424 42 424 395
222 491 222 802
438 648 438 884
96 58 96 519
201 336 201 443
983 28 983 997
95 426 95 860
994 158 994 810
835 109 835 758
31 146 626 146
218 313 218 798
214 909 863 909
21 198 718 198
538 201 608 201
205 292 205 753
884 16 884 209
187 352 499 352
673 928 673 946
993 379 993 467
579 422 919 422
123 423 123 485
86 973 319 973
361 157 361 245
510 734 701 734
236 359 236 508
414 246 414 690
159 149 497 149
143 429 434 429
480 95 889 95
101 96 246 96
660 121 660 139
779 35 779 441
209 237 954 237
289 336 633 336
44 992 564 992
195 920 669 920
575 357 575 814
184 51 861 51
307 989 625 989
243 431 243 812
266 201 266 447
197 32 197 893
534 290 951 290
165 196 165 515
262 608 262 683
89 408 89 733
607 65 607 180
990 10 990 211
293 30 345 30
270 53 926 53
503 586 533 586
189 302 465 302
534 87 534 325
174 107 174 462
930 330 930 706
368 74 368 657
495 62 495 806
221 82 304 82
814 506 814 698
948 306 948 863
276 310 326 310
609 592 828 592
160 117 758 117
318 259 318 875
3 620 966 620
653 128 653 917
339 496 693 496
135 784 384 784
722 171 722 830
463 527 652 527
990 296 990 521
350 852 967 852
604 636 631 636
166 704 765 704
852 859 923 859
156 331 962 331
762 339 762 399
281 169 281 370
485 749 717 749
423 914 952 914
866 661 866 662
440 491 592 491
469 21 469 888
313 738 313 787
454 140 454 961
95 107 206 107
164 3 565 3
544 33 544 475
27 558 456 558
604 273 604 813
734 582 734 867
919 219 919 376
709 418 838 418
220 552 220 991
22 113 22 461
275 853 544 853
808 992 870 992
154 104 154 371
418 851 926 851
776 374 776 796
123 92 711 92
564 403 564 561
214 190 532 190
272 824 892 824
198 481 247 481
342 353 342 846
182 145 773 145
444 140 444 364
390 633 390 952
437 858 487 858
670 334 997 334
866 96 883 96
795 792 966 792
85 78 85 88
397 82 947 82
318 138 944 138
410 176 964 176
389 555 389 896
545 646 882 646
740 80 786 80
243 379 830 379
680 190 827 190
899 181 899 220
226 562 472 562
276 182 276 923
455 87 455 885
810 360 862 360
433 23 433 791
548 326 548 633
83 848 714 848
888 424 888 805
556 708 889 708
