1000 100 1000
795 13 795 92
0 13 968 13
243 14 243 82
19 54 1000 54
192 2 192 5
270 38 270 73
133 2 133 3
992 57 992 63
20 4 20 14
381 0 381 35
904 45 904 89
51 1 951 1
480 34 480 62
281 50 281 90
371 26 371 45
113 62 113 65
598 28 598 63
158 84 965 84
537 1 537 96
897 61 897 98
768 12 768 89
762 37 762 86
521 16 521 88
974 61 974 87
94 10 115 10
424 54 424 89
608 1 608 100
31 93 870 93
739 11 739 70
935 67 935 71
108 14 108 92
124 3 124 28
236 56 236 60
126 4 126 94
412 0 412 33
310 2 310 89
824 30 824 95
742 42 742 63
202 8 202 57
365 10 365 15
235 26 235 53
691 19 691 100
10 85 10 95
801 68 801 75
713 54 713 78
59 32 59 45
509 17 509 30
511 38 511 94
992 67 992 84
345 31 345 80
464 52 464 68
52 56 929 56
594 2 594 64
678 0 678 85
24 28 951 28
124 42 124 49
729 23 729 72
943 22 943 78
962 1 962 51
54 21 54 75
439 9 439 80
777 13 777 52
828 69 828 97
975 45 975 85
536 42 536 82
843 3 843 36
878 27 878 38
956 67 956 100
658 3 658 84
374 19 374 99
524 14 524 20
888 82 888 91
924 8 924 86
757 0 757 6
665 64 665 98
9 55 998 55
317 0 317 69
977 10 977 95
40 34 995 34
906 6 906 92
55 3 55 51
96 41 992 41
719 36 719 39
887 93 932 93
15 48 15 63
988 74 988 92
530 12 530 44
618 11 618 90
808 35 808 70
652 8 652 99
333 13 333 20
328 19 328 28
171 42 171 95
308 28 308 45
620 14 620 99
314 0 314 40
455 2 455 71
66 63 912 63
367 77 367 78
333 28 333 33
39 4 39 7
631 7 631 33
683 6 683 19
2 48 901 48
937 83 937 93
425 6 425 78
635 4 635 91
6 12 942 12
508 70 508 78
559 6 559 86
234 11 234 83
627 6 627 91
92 6 92 78
136 55 136 100
406 19 406 35
545 7 545 62
631 62 631 68
883 65 883 75
956 21 956 45
784 25 784 87
850 21 850 42
541 13 541 82
575 64 575 95
864 18 864 41
363 27 363 83
71 52 979 52
166 78 166 93
809 37 809 47
601 32 601 60
869 47 869 98
849 10 849 69
33 26 33 28
783 13 783 55
873 42 873 77
46 3 46 88
984 35 984 98
432 41 432 96
626 15 626 50
586 37 586 63
39 57 39 86
57 75 955 75
11 60 994 60
746 28 746 92
358 10 358 12
64 99 982 99
240 40 240 94
432 9 432 36
915 46 915 92
913 65 913 85
604 14 604 24
119 13 119 46
421 2 421 13
411 2 411 88
166 13 166 17
358 15 358 37
263 78 263 84
257 49 257 87
220 74 220 91
503 10 503 86
988 71 988 73
9 5 995 5
389 73 389 82
239 9 239 95
753 0 753 100
606 39 606 79
773 55 773 82
520 24 520 36
177 5 177 89
35 6 35 33
272 21 272 69
32 43 32 80
191 11 191 90
724 12 724 19
32 40 923 40
116 10 946 10
951 6 951 58
105 8 105 89
440 24 440 80
86 32 86 83
36 17 36 99
996 44 996 82
421 18 421 21
8 8 953 8
11 92 966 92
168 13 168 96
821 58 821 83
724 90 724 100
6 74 939 74
744 46 908 46
780 17 780 93
981 25 981 99
447 35 447 90
964 14 964 94
111 11 111 84
260 90 260 96
693 19 693 59
94 19 925 19
151 45 151 66
383 21 383 89
277 17 277 83
628 46 628 57
578 55 578 76
367 31 367 54
941 72 941 90
633 2 633 22
443 25 443 84
463 4 463 9
160 1 160 35
112 9 112 90
588 9 588 90
942 2 942 81
384 36 384 83
15 2 15 4
468 51 468 95
34 14 34 78
761 16 761 25
948 65 948 67
976 59 976 71
2 80 987 80
874 14 874 86
463 30 463 91
289 4 289 91
186 1 186 97
704 45 704 98
682 2 682 78
306 88 306 93
597 18 597 24
490 53 490 64
695 55 695 71
896 52 896 86
313 14 313 89
165 19 165 91
103 19 103 36
882 63 882 75
908 10 908 88
692 16 692 96
771 60 771 76
13 6 971 6
219 30 219 73
90 51 987 51
93 38 93 86
373 12 373 73
373 83 373 89
461 53 461 81
673 7 673 96
414 69 414 92
377 97 377 98
13 65 997 65
453 33 453 86
37 4 978 4
546 9 546 27
101 69 101 94
65 53 65 59
179 23 179 87
276 18 276 99
18 24 991 24
605 3 605 16
0 30 996 30
370 13 370 60
301 0 301 60
246 56 246 95
22 43 918 43
931 27 931 92
703 23 703 71
1 90 968 90
869 23 869 38
84 2 997 2
577 25 577 45
486 14 486 76
21 11 987 11
474 48 474 98
311 6 311 58
130 44 130 46
493 13 493 23
63 18 63 77
249 23 249 71
185 68 996 68
77 56 77 67
903 64 903 74
421 75 421 87
352 21 352 46
866 62 866 69
972 59 972 73
162 31 162 73
182 29 182 67
916 15 916 88
803 19 803 23
214 15 214 74
466 8 466 34
79 10 92 10
14 30 14 57
858 45 858 51
831 25 831 88
639 17 639 24
222 6 222 99
535 38 535 94
853 34 853 94
561 5 561 28
183 54 183 97
694 2 694 82
640 0 640 41
387 36 387 67
268 11 268 13
40 58 921 58
18 71 992 71
51 3 51 44
105 29 967 29
496 17 496 94
581 39 581 81
52 67 933 67
666 31 666 93
40 9 40 97
399 3 399 24
340 2 340 68
244 38 244 63
387 10 387 25
27 62 981 62
462 27 462 91
402 16 402 35
127 13 127 71
527 12 527 86
409 65 409 71
232 49 232 64
504 24 504 91
864 83 864 84
767 61 767 94
15 8 15 40
74 30 74 39
201 41 201 91
877 15 877 91
208 43 208 85
43 52 43 75
315 15 315 89
286 13 286 86
391 62 391 95
501 86 501 87
381 39 381 80
871 20 871 91
292 34 292 97
876 30 876 93
736 5 736 85
945 22 945 100
542 4 542 13
836 1 836 86
61 24 61 35
507 18 507 100
901 15 901 37
604 82 604 92
103 77 984 77
862 16 862 24
68 4 68 96
991 16 991 98
718 27 718 92
579 36 579 98
141 4 141 98
29 27 955 27
565 49 565 97
335 6 335 58
960 52 960 54
609 5 609 32
573 2 573 82
413 27 413 96
476 6 476 44
902 45 902 53
104 9 104 74
926 4 926 91
994 4 994 92
293 11 293 29
576 60 576 61
481 37 481 80
398 6 398 95
438 25 438 90
830 8 830 89
4 4 4 74
427 18 427 33
648 50 648 88
782 53 782 84
897 12 897 30
709 0 709 30
57 33 57 97
155 36 155 57
557 28 557 74
0 9 988 9
392 32 392 78
765 41 765 75
687 2 687 96
122 14 122 43
418 5 418 45
772 22 772 99
338 15 338 38
12 78 982 78
832 47 832 92
583 6 583 52
225 70 225 74
332 24 332 81
866 3 866 52
788 17 788 97
548 79 548 86
52 69 996 69
397 11 397 36
354 20 354 51
929 46 929 100
711 88 711 94
330 16 330 37
201 93 201 97
532 25 532 87
232 19 232 29
103 12 103 15
109 57 109 86
37 57 37 90
318 33 318 82
187 30 187 46
231 63 231 69
160 61 160 76
121 29 121 51
62 13 62 100
605 18 605 20
730 15 730 94
32 32 32 42
304 2 304 98
355 42 355 84
955 12 955 21
118 14 118 98
802 24 802 88
125 10 125 73
452 82 452 85
422 89 422 100
5 40 5 87
930 11 930 95
502 10 502 13
828 52 828 61
840 43 840 58
764 6 764 100
242 35 242 86
696 6 696 97
499 50 499 59
528 51 528 67
569 9 569 92
426 36 426 58
423 0 423 82
121 58 121 96
184 45 996 45
518 1 518 2
900 18 900 77
965 49 965 78
944 24 944 67
816 52 816 100
273 76 273 87
616 40 616 67
167 14 167 98
288 85 288 89
254 12 254 87
801 23 801 25
495 2 495 63
420 33 420 100
878 54 878 84
88 28 88 86
593 89 593 96
506 22 506 62
156 0 156 21
881 13 881 99
185 61 185 74
416 27 416 35
50 87 50 96
846 86 846 99
909 74 909 96
629 27 629 48
952 31 952 39
910 27 910 43
509 52 509 93
855 11 855 72
90 33 90 88
193 21 193 43
731 13 731 86
683 48 683 60
23 4 23 86
659 22 659 95
749 31 749 53
21 10 21 20
82 32 82 38
646 56 646 70
38 3 38 17
200 21 200 83
814 17 814 59
470 9 470 13
30 13 30 72
644 3 644 80
3 52 3 65
445 44 445 51
921 90 921 99
898 5 898 94
36 25 907 25
67 9 67 82
419 43 419 51
98 57 98 82
903 43 903 45
540 78 540 84
920 64 920 88
819 10 819 50
22 41 22 49
490 22 490 30
99 20 99 81
484 23 484 43
255 76 255 92
280 0 280 95
449 26 449 72
517 14 517 97
894 11 894 88
630 20 630 66
679 54 679 78
933 23 933 91
689 21 689 90
805 18 805 91
483 19 483 81
176 16 176 68
525 44 525 95
781 32 781 35
147 32 147 99
502 57 502 100
879 16 879 92
605 82 605 95
11 15 985 15
213 27 213 31
87 20 87 80
954 7 954 83
413 8 413 20
115 3 115 5
591 0 591 7
918 35 918 81
725 31 725 32
672 7 672 85
990 19 990 92
129 73 129 75
979 35 979 62
870 5 870 97
13 21 990 21
131 54 131 55
42 53 910 53
552 31 552 51
955 34 955 62
32 20 992 20
522 31 522 56
395 33 395 83
143 27 143 85
529 3 529 43
321 19 321 55
260 18 260 82
636 2 636 77
655 25 655 58
484 49 484 51
428 6 428 77
36 87 991 87
590 46 590 83
45 63 45 86
700 5 700 86
305 96 305 99
904 2 904 27
946 5 946 67
727 49 727 79
207 8 207 54
770 31 770 55
156 68 156 78
71 35 71 50
161 45 170 45
915 12 915 19
786 16 786 71
686 24 686 65
97 3 97 66
269 12 269 38
51 14 982 14
613 23 613 42
140 1 140 5
819 54 819 81
459 67 459 84
232 34 232 40
963 34 963 83
74 32 985 32
442 7 442 74
899 31 899 93
26 35 26 98
23 42 983 42
365 22 365 31
460 1 460 77
538 7 538 91
7 22 953 22
94 14 94 100
67 91 999 91
822 31 822 68
437 5 437 94
859 17 859 54
584 28 584 98
261 78 261 83
145 34 145 95
31 70 984 70
38 64 998 64
663 20 663 91
974 25 974 41
164 21 164 39
91 35 91 89
19 95 992 95
158 40 158 63
747 2 747 99
505 40 505 45
96 8 96 55
233 26 233 84
856 52 856 86
936 2 936 6
798 18 798 82
506 75 506 96
248 2 248 55
211 7 211 91
221 23 221 95
10 53 10 79
715 39 715 53
710 19 710 63
132 1 132 98
49 1 49 80
230 12 230 23
685 0 685 35
258 8 258 87
281 13 281 16
1 96 930 96
15 38 978 38
554 22 554 30
973 48 997 48
327 54 327 58
995 63 995 69
106 11 106 100
891 25 891 92
969 44 969 46
693 71 693 86
17 7 966 7
497 29 497 95
6 33 6 84
353 26 353 78
129 81 129 99
184 25 184 87
123 14 123 90
487 24 487 89
431 60 431 63
188 6 188 97
115 9 115 93
384 84 384 92
872 16 872 19
360 73 360 97
992 3 992 35
159 12 159 62
10 76 803 76
380 1 380 29
986 5 986 52
372 20 372 99
78 61 78 83
970 23 970 25
671 19 671 60
697 24 697 100
48 40 48 62
194 50 194 95
526 6 526 12
10 17 998 17
76 51 76 75
532 96 532 100
110 0 110 97
719 48 719 70
33 23 997 23
690 21 690 75
778 1 778 76
641 34 641 61
742 72 742 93
408 53 408 100
83 21 83 97
343 55 343 81
385 25 385 72
952 61 952 81
599 14 599 38
735 2 735 98
787 4 787 91
835 1 835 77
215 16 215 91
21 72 959 72
998 7 998 91
144 10 144 65
9 16 34 16
829 3 829 77
615 49 615 93
204 1 204 87
323 21 323 24
674 6 674 89
306 23 306 56
959 0 959 100
680 6 680 68
637 64 637 76
741 8 741 76
834 22 834 72
1 82 1 98
369 17 369 18
7 26 989 26
95 7 95 66
115 98 916 98
25 3 981 3
170 46 170 94
427 51 427 65
7 94 956 94
591 15 591 68
158 8 158 32
9 50 985 50
452 15 452 48
117 12 117 15
771 79 771 95
572 89 572 95
302 18 302 98
226 0 226 91
16 33 980 33
190 57 190 75
305 51 305 68
397 54 397 84
681 0 681 40
34 79 34 89
941 6 941 43
978 90 981 90
0 59 982 59
501 21 501 66
469 41 469 80
982 5 982 74
330 61 330 98
589 62 589 73
645 27 645 100
14 44 948 44
379 24 379 75
799 45 799 55
218 55 218 71
19 35 866 35
197 4 197 9
170 82 953 82
524 54 524 83
306 64 306 69
523 1 523 95
720 33 720 50
886 14 886 92
88 36 990 36
69 9 69 40
223 1 223 100
516 6 516 86
602 12 602 58
625 29 625 96
467 12 467 33
287 9 287 38
150 6 150 95
79 4 79 50
479 74 479 95
562 21 562 84
163 5 163 28
140 61 140 100
775 13 775 68
983 33 983 97
346 5 346 97
553 3 553 90
42 37 930 37
356 45 356 48
357 29 357 96
609 54 609 86
839 36 839 50
431 20 431 59
560 38 560 79
847 20 847 79
962 76 962 80
37 83 959 83
294 4 294 11
457 13 457 37
999 26 999 77
305 22 305 27
334 48 334 78
582 61 582 89
133 6 133 78
748 7 748 83
9 73 988 73
803 69 803 90
271 48 271 87
677 23 677 82
298 39 298 91
683 33 683 37
238 8 238 34
728 1 728 63
890 17 890 43
162 85 162 90
2 39 987 39
967 40 967 44
550 28 550 93
582 10 582 50
713 3 713 9
174 35 174 56
406 63 406 70
854 76 854 91
7 10 7 78
135 87 135 92
600 27 600 88
444 16 444 62
192 8 192 13
50 10 50 62
209 11 209 98
359 61 359 69
322 61 322 100
60 30 60 90
21 47 937 47
71 68 71 85
205 89 205 95
771 3 771 51
430 32 430 84
278 25 278 27
351 2 351 96
235 72 235 85
885 28 885 40
549 8 549 98
192 23 192 92
28 8 28 55
979 73 979 94
201 0 201 22
1 31 998 31
792 56 792 67
742 28 742 32
953 0 953 48
268 19 268 93
153 85 153 100
566 13 566 93
649 18 649 93
651 13 651 95
124 86 926 86
607 50 607 61
804 24 804 66
510 25 510 32
740 86 740 87
342 63 342 67
407 0 407 100
75 29 75 96
40 81 993 81
450 6 450 83
65 68 93 68
404 90 404 91
148 2 148 74
448 15 448 89
602 59 602 86
716 11 716 19
814 85 814 99
911 13 911 60
312 62 312 68
189 35 189 76
721 55 721 90
540 15 540 70
706 9 706 57
592 84 592 97
544 30 544 98
247 44 247 93
711 44 711 80
431 72 431 94
451 50 451 70
259 42 259 81
27 83 27 84
705 22 705 72
587 0 587 77
264 0 264 99
585 0 585 92
74 66 876 66
371 74 371 95
410 62 410 84
745 14 745 37
707 45 707 95
611 59 611 93
238 49 238 88
756 14 756 94
382 2 382 96
726 6 726 61
826 12 826 44
452 59 452 70
860 27 860 57
794 23 794 63
643 25 643 81
230 45 230 78
308 65 308 84
563 0 563 79
920 38 920 45
950 6 950 72
826 62 826 81
928 0 928 55
466 82 466 87
993 7 993 89
921 32 921 85
195 5 195 77
893 21 893 95
127 87 127 99
671 65 671 86
548 23 548 38
338 39 338 73
810 0 810 93
988 6 988 32
331 41 331 78
500 7 500 78
914 2 914 87
361 22 361 95
210 23 210 68
316 16 316 82
38 88 997 88
253 8 253 75
892 35 892 96
65 15 65 38
785 11 785 49
776 38 776 94
744 7 744 52
48 16 962 16
939 17 939 92
714 27 714 92
82 64 82 73
915 63 981 63
284 8 284 94
512 81 512 98
369 68 369 83
31 61 923 61
388 44 388 85
754 17 754 88
669 39 669 64
40 49 969 49
21 18 997 18
907 21 907 95
737 45 737 67
638 34 638 82
12 2 12 98
782 7 782 11
15 79 956 79
1 85 933 85
818 4 818 84
129 9 129 54
860 61 860 90
138 13 138 76
181 26 181 98
734 31 734 38
723 43 723 94
889 12 889 93
844 19 844 43
654 51 654 73
596 10 596 94
386 4 386 97
656 57 656 94
80 8 80 42
923 9 923 54
337 5 337 100
880 34 880 50
339 34 339 81
146 4 146 63
344 13 344 92
262 86 262 97
985 29 985 75
153 6 153 40
863 6 863 74
199 19 199 83
491 7 491 78
134 78 134 90
801 36 801 65
297 19 297 62
203 5 203 84
567 11 567 88
261 10 261 74
622 6 622 68
43 46 737 46
72 53 72 98
761 34 761 96
175 87 175 88
465 4 465 100
854 20 854 46
54 82 137 82
172 17 172 97
815 22 815 71
114 21 114 35
9 36 9 38
940 86 948 86
845 18 845 68
273 15 273 52
568 94 568 100
46 57 977 57
750 5 750 91
263 7 263 28
833 11 833 77
827 0 827 91
789 21 789 99
698 12 698 86
676 36 676 56
922 24 922 32
19 97 967 97
841 46 841 77
296 36 296 74
137 35 137 100
665 13 665 33
236 11 236 52
233 4 233 6
17 40 17 89
13 58 13 62
56 5 56 94
475 72 475 77
169 1 169 89
325 1 325 90
17 89 982 89
17 93 17 97
936 22 936 92
