1000000 1000000 1000
390996 740511 901596 740511
310690 166566 684247 166566
508225 705770 508225 967178
281937 545668 281937 788224
335476 936453 404508 936453
610408 24143 610408 465711
429068 144415 429068 469720
684242 144518 684242 498073
60124 566882 60124 894880
558275 641968 675684 641968
995693 161818 995693 919045
385307 807328 913611 807328
276472 98773 884340 98773
755406 82677 864333 82677
482710 177907 482710 582910
826973 574436 826973 811854
110510 443819 110510 699886
19527 13275 237798 13275
72284 407389 229278 407389
693572 961408 809772 961408
532622 22643 532622 119142
253194 271287 500432 271287
278593 499910 278593 966271
208243 33667 208243 375324
174444 80924 693676 80924
494362 958802 743224 958802
128674 649049 596913 649049
698957 475051 801916 475051
218444 891370 255111 891370
473581 395954 473581 744600
792758 278999 853485 278999
734753 231335 734753 397800
135544 303590 135544 666934
713873 907784 713873 912663
60648 820449 286570 820449
297463 320023 297463 767616
587 434958 587 499921
816407 987619 879885 987619
251332 416903 256634 416903
687705 331411 687705 560405
179975 2338 179975 464962
720324 504508 720324 922061
344758 988039 877389 988039
227958 343263 889707 343263
765792 84632 765792 324306
366081 981149 943722 981149
776384 42649 776384 420423
644925 44425 644925 332566
160601 158584 160601 261022
281293 552684 946278 552684
535903 377708 792151 377708
185853 591814 761316 591814
159477 780743 812106 780743
16692 842698 321778 842698
675299 102631 803339 102631
194913 98819 644674 98819
648781 82034 762787 82034
201723 23920 671708 23920
250402 553844 309131 553844
123558 554914 689142 554914
127808 16373 127808 239981
86435 310208 86435 585156
610405 221219 610405 667191
233681 101053 233681 978436
907157 500923 907157 594087
141057 293834 141057 463045
782063 850471 823984 850471
858543 458525 969644 458525
854977 288865 854977 789654
648159 476828 934325 476828
39859 345195 39859 623299
234084 137853 837690 137853
416150 128627 465754 128627
150674 312018 150674 398990
270807 231899 605727 231899
133188 96260 478942 96260
13528 11255 779239 11255
59911 796651 497338 796651
188211 556113 188211 742938
91366 691662 861583 691662
648389 296144 648389 458386
267111 314755 267111 493046
447069 129506 780781 129506
25523 470731 373799 470731
122460 730996 695134 730996
84912 197869 653217 197869
419993 201940 676377 201940
785905 60587 785905 718368
90149 338933 549991 338933
457084 445793 457084 690670
179177 256768 179177 915344
52607 655160 779531 655160
300422 140297 910260 140297
113496 38388 113496 490683
629286 260779 629286 949324
815668 261657 815668 737052
169398 254041 320927 254041
28440 337412 28440 475322
632548 80631 632548 701407
347629 708221 347629 955095
485421 879018 546261 879018
530208 799975 530208 813975
529147 363571 865059 363571
504674 344507 888532 344507
25314 614501 25314 643851
58381 489700 58381 584114
580500 648506 580500 841038
61160 211221 357116 211221
427586 105058 779401 105058
20240 607030 573010 607030
948695 564529 948695 727587
232517 49800 232517 295014
535828 691407 867035 691407
592826 71470 592826 441388
204109 850885 204109 935202
158588 339842 406133 339842
164612 753651 539924 753651
104877 453185 314443 453185
616458 81743 616458 83142
880531 282842 880531 932674
275980 341579 534022 341579
181506 202563 864314 202563
719481 490737 794049 490737
101373 13872 101373 395211
966223 276638 966223 489439
565056 781069 581263 781069
678670 70004 678670 812762
774166 106819 774166 552124
607931 259260 607931 571760
25303 222473 25303 338454
815041 565470 815041 620013
359494 681344 845375 681344
391229 70136 391229 128213
364529 223942 364529 463768
540007 545685 632198 545685
261506 246346 261506 527047
281967 33624 281967 148051
66872 229660 394948 229660
669289 331196 669289 704898
240897 42515 811261 42515
465813 635545 529854 635545
769083 370793 769083 892179
70525 526176 709720 526176
453451 585693 487090 585693
413641 244826 832775 244826
586561 800470 586561 808406
219653 908082 224184 908082
764989 43519 764989 383668
505193 33861 505193 657381
220535 47906 220535 388826
249980 6704 249980 818037
335185 650270 570885 650270
293621 206629 293621 227682
926837 3542 926837 347036
42267 195361 42267 538034
79808 615964 709584 615964
563105 152796 619643 152796
489757 473268 489757 633052
369426 570527 515547 570527
36567 451386 36567 610505
49296 159620 247466 159620
518880 534980 795041 534980
126833 800491 752349 800491
158057 164560 158057 220660
208154 787738 354265 787738
799441 102728 799441 208332
147057 579796 147057 780973
287931 125101 938444 125101
837082 888856 968125 888856
432330 949055 467890 949055
571114 890386 997867 890386
629918 36075 629918 509964
121401 819233 121401 867777
776199 449133 947149 449133
730595 656351 917534 656351
991385 463632 991385 562272
110761 615592 110761 910346
29298 463671 29298 943871
335714 133884 335714 272369
335639 367316 335639 471710
657881 562720 657881 602639
76168 782218 76168 934499
659087 526591 872303 526591
314111 218554 314111 558171
693740 669761 693740 978822
932764 557289 932764 686873
427414 761938 427414 958339
142159 695760 142159 764852
451099 676703 850313 676703
205623 887164 290335 887164
480531 652585 932910 652585
491695 402243 491695 554489
570275 290093 570275 305741
756138 461267 756138 668348
659691 428583 813849 428583
468246 431113 702948 431113
837437 167302 922890 167302
480906 951247 888355 951247
485168 430312 490038 430312
762059 55414 967431 55414
959683 774679 959683 847362
834577 13380 834577 792340
322033 126512 322033 495154
615860 220016 615860 646969
424362 484701 488920 484701
210447 812644 678599 812644
27924 602854 318644 602854
972461 26721 972461 34508
21343 48132 517398 48132
30955 131444 840136 131444
39537 728893 460133 728893
367130 729554 367130 848746
868439 257437 868439 937962
189942 620520 375762 620520
481802 53460 481802 989871
574938 523128 827618 523128
497917 148143 673478 148143
34447 136309 945277 136309
801639 642178 880212 642178
985073 104185 985073 279960
228046 973255 609293 973255
146295 821005 146295 846376
789794 189132 825000 189132
678931 232972 678931 807201
238922 739852 367308 739852
412795 699690 878087 699690
858897 195491 858897 697603
721068 109712 721068 809098
206542 910341 206542 931651
59300 397390 443438 397390
602637 499844 602637 547655
963939 334706 963939 742206
156292 141769 912186 141769
400895 647875 400895 820339
35566 119126 448482 119126
466610 432445 466610 700179
806726 107780 806726 272456
182298 652979 295966 652979
68152 494671 556218 494671
42513 111384 42513 675491
58965 391577 58965 608554
769393 380580 769393 766924
320813 55359 320813 133764
385547 409138 385547 510957
554079 45834 554079 785319
474068 238313 474068 777029
186582 895734 902750 895734
272070 284911 626446 284911
603491 152007 603491 302335
875309 73411 875309 674038
67929 291271 67929 372219
655240 11255 655240 812650
642010 22450 642010 361559
988142 397580 988142 511465
13857 250057 13857 712819
508462 325092 845546 325092
200353 482558 760478 482558
317266 690373 317266 924609
214701 19813 214701 261148
49326 130248 918855 130248
4299 442337 4299 638040
8169 842260 546336 842260
742203 315017 742203 948443
714789 510392 714789 517137
300458 63432 523552 63432
419169 124772 419169 669622
600075 176592 600075 999177
137365 150085 137365 440237
408976 882074 803023 882074
581657 470678 913455 470678
727943 586342 961008 586342
208135 332370 904714 332370
191743 122258 621375 122258
551022 814325 626535 814325
227136 918812 250687 918812
30432 371574 863982 371574
716202 501341 748988 501341
382188 402387 895512 402387
71642 953744 284767 953744
275760 422716 922686 422716
888363 164671 888363 526670
402605 778682 402605 900436
41740 177756 261308 177756
508963 149335 673496 149335
159604 971533 869983 971533
148372 18879 148372 98379
494182 854012 880433 854012
28021 334458 28021 442014
76310 101477 76310 438032
253833 971960 345495 971960
706911 204904 706911 482219
394236 527089 636257 527089
820758 209223 820758 340368
421049 267425 813854 267425
954790 89080 954790 188565
89025 429071 302766 429071
94856 213956 94856 572100
376206 933961 532584 933961
194289 516538 348364 516538
343535 501711 468556 501711
24811 423326 24811 858133
201130 72087 397437 72087
751152 453635 751152 558115
690755 9832 690755 46189
405885 707117 405885 898144
540795 363074 540795 808896
283411 817019 734082 817019
63723 123713 739572 123713
458064 134923 458064 306897
10456 814256 166834 814256
547674 456427 547674 845685
102143 591878 102143 943751
149897 784739 968708 784739
381236 445433 921996 445433
273948 351590 273948 556089
956277 304069 956277 705386
581117 441426 719490 441426
464315 806703 464315 963114
157665 248180 157665 968859
485108 413647 848746 413647
562105 177511 562105 199076
540942 21838 663935 21838
455779 35737 455779 435865
828944 792789 828944 891263
12203 668573 12203 960424
591595 910637 883315 910637
312558 347228 618327 347228
449552 755144 449552 928291
967652 177932 967652 629213
542538 210092 542538 482501
63755 402850 919584 402850
130569 281017 772552 281017
945470 222479 945470 792086
39796 198012 39796 329800
616233 368808 616233 412141
792216 299713 792216 507039
50807 76933 865454 76933
490281 716921 542663 716921
511121 472239 745874 472239
64993 602432 756089 602432
335582 554547 631982 554547
505114 260295 505114 403568
78858 672218 898808 672218
125195 652544 930338 652544
91135 368009 91135 403799
991544 504369 991544 966485
637022 663385 913251 663385
49466 15906 49466 466882
59316 139592 550491 139592
502794 559464 502794 750940
655707 187049 655707 867919
495212 134496 681197 134496
218231 252534 624697 252534
1754 904844 912461 904844
21386 620423 21386 656999
91488 9851 312941 9851
91570 122493 957372 122493
1513 443183 1513 972259
579884 738900 782032 738900
552209 469980 552209 905729
164738 138357 369736 138357
958150 86995 958150 803673
973419 237758 973419 582302
569403 514618 569403 558119
717275 43936 717275 107763
591086 98446 591086 814369
380503 29758 380503 125784
5445 273573 719568 273573
785252 490134 785252 496862
467507 37294 467507 712041
645349 198062 645349 887387
368006 531221 368006 733620
369596 371469 717322 371469
458070 649 458070 675626
790986 535032 790986 873653
181709 616427 597337 616427
624154 168339 624154 791068
530486 259522 880442 259522
152697 899986 530265 899986
36264 906870 784320 906870
936743 554047 936743 755766
110551 703223 202652 703223
207282 564910 652957 564910
400739 147258 553914 147258
501172 552614 965463 552614
438475 714054 717015 714054
255767 337905 370260 337905
31173 289266 350104 289266
247905 19454 881443 19454
484860 915024 679884 915024
37510 204475 160901 204475
216592 169077 216592 186353
547025 155698 985155 155698
565005 954933 676081 954933
513281 442207 513281 565865
393600 854098 934765 854098
931069 295062 931069 705856
620064 78640 620064 936144
788338 286771 788338 348163
400940 998220 715297 998220
346771 388432 924797 388432
289989 744804 892536 744804
257212 763181 257212 790887
423470 313607 423470 352577
733186 709407 733186 913472
246154 538450 630309 538450
17937 49071 17937 95451
642195 57898 765343 57898
720827 299002 720827 715647
842128 738806 854952 738806
472068 381703 472068 883209
933970 46614 933970 328434
612561 354055 612561 486127
262285 448180 340480 448180
200016 525689 890418 525689
15738 262010 419075 262010
497414 710099 851463 710099
265720 405527 781018 405527
961154 104681 961154 221691
602719 997723 914405 997723
833836 589629 833836 936503
488063 294078 488063 639130
581195 293659 817948 293659
257669 122841 257669 884085
960619 665711 960619 696362
307808 627065 307808 993981
126017 711900 126017 756900
794541 894915 915710 894915
139927 721299 139927 858164
121663 67569 121663 856797
474628 656113 917561 656113
788052 479368 788052 634542
223879 455002 820803 455002
49297 162858 49297 838134
781409 107793 781409 364558
190616 534020 963724 534020
45014 753985 948608 753985
137070 76095 137070 495021
500986 70832 500986 760851
157227 83332 923685 83332
605116 276563 605116 529520
28819 210030 28819 909491
346033 535304 699632 535304
148123 51818 148123 669427
920360 18889 920360 686476
325447 234416 357284 234416
952048 506414 952048 952940
106347 587954 106347 916998
25522 587616 25522 725097
232411 751515 232411 830414
800481 498297 800481 557484
223424 600831 223424 652385
650706 771475 859094 771475
332053 763107 332053 960118
659065 198322 659065 765621
282853 285737 282853 919476
144308 344412 144308 530324
200456 30257 200456 872078
52658 749609 484750 749609
989068 93135 989068 169517
712742 28336 712742 125360
998929 305179 998929 930073
466318 125724 466318 576202
416570 514312 416570 773873
349703 510878 648796 510878
101052 704148 260611 704148
667429 21602 667429 125771
344691 552625 450428 552625
526324 900114 897320 900114
74596 962403 392018 962403
824750 177541 824750 481580
307311 418867 850077 418867
360919 4099 360919 982960
482679 216887 482679 303238
48819 599289 894763 599289
394007 883190 394007 886196
426094 336542 451145 336542
1594 747872 318658 747872
817337 90230 817337 534326
41207 764252 417495 764252
456171 280592 456171 431588
129666 444650 171311 444650
883575 203285 883575 695067
478430 788028 574908 788028
6053 554167 6053 599872
110869 245436 110869 752074
365102 12180 365102 413531
42713 689587 42713 716682
682146 394926 861435 394926
631495 39671 945741 39671
178051 206161 813362 206161
391627 923723 628630 923723
480391 649580 480391 939690
606372 60611 606372 841575
424587 1125 872207 1125
908457 739233 908457 838408
160434 147345 564117 147345
239460 921114 774221 921114
235682 367685 262213 367685
429263 592140 429263 671872
700952 302968 700952 781399
5700 870195 568570 870195
170215 187045 170215 802957
77351 169472 77351 795989
849384 289868 849384 629887
436176 339964 436176 892790
417377 445536 859100 445536
538079 395954 538079 563649
688686 188491 688686 239070
385328 308553 385328 889954
221349 551377 221349 958203
789198 106832 789198 797765
542375 446930 634333 446930
976685 343190 976685 745265
20696 245569 20696 464105
421751 57696 421751 246233
28987 24008 28987 251522
201207 377909 489083 377909
115771 586248 250077 586248
547079 758896 547079 956306
532975 358654 532975 489594
74647 168500 74647 763785
939284 451422 939284 663739
34502 522633 233159 522633
495258 723670 495258 756907
440363 20760 440363 175031
149041 520568 149041 756192
108295 219576 108295 485100
124546 75263 124546 662473
227284 17449 324855 17449
563323 57451 563323 264568
663809 361477 663809 737362
116133 472172 116133 862781
295854 714888 295854 828335
331329 236712 331329 855030
368391 124845 552850 124845
463947 140792 828321 140792
796159 480573 859874 480573
9107 560737 587685 560737
301945 356288 301945 652982
898236 160554 898236 808014
204693 670418 204693 741371
448410 118028 448410 967551
949510 63017 949510 195769
400647 269896 400647 507370
610461 345643 610461 585490
610399 4650 783904 4650
35950 37765 35950 849286
98235 843687 840619 843687
488583 101767 488583 384695
662723 93162 662723 860413
218363 956994 920719 956994
54558 691299 913221 691299
240221 99723 240221 369367
572591 275735 751786 275735
679985 253741 959889 253741
331054 53371 985432 53371
610595 439519 610595 842833
451688 355819 451688 436327
60072 705540 427068 705540
563620 687490 755797 687490
149218 270632 605759 270632
776111 634756 981963 634756
74458 91627 684561 91627
32123 434727 261953 434727
743590 37820 743590 505755
174607 262711 633632 262711
878581 129023 878581 971820
245044 47345 245044 811757
552859 443381 847760 443381
311866 851849 529823 851849
808172 320864 808172 704572
648027 307061 648027 638527
882601 56555 882601 311801
997845 329855 997845 894204
841528 244800 841528 941772
73482 105041 73482 409947
164985 331234 455760 331234
245742 184941 831774 184941
710222 468792 710222 944242
960682 833284 960682 949635
382848 457990 797346 457990
652916 355771 652916 517120
412673 507240 964637 507240
461945 491173 668767 491173
594662 194500 594662 456855
408678 410841 474405 410841
153666 766180 887813 766180
340572 235066 755935 235066
356462 119513 356462 590662
662129 101155 662129 560514
605134 435338 628222 435338
18184 401941 18184 874700
481388 635587 683409 635587
556111 874572 556111 985369
63489 421970 63489 444318
46461 644725 239354 644725
271898 962367 515292 962367
511999 695839 511999 737201
298130 290766 612541 290766
222977 705986 222977 738357
408745 525528 823469 525528
74576 84295 882540 84295
193157 536043 351195 536043
596165 283529 596165 516671
687592 357004 987899 357004
623589 74061 762654 74061
926379 191974 926379 679373
960639 55956 973134 55956
28979 615213 681256 615213
833697 492460 833697 510123
51948 223612 703339 223612
380756 140569 646760 140569
824528 59219 837561 59219
372550 43625 372550 510329
324202 369454 324202 903956
149287 193646 457258 193646
359381 333584 359381 865960
747971 386353 901263 386353
602260 310139 602260 818069
19160 8314 19160 223875
527942 252814 585693 252814
445853 459300 445853 823820
782201 707218 932578 707218
407505 150641 407505 889776
691274 581340 691274 891867
516242 1663 516242 877001
224902 367077 224902 562753
626466 23345 626466 895263
207998 902069 207998 967687
729722 419668 729722 732529
268302 964391 340104 964391
513715 704817 799620 704817
257716 679806 323674 679806
690047 394298 989050 394298
455633 44984 455633 502806
285480 208058 516425 208058
379504 558382 379504 586162
502700 468195 502700 825071
56497 139162 102424 139162
958739 525215 958739 703694
614286 369463 614286 754199
310961 320204 310961 565101
248958 179606 248958 595055
856088 753832 992853 753832
32246 776726 964469 776726
488756 493574 801503 493574
877189 322877 877189 536558
527100 80273 858762 80273
6386 103374 784653 103374
472327 175417 472327 421508
468388 856065 500176 856065
246064 586271 246064 784874
719380 831185 842288 831185
105839 118322 288752 118322
292860 351876 962216 351876
350498 912197 423491 912197
138588 1909 230104 1909
916000 465483 916000 821047
325870 25689 325870 908718
491969 36056 491969 341040
283432 162206 891260 162206
585538 82018 585538 461449
696521 331126 696521 481946
75551 855297 144644 855297
613096 751747 773964 751747
335786 161894 335786 290044
68549 164266 68549 264331
590418 900812 651709 900812
353228 229119 353228 363852
224352 74737 809521 74737
185560 554510 740314 554510
273570 773795 458370 773795
417902 209506 728837 209506
945820 795840 945820 959174
254307 555017 378203 555017
199959 755236 394122 755236
792186 318023 792186 685528
250843 759142 736040 759142
35621 437741 282669 437741
65485 418344 65485 749112
284002 281598 679201 281598
777166 686844 777166 783420
106913 288671 106913 909502
163912 591403 986217 591403
403519 207082 925998 207082
307242 769164 663617 769164
65127 678627 986064 678627
543511 777255 543511 940603
169584 189274 557664 189274
151697 990902 661757 990902
341446 673869 427716 673869
989602 111978 989602 600774
314187 279055 314187 485629
292408 690594 292408 795816
273572 407429 273572 701938
754104 679134 875285 679134
498455 784977 730672 784977
497404 54242 497404 73570
258380 775669 854104 775669
942095 219695 942095 654717
153197 668669 381459 668669
973583 657871 973583 946766
891414 634566 982336 634566
446268 78054 446268 357053
218722 7468 218722 26907
917956 631559 980027 631559
149936 439412 149936 966845
208259 704360 208259 800936
74788 861137 981033 861137
611260 718664 611260 892988
542241 300195 542241 856817
796577 601013 796577 789653
5407 408626 5407 979948
725996 681279 988940 681279
146650 800694 844087 800694
366874 116684 366874 436539
652435 994051 726520 994051
192169 269458 458950 269458
356453 671717 618949 671717
463073 141499 775871 141499
148441 279947 765258 279947
516319 247708 628865 247708
660023 835522 856042 835522
423084 166076 461238 166076
144503 107173 144503 287982
74579 385884 74579 708375
287794 35973 287794 939634
337674 818061 337674 991585
142719 723681 627017 723681
53288 681212 433645 681212
105965 873223 714705 873223
799891 579166 966570 579166
33570 365017 333390 365017
969505 467921 969505 765211
434257 373595 434257 757111
192990 736543 254952 736543
196531 965888 762721 965888
36700 163737 36700 801873
413052 326088 413052 748767
235634 169315 255977 169315
62684 198376 736941 198376
558538 520442 558538 724207
48896 766103 740074 766103
153723 245549 273516 245549
758194 645550 758194 646219
48086 721753 446284 721753
415325 442362 844891 442362
404675 877208 587870 877208
152414 696512 152414 723385
864378 93491 864378 626128
600456 680193 600456 790384
240984 517086 580331 517086
406125 335952 717948 335952
22388 846667 22388 925973
715508 286966 894240 286966
389463 195569 389463 317903
293193 360486 436771 360486
78341 993144 170965 993144
585366 182719 585366 234997
488846 864 510556 864
507276 139533 507276 561032
247621 646393 255633 646393
91368 82680 91368 205573
4792 877488 771074 877488
83558 938682 758520 938682
824148 486634 824148 742781
921622 6744 962468 6744
101182 242091 710179 242091
311705 649272 508431 649272
44011 325025 450375 325025
692503 178405 918506 178405
847083 41532 847083 513678
295654 494723 709566 494723
506780 401763 946347 401763
157153 9435 157153 313216
150035 722328 150035 893544
859213 509014 859213 572873
709634 517249 709634 950742
206113 363844 820594 363844
70543 624684 782675 624684
639239 57259 639239 844514
823605 84247 823605 652529
53938 359878 53938 545601
303480 160239 335606 160239
577125 12207 577125 861819
191209 42807 191209 512696
452392 89470 452392 136999
619583 641368 619583 899567
816506 606765 816506 909131
360021 602986 920153 602986
830087 263716 830906 263716
718195 39414 718195 87599
655853 136839 655853 768764
972406 268558 972406 303254
572928 901634 829024 901634
633590 515951 788555 515951
115774 286968 115774 372874
63405 228751 63405 815447
357160 796386 593711 796386
741115 124839 741115 340473
323741 515356 323741 885082
451711 842012 456170 842012
103914 273358 103914 509688
104032 767075 154339 767075
215763 481606 215763 850082
484304 436273 484304 994415
933763 486030 933763 585115
462917 180387 761079 180387
252221 85697 252221 410954
22786 45392 30213 45392
245738 181483 527517 181483
690093 765105 690093 775518
970466 91678 970466 837994
349704 625925 822418 625925
125308 462334 125308 892230
962467 338777 962467 803474
599586 983630 658615 983630
190661 149874 807094 149874
886139 519052 886139 845758
435182 134883 937844 134883
49919 66102 218962 66102
339947 92541 339947 832022
233938 595763 233938 792214
917157 284331 917157 860827
659749 233118 659749 590739
137918 757905 944005 757905
633148 192421 721649 192421
5739 271738 352073 271738
173598 739089 986975 739089
415060 96284 415060 195877
141860 543548 458874 543548
126335 99984 984322 99984
110520 181615 110520 326872
905922 558496 905922 793909
157092 289462 502190 289462
67208 488139 717271 488139
492250 627462 492250 723912
35389 843005 302918 843005
581997 364222 581997 420289
216353 49229 216353 527983
979553 643502 979553 688898
91629 2979 91629 262523
325251 182410 325251 832289
133961 205053 762959 205053
402187 3756 492146 3756
861618 174605 861618 573001
252675 204951 318976 204951
449895 539868 449895 638350
696141 493265 847172 493265
689696 30160 689696 544869
10663 614047 10663 702799
114343 515941 766613 515941
126917 213038 126917 865517
227322 282252 907022 282252
27557 509571 27557 954268
403458 902029 789713 902029
18342 546808 544649 546808
385086 275318 385086 704312
630145 635825 630145 995325
421974 75072 421974 564368
672367 262913 672367 488086
253783 201880 253783 912056
804351 377544 804351 932016
114225 189036 114225 348881
386349 88948 386349 766720
628990 655405 628990 661542
2423 665592 213596 665592
842765 37977 842765 163243
831621 246524 831621 474202
20853 396788 37772 396788
839186 65319 839186 924491
583787 828890 952981 828890
817103 22405 817103 301837
145629 835844 956774 835844
608543 683305 608543 928945
712093 275720 712093 426132
995452 273849 995452 564534
317498 863267 375530 863267
22496 54278 104872 54278
679692 64581 679692 691219
211889 208327 211889 883036
649491 765824 817917 765824
244323 230927 351551 230927
106642 711181 238973 711181
348246 570758 348246 590982
131871 324276 343554 324276
276299 109813 438311 109813
405016 135914 518006 135914
435822 892460 554681 892460
190477 686905 190477 903984
335905 439209 335905 915981
376946 4799 398745 4799
11946 819083 445900 819083
220008 617174 573108 617174
898240 76080 898240 353464
419826 182279 763988 182279
819608 867277 827490 867277
306289 283502 306289 971408
439457 349129 439457 456063
943921 620459 943921 694723
44573 935207 84463 935207
530260 89812 530260 362498
47388 823629 140807 823629
685275 846338 685275 917279
171564 345771 857171 345771
82726 335790 82726 997072
158091 773066 834274 773066
160498 809018 160498 851501
184332 188788 184332 754392
803625 815184 803625 841861
539996 163546 539996 449597
341535 667952 341535 745210
272671 221064 883275 221064
82902 19547 650470 19547
212666 850345 255999 850345
331281 533736 331281 962964
866451 257400 866451 668685
910857 104785 910857 265274
600142 307435 740771 307435
79555 471925 79555 852571
520566 814635 961150 814635
508058 681820 508058 812791
301851 109190 577308 109190
214677 56256 214677 478764
462204 264428 462204 699929
250246 32255 743107 32255
392689 707430 893979 707430
568463 435381 568463 724488
911647 686539 937206 686539
923305 139556 923305 146966
269354 747151 627658 747151
839773 794351 839773 993783
368047 388918 368047 964755
247179 704407 247179 725886
863682 311577 863682 574006
915323 382931 915323 555353
11230 97976 980090 97976
757615 597404 757615 615518
732024 494575 732024 550728
49543 908557 668532 908557
240804 279912 409388 279912
944638 485156 944638 970665
763171 168518 763171 443160
436113 75175 879517 75175
67050 562831 905150 562831
396977 667761 396977 880014
246344 356281 246344 543564
192529 233614 455697 233614
199409 851285 819121 851285
699510 446834 699510 638103
58482 10624 912624 10624
266210 346970 483583 346970
182956 165898 688595 165898
927438 385706 927438 894935
987979 204239 987979 900222
305629 222894 645219 222894
766163 188934 838392 188934
540572 483649 640430 483649
577383 641173 773825 641173
309297 554533 488164 554533
372458 108455 372458 195700
231236 107199 231236 722236
804175 80062 804175 252317
960196 27357 960196 41712
878332 361781 878332 804210
369806 22338 777662 22338
83921 800262 938690 800262
59287 933816 949973 933816
216036 314790 555597 314790
302982 184275 302982 781321
659794 147073 659794 209796
337056 976106 462649 976106
727050 404320 772000 404320
298499 133787 298499 401358
286620 660147 638766 660147
355058 511 355058 514897
106772 358619 315986 358619
176538 469443 327927 469443
170215 192586 981236 192586
369943 886867 799767 886867
596168 421919 840512 421919
149073 493417 839237 493417
935516 36881 935516 628048
604100 278515 780168 278515
753958 32229 816418 32229
477710 632697 494742 632697
160659 497270 160659 737837
442170 575324 960665 575324
614283 366918 614283 435023
10281 784726 112265 784726
133606 588360 349199 588360
874995 641683 874995 713333
990568 117483 990568 336546
357178 452268 357178 814038
764558 125092 764558 157383
166371 230138 166371 502719
253777 379843 515014 379843
769069 154355 769069 651363
276222 906145 971238 906145
