1000000 1000000 1000
408791 45133 408791 550292
81017 183437 946973 183437
369494 439156 369494 975971
76408 899008 859959 899008
432332 151028 955558 151028
160199 257738 797897 257738
50482 429341 817088 429341
32000 555203 556868 555203
464392 592142 995721 592142
67567 768417 722721 768417
175564 79131 894378 79131
417123 120085 951734 120085
143119 172251 143119 747308
930604 271286 930604 856697
63533 979152 800050 979152
415054 466009 982723 466009
448423 197254 448423 923260
619186 308694 619186 940471
466170 874877 982650 874877
145033 360526 145033 915489
649307 152973 649307 954508
622975 89029 622975 792018
27775 537760 999980 537760
347388 119276 929065 119276
237640 515463 878467 515463
387819 312843 948731 312843
791461 346596 791461 954895
396500 42379 396500 571150
684542 262703 684542 837042
126032 456249 701312 456249
685130 52381 685130 819156
811018 42694 811018 820325
279807 127082 279807 869899
485747 560347 990804 560347
175519 440021 803279 440021
406528 660678 988926 660678
177150 967079 693102 967079
469492 407339 469492 996988
207734 224152 807312 224152
63886 321728 63886 935190
942195 413569 942195 950669
225547 961358 752733 961358
35777 881874 710769 881874
286522 803621 937902 803621
433553 789800 967366 789800
462153 102612 974135 102612
383636 277400 958653 277400
158224 599501 660505 599501
889296 9238 889296 779146
353480 556882 958750 556882
395209 572375 944586 572375
228768 258112 972412 258112
395071 422796 985055 422796
363822 128621 363822 893717
401108 125778 989839 125778
681627 174811 681627 920084
924712 381193 924712 966480
16433 981038 764782 981038
327665 715128 948931 715128
332825 390636 332825 939735
442567 174192 959124 174192
665363 332390 665363 850436
285965 513914 844006 513914
433546 232241 433546 889318
84657 314765 84657 967232
8482 769510 988304 769510
646277 300688 646277 928268
434381 567009 964575 567009
935568 394173 935568 923868
883619 118890 883619 804449
145683 668255 949593 668255
40957 563984 899570 563984
153466 614254 901094 614254
279557 983639 869018 983639
17933 115069 636188 115069
234577 690223 865460 690223
451457 717388 982826 717388
415390 807342 955108 807342
109587 86470 109587 796793
708181 182095 708181 784889
429848 86082 989213 86082
16906 434887 16906 949169
520736 176297 520736 716545
412059 224375 412059 750626
331829 69996 331829 726255
193725 346037 731707 346037
520954 154132 520954 695179
211683 518100 740949 518100
145763 157556 145763 890519
244798 697076 924081 697076
526666 96940 526666 612166
64531 320806 64531 919215
405537 821978 963893 821978
413003 144891 413003 830556
275267 362741 275267 960810
265830 476259 874364 476259
626565 178090 626565 688106
31168 454076 31168 975649
88599 240595 969303 240595
457516 306824 998894 306824
17970 135459 17970 974340
967 100612 967 793348
307826 29248 874436 29248
554689 328705 554689 956353
236476 581758 915836 581758
787180 174313 787180 751069
274571 361968 274571 951134
269491 381536 269491 950167
162076 544769 749229 544769
494090 760329 995699 760329
137195 718064 648436 718064
887528 435865 887528 971022
69600 477694 633621 477694
63503 520645 794213 520645
429411 389094 429411 995476
251876 412837 970508 412837
378527 44390 884745 44390
314484 527810 977490 527810
956957 218339 956957 779216
281830 394590 281830 940333
73224 378496 73224 962796
368701 127984 888989 127984
533342 429330 533342 980370
363698 415901 363698 979495
156831 313463 156831 948536
963720 386746 963720 919205
71399 88143 71399 618949
342142 271760 935425 271760
873694 495741 873694 997196
719065 106715 719065 941707
345967 409393 345967 963470
475682 339351 993887 339351
385983 212622 385983 869404
430778 291566 967046 291566
118381 320896 118381 868703
47024 941333 874339 941333
225504 779778 731080 779778
376005 740929 898671 740929
99806 199772 708851 199772
54524 872409 986344 872409
973636 32343 973636 845994
64332 9656 995221 9656
148463 96597 148463 607343
411123 297849 941946 297849
469812 635208 999428 635208
414923 724145 968003 724145
309043 469663 309043 996705
206454 496281 719504 496281
879273 124058 879273 853306
136042 849436 997034 849436
714465 362554 714465 961054
388150 283388 945470 283388
568281 298041 568281 882482
446136 216725 983824 216725
444837 478018 958800 478018
395555 268994 395555 971087
434196 485889 434196 999408
871184 416329 871184 960896
256120 222014 256120 957433
55000 784311 568367 784311
698712 196792 698712 979401
322168 401928 931840 401928
341944 768422 995343 768422
238625 478136 908002 478136
907087 220067 907087 763801
225633 999719 910098 999719
211868 274997 767798 274997
641585 148039 641585 668509
273142 991038 955031 991038
33875 249814 621828 249814
488624 774108 990312 774108
279833 227635 831679 227635
309336 781014 978686 781014
235310 52564 235310 808824
386245 339197 386245 961465
10049 874980 850672 874980
829682 400018 829682 910304
145051 291564 145051 968869
308772 482601 308772 993615
498981 360191 498981 980611
91556 299855 877739 299855
870880 237538 870880 756995
319681 578521 923488 578521
117459 266042 117459 972637
361502 142039 361502 932255
828823 58217 828823 821700
36047 56268 955384 56268
552681 422969 552681 932849
309300 573483 936320 573483
397055 821489 942483 821489
75610 274427 780774 274427
669881 110794 669881 833324
575173 450575 575173 993599
681299 168986 681299 846260
743607 242854 743607 750573
943313 201286 943313 966225
671411 62420 671411 882751
123011 147319 123011 988096
226212 221034 873287 221034
248112 322400 880179 322400
72777 686767 907501 686767
280946 179808 280946 817736
878923 170015 878923 868411
313743 563636 866473 563636
438136 445564 994037 445564
204899 47132 938067 47132
283072 6748 957017 6748
224169 41776 224169 829735
628267 489529 628267 990804
372457 139253 910109 139253
608687 289988 608687 984259
280300 201408 280300 868313
944379 266800 944379 839873
126575 346292 126575 881158
117009 187083 936689 187083
363354 165204 363354 995307
922286 476320 922286 977608
464515 577173 977287 577173
452456 768698 998852 768698
193981 125469 930785 125469
40673 424610 844528 424610
341262 356495 341262 917622
277754 498527 277754 999753
147527 470085 788653 470085
723690 443983 723690 959302
418522 280702 418522 879678
387485 266085 387485 887706
752126 414900 752126 979917
262254 79973 262254 757353
374207 140821 374207 969173
721589 49839 721589 599138
254739 772966 827628 772966
252729 389380 830020 389380
321725 545121 854237 545121
22169 919066 767838 919066
136234 11492 686856 11492
246751 860435 922628 860435
292822 349967 292822 928657
366821 965550 954383 965550
270892 337032 788391 337032
312759 471159 312759 984944
607549 436132 607549 962119
82363 164136 82363 688818
379197 7589 916862 7589
592573 400953 592573 955478
312448 22859 312448 572453
449816 282559 449816 942929
241775 398910 241775 930322
168961 4816 960746 4816
314201 474148 904618 474148
951755 151285 951755 939777
18540 378445 895752 378445
886613 258121 886613 932061
446025 516278 989919 516278
790750 133707 790750 874125
80438 531893 782617 531893
126526 86040 812479 86040
470063 603771 994731 603771
466785 271464 466785 791046
231555 550926 944001 550926
751389 345799 751389 910171
134953 276408 955943 276408
797490 457561 797490 959794
629885 31918 629885 915688
129898 38789 935001 38789
140577 307541 641837 307541
408765 62872 953126 62872
164560 185221 164560 889727
140906 210348 140906 852865
204254 638143 929668 638143
84566 471663 84566 993617
893422 141421 893422 831019
827405 61241 827405 715805
529832 384692 529832 973687
72628 406377 582708 406377
26506 539114 819712 539114
330732 200695 984305 200695
550068 293868 550068 905890
44437 188276 756867 188276
114891 230450 114891 743912
325813 202547 325813 851675
325947 360955 325947 954452
477871 275724 477871 877155
452985 76438 994492 76438
830801 469177 830801 976318
498471 280609 998656 280609
177830 286031 720678 286031
303153 974171 913058 974171
61110 997941 941266 997941
416512 343947 953204 343947
249174 215269 975302 215269
463136 193383 997272 193383
837610 184603 837610 961469
482318 986563 987637 986563
465758 55474 465758 891036
218408 679633 979813 679633
338749 344154 338749 981531
622570 304696 622570 932649
312539 175678 312539 722316
419200 379814 419200 900976
200274 611684 824367 611684
446504 292244 991376 292244
456628 185658 456628 703588
777321 494174 777321 995007
430077 381881 430077 996941
45994 918017 808217 918017
448314 340908 448314 939596
478854 146344 988839 146344
578708 44771 578708 859802
889980 447442 889980 948641
536590 82799 536590 723548
106308 152628 106308 659237
464534 446696 980656 446696
977794 95560 977794 677685
737009 12411 737009 723023
660138 19674 660138 986828
76777 393567 764455 393567
423261 262781 423261 771545
13028 537177 578944 537177
499899 326267 499899 976157
125048 42862 780952 42862
196845 370484 888436 370484
478975 564117 996368 564117
428860 484125 428860 986570
151044 323290 906395 323290
371726 311871 874574 311871
398126 472865 939172 472865
931212 73706 931212 676523
72892 251057 72892 809643
242424 478813 790181 478813
70911 374656 836928 374656
156686 36835 866022 36835
421535 172390 421535 704520
603172 357542 603172 982055
238081 134139 941365 134139
92588 28902 899982 28902
397274 940532 917439 940532
634423 359226 634423 962148
767028 490452 767028 998224
3701 596976 529700 596976
298672 204960 298672 871899
58317 352451 58317 973457
108297 560610 666719 560610
361272 372958 881767 372958
464166 85643 987363 85643
483906 176204 483906 940913
956082 463799 956082 978186
18319 314778 18319 880007
242881 776402 898845 776402
170176 341049 170176 997732
248323 922699 939494 922699
234972 225150 973214 225150
435489 205159 435489 962587
190689 189640 983924 189640
501999 221684 501999 744520
258707 114553 777385 114553
594862 42758 594862 897831
857453 461496 857453 999675
62427 334626 62427 979764
118432 402704 118432 928731
199766 407442 788997 407442
135495 355595 135495 889198
154919 249594 955356 249594
437161 364497 437161 973413
725521 249433 725521 750217
173276 393902 981830 393902
159115 367320 159115 917510
221199 82943 221199 626703
159205 366316 711222 366316
211814 28730 909505 28730
904055 186145 904055 855741
6041 449139 533710 449139
573921 131498 573921 909454
40044 492697 970231 492697
317215 760403 979839 760403
469913 689231 974075 689231
307551 268491 979947 268491
229474 185878 960535 185878
40172 88033 612450 88033
280908 222282 280908 968852
536910 308521 536910 826728
644808 328418 644808 990321
375357 23755 375357 942944
228534 922313 733531 922313
62926 620207 664561 620207
348166 342748 989613 342748
200398 237252 747664 237252
464832 433633 997616 433633
457476 932715 992940 932715
310332 408230 810959 408230
538842 295331 538842 801069
224429 544802 895104 544802
489621 464676 489621 987410
455989 545164 959059 545164
387121 582326 971268 582326
430877 252030 938613 252030
352847 607390 997358 607390
391037 421124 391037 995848
288756 530829 843600 530829
231895 192780 231895 759574
238009 922515 809029 922515
28757 714800 862813 714800
247393 233463 247393 776579
81651 426251 81651 936606
286325 124000 977156 124000
54026 766893 657056 766893
365026 94209 997181 94209
685288 232979 685288 770857
31242 795435 836687 795435
87393 942639 880345 942639
391270 119225 391270 999174
164931 637955 762311 637955
413775 636701 971978 636701
652713 275412 652713 904054
214533 21449 214533 967720
906383 102627 906383 615450
247173 395371 247173 982524
161222 442203 921559 442203
439321 738145 974536 738145
34152 124968 971166 124968
640811 451758 640811 957114
179676 253582 179676 977877
914716 232743 914716 889002
187382 883435 754680 883435
186117 550549 960372 550549
962450 267627 962450 907799
323473 338359 323473 910035
115252 49715 115252 846528
334905 223858 983810 223858
261549 493609 782547 493609
32394 336692 924153 336692
116713 195568 807280 195568
67811 431441 965882 431441
462321 264449 462321 776851
13863 69516 970981 69516
417029 269985 417029 907849
76071 129592 76071 644567
57904 74221 571606 74221
982964 190328 982964 846186
846468 199118 846468 907562
985808 3045 985808 561028
327795 486286 327795 997405
105951 646223 903373 646223
63930 185861 618481 185861
374463 583609 959183 583609
370235 285599 370235 811534
17521 864846 543238 864846
146317 875293 880057 875293
459866 490634 459866 999373
87226 997052 694401 997052
984447 153651 984447 800774
376316 174172 904061 174172
377249 577788 925299 577788
475925 675591 995412 675591
829198 412 829198 942906
494695 33793 494695 748546
244139 639506 957507 639506
142373 280391 656381 280391
659655 37186 659655 733594
459302 175931 980959 175931
366571 276539 366571 973875
612450 272634 612450 862016
237127 370948 905418 370948
419546 495780 927462 495780
354689 650986 916613 650986
553598 487669 553598 994034
943463 97173 943463 707065
426158 820659 988168 820659
144206 690244 853273 690244
658344 311895 658344 927405
531255 60697 531255 902451
67892 519720 839486 519720
223305 298831 223305 916322
482118 457311 482118 968843
516804 468314 516804 981058
227429 491778 751746 491778
285439 162200 285439 715727
896993 347302 896993 989668
316311 404090 316311 908952
843315 387873 843315 989159
182801 154747 834882 154747
268755 291885 962856 291885
592800 490220 592800 999604
470564 966739 988572 966739
845517 173883 845517 815342
189357 400919 189357 907658
33802 959294 622961 959294
422867 828177 969059 828177
5121 224347 684781 224347
187388 331964 862790 331964
443928 250709 443928 752299
356568 420340 967944 420340
320233 19207 952828 19207
273736 474438 809458 474438
85335 121116 85335 938255
365869 606708 867098 606708
86061 576852 723924 576852
622290 281003 622290 871968
663452 88794 663452 781110
41499 217347 610911 217347
576449 149112 576449 983030
72726 107095 913184 107095
448211 898056 976120 898056
529340 334954 529340 889930
273432 915987 927382 915987
35206 189500 35206 830439
397440 145684 397440 758033
808738 350793 808738 861418
152629 334695 152629 874350
435852 178339 435852 765139
239639 202910 239639 997881
100077 409077 707641 409077
24123 502188 771987 502188
170937 389933 874078 389933
498198 789844 999865 789844
35398 178456 35398 966938
366404 791951 987362 791951
31915 119277 31915 644725
366014 499727 366014 999836
101376 364052 689522 364052
460039 455285 981408 455285
762860 449251 762860 980968
193314 404136 962297 404136
138054 585606 702867 585606
468237 234447 989934 234447
900997 486849 900997 993041
18393 807077 728411 807077
331726 275139 331726 977498
716594 334042 716594 971195
826625 199410 826625 857218
82777 653576 686030 653576
579118 156799 579118 890560
456557 21809 456557 759010
246968 493194 748168 493194
171706 778148 716070 778148
214107 156614 214107 890658
974710 318982 974710 903745
121068 171370 121068 919073
514451 365860 514451 881904
655162 352265 655162 856356
392639 236379 392639 872444
304794 981164 889114 981164
356169 785031 890928 785031
138080 391223 957703 391223
304817 223013 304817 812323
105719 167551 105719 924749
477202 560354 995184 560354
661859 83631 661859 773898
33099 650418 555332 650418
377452 367482 377452 975377
40057 888461 891797 888461
59713 930292 576867 930292
992971 267820 992971 768937
269238 116443 888963 116443
749627 158866 749627 763158
390589 376105 390589 883086
497995 456555 998196 456555
306921 133681 306921 814945
631117 99109 631117 741282
586796 451469 586796 987271
684636 368272 684636 975024
218665 412651 218665 942178
94976 969487 606850 969487
949800 349689 949800 948133
394469 750932 968331 750932
973248 406335 973248 927701
752957 428317 752957 993126
364743 711268 960856 711268
678504 27239 678504 685872
928001 95085 928001 673739
157083 136671 157083 873767
104999 714427 637502 714427
893896 424123 893896 986990
471414 393512 979705 393512
604967 445977 604967 980733
235905 871555 999487 871555
783048 125594 783048 836266
51889 155930 961778 155930
306960 490107 861080 490107
13122 210131 13122 858044
863865 356256 863865 958097
801888 321646 801888 949592
29080 199885 996997 199885
65496 856330 745767 856330
241654 812603 759429 812603
903706 245377 903706 830251
255326 55608 829227 55608
474411 373206 989483 373206
355817 21563 355817 709160
58824 87695 945627 87695
440763 428953 991440 428953
300270 223347 300270 786152
181076 444157 181076 961530
98934 935727 684060 935727
777845 424043 777845 966575
240348 65752 908862 65752
411113 106859 411113 845795
329770 909264 915277 909264
134650 243430 947701 243430
683388 17092 683388 670682
888861 301486 888861 950073
106513 989969 665123 989969
73415 678661 673154 678661
18744 642983 690631 642983
376458 162097 376458 753502
200154 978671 948155 978671
885817 143940 885817 706839
156801 111444 156801 890464
274278 595341 845003 595341
88688 45592 920245 45592
927094 421099 927094 924286
470569 290870 470569 821929
337466 442718 337466 985173
217563 982312 995866 982312
155343 141715 812106 141715
37248 726385 788447 726385
47147 116806 674872 116806
950372 493451 950372 999782
491971 738512 992195 738512
194460 983825 818503 983825
54626 330100 611251 330100
725086 371676 725086 947885
821314 490484 821314 998350
228515 241357 228515 908046
158063 989819 680435 989819
758828 176214 758828 996588
280369 37520 908243 37520
719038 78247 719038 964896
344802 484431 344802 987075
157637 204769 157637 752787
148301 174473 991643 174473
401306 133860 957169 133860
152332 138075 811941 138075
179285 631258 980832 631258
457190 44920 968502 44920
888123 137527 888123 929518
81333 637068 647975 637068
405402 907755 931264 907755
7942 229531 7942 941642
82235 867598 974551 867598
336968 456843 336968 969230
758912 330690 758912 985901
101690 166464 101690 693184
1121 603865 801930 603865
230385 531039 766224 531039
388349 157001 388349 704190
715703 120856 715703 916977
822166 140939 822166 900884
187082 260085 953798 260085
417430 214136 417430 919647
704394 76993 704394 691334
718301 25797 718301 964749
343919 340428 343919 858481
311018 469753 990127 469753
195769 827993 925101 827993
407689 890566 947420 890566
51067 821352 862384 821352
314984 743413 846059 743413
16116 355420 16116 932703
563204 184440 563204 891823
780140 158845 780140 929438
140599 60601 832184 60601
779148 320040 779148 900144
939955 162278 939955 857422
370188 151912 370188 843585
280344 891673 800756 891673
422178 119977 966263 119977
542937 183096 542937 921218
484580 446598 484580 992929
63318 67329 847715 67329
369070 642304 928314 642304
394041 183246 992694 183246
2699 468577 2699 982274
668904 204211 668904 879816
500224 312867 500224 914101
28223 430540 28223 960185
831120 131863 831120 989931
891168 392827 891168 912324
716179 76070 716179 740533
97506 65616 925859 65616
194122 255946 194122 841480
331493 19184 945220 19184
951594 150863 951594 739923
848387 145863 848387 725339
295002 203214 295002 831748
340721 204997 959031 204997
219970 905457 853209 905457
382109 341725 382109 922286
316827 233193 942781 233193
455926 72280 455926 931160
41795 475886 41795 988023
378752 30412 891843 30412
879574 372520 879574 873671
812658 235109 812658 756657
583440 201535 583440 914093
365151 400301 365151 922280
277029 483813 277029 986650
364733 450016 889395 450016
497556 367579 497556 978532
310329 75076 310329 966812
93783 83351 690963 83351
417360 383474 417360 986864
467751 559733 983760 559733
485155 831747 991911 831747
662678 221829 662678 844198
395189 504525 964086 504525
809439 279377 809439 922394
77816 259728 77816 909108
304367 445486 304367 961715
343401 217226 935891 217226
203481 580110 916245 580110
216031 449164 921589 449164
153674 155211 153674 710877
330780 55241 859982 55241
224190 160264 224190 694478
378350 242491 378350 991388
146948 760472 934666 760472
85061 652160 965362 652160
234630 355434 954227 355434
416907 812780 982627 812780
113201 613476 953179 613476
32392 321266 32392 924057
858502 26118 858502 994086
215202 493156 215202 994212
393967 129701 393967 890872
847222 368756 847222 998624
215692 911698 849299 911698
876466 310363 876466 896269
21071 480562 21071 982779
154388 706747 879934 706747
84335 618157 973077 618157
219750 288485 219750 900321
34408 205967 34408 792762
337046 713515 964919 713515
102267 851844 926439 851844
169031 880037 722817 880037
12802 131130 12802 704049
307518 187556 909887 187556
118398 217884 118398 869221
570169 247988 570169 796033
165516 564385 941648 564385
675411 64290 675411 619153
99408 620594 659531 620594
22105 205079 813131 205079
988695 352503 988695 872661
345171 719755 857712 719755
28402 13402 860587 13402
453939 395063 453939 929406
205399 342520 205399 982275
292156 186729 292156 731990
373467 122519 373467 861576
68778 869797 955385 869797
229349 262830 827487 262830
579685 381362 579685 886177
81984 36191 761710 36191
302890 992599 910603 992599
463238 692429 991781 692429
393369 916653 916476 916653
429939 711402 946114 711402
202098 370257 202098 970137
205075 65943 814269 65943
301556 507175 920072 507175
559850 399257 559850 962772
879682 146797 879682 988430
253301 315928 859826 315928
661139 165620 661139 796073
464360 454941 464360 968451
393535 492307 393535 995423
130410 227271 863682 227271
234048 550126 905075 550126
867166 320678 867166 856860
316298 505458 959676 505458
569878 196241 569878 732314
35764 351194 641019 351194
543517 85126 543517 842319
342242 808232 915889 808232
142187 260433 975804 260433
212929 932967 907224 932967
392999 145203 954019 145203
173143 913117 963002 913117
197536 298591 834786 298591
358418 354641 997354 354641
348464 273194 862914 273194
452635 627592 970258 627592
344743 54834 988851 54834
682465 52306 682465 691842
321776 443694 876092 443694
14140 907642 948790 907642
89523 141957 640017 141957
699794 39350 699794 632615
826861 188587 826861 959391
369922 430281 369922 976185
287424 445809 287424 972963
164738 385538 799460 385538
268199 508982 875777 508982
331342 216738 879038 216738
496030 442072 997286 442072
263141 448022 821979 448022
779533 334241 779533 867061
35755 755774 938841 755774
465931 919821 969216 919821
789555 321405 789555 906595
644767 113638 644767 861885
451869 257192 999955 257192
386863 107368 995505 107368
224575 79407 224575 793558
371740 353058 879900 353058
256624 114080 967405 114080
220995 405970 759003 405970
303408 269586 303408 933592
39865 192908 773328 192908
37080 794392 630116 794392
523457 416492 523457 990717
481304 491331 989918 491331
333128 370949 925492 370949
792060 68156 792060 982327
791467 340376 791467 906081
59860 833787 881787 833787
404976 167194 934808 167194
155173 533570 823820 533570
325716 761161 859175 761161
388331 384014 986334 384014
401269 895599 942295 895599
428293 845406 941558 845406
136207 424544 136207 976178
477490 241978 477490 890695
936068 69127 936068 888475
402853 561437 985466 561437
32882 416571 836737 416571
306072 435731 895231 435731
783229 354174 783229 900692
112935 568713 782042 568713
280543 723565 940175 723565
483327 260347 483327 905186
282991 717292 914776 717292
41713 23597 761876 23597
185655 43175 923120 43175
871004 291589 871004 884749
360569 327782 360569 942684
30262 722811 919070 722811
523777 19383 523777 948679
566306 122537 566306 763933
825647 165308 825647 728503
156576 102157 837011 102157
737785 55205 737785 834864
281123 227351 993958 227351
914698 218812 914698 745398
198203 919664 707425 919664
969953 382592 969953 947394
741714 480807 741714 998597
236984 398432 804088 398432
958660 488765 958660 999761
455664 337243 998137 337243
811985 245152 811985 866301
623193 90978 623193 863913
648869 83887 648869 912151
273444 226053 273444 761678
18776 203233 546003 203233
660487 366165 660487 922893
263321 712463 872083 712463
552002 308966 552002 824919
260439 251186 895628 251186
995313 486414 995313 986612
36721 378347 711509 378347
418399 880123 958070 880123
160777 457806 745605 457806
183494 91051 874018 91051
601076 383976 601076 920240
400082 848144 998169 848144
157713 141209 874728 141209
271916 649562 951425 649562
133149 136200 133149 962652
783113 337135 783113 891223
192860 65531 792260 65531
837064 339175 837064 908697
401114 287707 933482 287707
96930 49629 761449 49629
17587 419077 558107 419077
31455 125744 31455 780623
931938 386847 931938 993484
453512 245698 453512 925665
756026 321535 756026 959647
324698 470513 324698 985631
525402 312778 525402 926210
340069 285255 340069 865818
144977 833072 804450 833072
119343 534510 795429 534510
416693 827028 960268 827028
240039 654937 876089 654937
287605 391433 868715 391433
211660 6273 211660 885834
524713 451787 524713 971421
423095 826451 987852 826451
160862 450675 160862 979480
21690 24945 21690 533904
927042 92413 927042 976579
419533 437184 987716 437184
296343 80496 846859 80496
518642 356973 518642 984155
214213 9016 214213 780928
264149 468191 264149 989562
263438 791014 799167 791014
181853 140149 181853 787298
495466 925116 999447 925116
75406 189809 75406 759252
887910 108213 887910 807462
942960 84371 942960 872932
575949 478977 575949 992776
252666 140798 814034 140798
171750 297878 783610 297878
256901 974008 904685 974008
148827 182873 148827 862133
239671 840798 865622 840798
627221 389431 627221 999159
252061 154082 252061 873010
73839 265031 73839 859870
436743 447579 939478 447579
465369 380484 465369 952308
80628 395325 80628 897578
464368 808618 987598 808618
445363 605977 967302 605977
420692 213319 952882 213319
774916 3725 774916 594995
311662 627711 907714 627711
461803 278132 973902 278132
588648 472121 588648 992431
381013 195601 982094 195601
408733 415667 925733 415667
139672 248649 968316 248649
222923 157508 926195 157508
47675 63672 594310 63672
98937 477167 98937 978853
491534 297153 996642 297153
379070 310446 379070 846494
431448 545781 941077 545781
195414 762443 932624 762443
17458 16364 915968 16364
185894 307072 185894 935195
889772 161833 889772 973113
275959 37157 275959 747149
73518 694544 692941 694544
31072 664503 984352 664503
130793 28943 918825 28943
676355 460473 676355 993848
190907 843855 890102 843855
381303 600852 899870 600852
936431 155388 936431 700454
179446 753766 787633 753766
189395 52096 189395 916826
80789 894157 602632 894157
84305 52711 952798 52711
743425 52189 743425 665800
752045 260635 752045 885224
449395 485481 961559 485481
793714 127213 793714 656129
439611 540899 965791 540899
369020 908532 897199 908532
432106 614035 947787 614035
191070 349471 191070 882260
219383 395746 219383 924743
494386 59514 494386 912475
474576 119557 985925 119557
237112 682489 767081 682489
112567 126705 807385 126705
379339 50110 927466 50110
441710 436246 441710 986153
163979 548281 836270 548281
957524 150982 957524 991595
983495 450034 983495 969782
883148 87621 883148 736880
107035 600479 784258 600479
974709 170067 974709 831128
528136 211424 528136 797393
168955 993982 992477 993982
246355 137660 246355 901947
303467 292294 303467 806394
145741 895865 890257 895865
623539 264491 623539 835282
84362 965990 668445 965990
620893 223263 620893 807372
802976 315176 802976 838722
341534 593112 907614 593112
491327 92404 491327 882054
307846 580389 822612 580389
260905 645419 764650 645419
109323 506548 663098 506548
484096 169336 989340 169336
126364 364859 126364 991260
503303 240756 503303 997458
374066 61242 903166 61242
314894 98956 314894 969457
67719 403947 611270 403947
77120 504117 748792 504117
350302 756144 917149 756144
271986 695726 900581 695726
20909 198408 748003 198408
276320 143776 881715 143776
161508 872974 753027 872974
187913 604117 738086 604117
49515 26432 49515 927990
