1000 1000 600
467 160 467 845
10 68 10 101
358 513 358 621
66 671 620 671
351 549 596 549
87 746 87 917
526 145 526 559
118 314 118 868
87 584 373 584
4 117 4 150
801 265 801 416
417 269 417 630
480 144 480 550
945 203 945 768
679 484 679 525
93 342 93 504
954 176 954 270
453 206 453 565
898 668 898 837
214 836 514 836
131 864 515 864
985 59 985 599
342 402 342 752
30 957 202 957
118 966 879 966
626 936 918 936
566 480 913 480
229 234 229 743
980 77 980 238
437 722 437 873
976 631 976 711
313 44 776 44
441 9 677 9
600 616 689 616
246 485 858 485
825 71 825 893
828 38 828 832
313 833 313 983
796 24 796 121
348 706 738 706
191 950 243 950
363 251 572 251
763 204 773 204
215 271 215 617
123 267 576 267
665 165 665 211
348 496 348 775
11 146 417 146
127 647 127 854
149 372 851 372
616 162 685 162
255 306 862 306
296 97 768 97
562 315 562 541
397 72 397 932
566 465 566 922
641 915 641 951
812 794 937 794
983 259 983 626
810 18 810 175
608 924 905 924
84 93 84 333
881 222 881 979
569 826 880 826
525 368 994 368
270 385 270 909
224 165 224 956
758 348 758 621
915 672 915 893
132 12 132 171
511 899 869 899
266 917 582 917
531 331 753 331
770 432 770 803
494 381 494 446
547 425 547 972
761 160 761 868
621 751 639 751
325 939 657 939
893 734 893 810
573 279 658 279
347 796 824 796
106 127 106 374
192 130 665 130
347 385 451 385
557 21 557 521
806 258 984 258
589 298 753 298
596 573 596 599
316 610 316 870
19 123 675 123
367 65 367 255
312 149 447 149
503 395 522 395
214 533 592 533
157 687 157 766
320 184 320 794
317 271 538 271
345 20 651 20
675 788 675 955
70 276 577 276
90 120 236 120
3 164 966 164
736 10 856 10
804 0 804 980
840 6 840 973
333 183 941 183
953 302 953 702
141 552 378 552
393 171 393 397
73 972 922 972
247 320 247 878
345 709 345 984
157 94 157 235
642 442 664 442
204 210 204 858
266 503 962 503
0 848 802 848
612 80 612 761
586 250 785 250
29 208 29 970
494 103 801 103
150 614 792 614
360 946 901 946
275 577 275 919
897 39 897 910
291 33 291 729
654 272 654 690
179 328 432 328
28 341 998 341
847 962 927 962
987 15 987 50
339 432 546 432
815 643 815 857
630 496 967 496
23 43 23 174
4 232 725 232
418 793 800 793
184 39 184 67
625 132 625 501
758 222 779 222
718 439 894 439
22 151 22 332
586 126 857 126
674 41 674 111
2 220 2 910
582 907 952 907
347 396 347 553
79 772 882 772
385 66 385 370
391 496 391 682
544 492 544 664
159 528 159 989
970 400 970 816
797 35 797 957
322 105 347 105
327 84 327 977
645 613 963 613
48 110 48 444
508 568 647 568
389 560 743 560
151 398 703 398
626 676 978 676
297 604 388 604
189 185 189 759
715 53 715 63
340 488 340 597
567 175 567 614
605 439 605 788
389 943 789 943
37 596 37 858
60 543 196 543
675 120 675 364
508 195 508 233
1 425 778 425
164 180 611 180
81 783 753 783
349 429 667 429
750 377 750 963
156 476 156 970
650 308 754 308
349 734 888 734
295 992 995 992
415 40 415 845
144 711 180 711
38 393 159 393
654 677 827 677
693 255 693 675
193 509 671 509
709 498 914 498
221 795 612 795
778 345 778 554
736 649 909 649
370 175 841 175
43 641 43 933
636 443 636 532
745 687 745 825
145 948 895 948
245 711 995 711
683 320 683 344
546 698 695 698
111 628 111 833
447 680 490 680
429 670 644 670
523 168 523 935
113 696 585 696
719 151 719 663
673 561 707 561
350 468 858 468
382 243 951 243
163 185 163 618
117 287 718 287
55 152 978 152
595 872 908 872
396 474 670 474
641 176 641 424
972 319 972 610
227 702 623 702
701 311 851 311
973 568 973 690
142 83 142 652
721 522 987 522
654 882 890 882
629 397 629 755
621 860 888 860
353 252 353 536
223 921 763 921
210 240 264 240
664 354 664 521
744 222 744 643
383 36 418 36
602 138 602 365
334 369 720 369
873 249 873 994
340 791 683 791
231 449 672 449
684 33 893 33
352 385 352 418
415 979 983 979
168 405 544 405
27 512 27 682
206 991 309 991
462 391 462 984
413 226 413 663
575 406 575 798
368 705 790 705
296 89 678 89
80 645 880 645
26 858 324 858
701 691 701 918
504 98 504 524
257 352 356 352
825 959 997 959
344 817 969 817
684 119 684 428
39 540 39 655
404 251 404 673
432 83 432 988
296 431 448 431
489 568 489 589
471 628 471 722
293 443 742 443
344 76 344 570
323 926 906 926
698 231 698 460
412 729 472 729
225 730 879 730
795 59 795 926
150 238 150 567
49 539 247 539
193 303 225 303
362 116 506 116
17 916 991 916
422 316 422 878
315 684 326 684
639 512 783 512
366 106 406 106
380 336 660 336
196 465 760 465
417 672 417 999
199 835 199 936
53 971 554 971
992 25 992 347
511 145 511 815
44 770 831 770
184 837 184 909
688 110 688 495
800 211 800 556
952 178 952 382
164 76 916 76
672 540 915 540
918 537 918 875
99 693 800 693
936 710 936 788
194 551 730 551
737 86 737 631
14 77 623 77
550 657 768 657
419 838 547 838
386 448 705 448
53 659 974 659
180 260 571 260
189 782 534 782
587 20 587 205
455 679 455 690
738 843 947 843
414 84 585 84
742 370 742 897
77 170 703 170
466 980 762 980
716 859 716 999
252 117 993 117
659 609 659 865
964 98 964 528
452 470 655 470
816 4 816 713
440 324 440 368
211 68 628 68
264 726 399 726
479 375 971 375
223 155 609 155
666 174 666 283
374 913 997 913
994 46 994 804
340 267 340 368
967 64 967 424
482 184 482 832
41 732 766 732
583 14 583 701
54 88 54 574
499 66 499 175
773 126 773 363
372 90 703 90
449 989 977 989
390 382 795 382
951 478 951 642
840 509 979 509
627 220 627 839
227 437 227 449
805 616 805 663
616 533 951 533
521 319 521 649
585 186 585 547
518 349 543 349
168 369 168 729
878 217 878 573
556 18 769 18
752 661 752 848
262 262 262 685
853 462 853 741
578 307 578 359
49 696 49 771
128 17 237 17
32 73 807 73
212 362 294 362
702 346 732 346
337 332 920 332
703 422 703 961
476 627 787 627
295 380 295 722
653 275 896 275
289 446 289 811
288 577 545 577
490 574 820 574
271 733 271 744
88 113 781 113
17 763 837 763
85 424 85 999
609 558 614 558
170 219 611 219
71 114 933 114
372 233 372 561
749 133 887 133
17 905 762 905
16 520 16 629
951 759 951 918
185 660 962 660
845 138 845 627
211 688 880 688
213 953 621 953
358 849 768 849
440 838 440 902
318 621 467 621
338 854 593 854
410 722 430 722
43 368 366 368
859 628 859 970
513 432 513 706
58 782 90 782
490 551 490 760
943 20 943 802
257 144 853 144
752 177 752 298
176 323 971 323
41 754 41 766
448 70 448 990
947 328 947 928
506 887 506 906
268 216 268 553
254 307 257 307
656 346 656 950
504 49 696 49
746 135 746 735
608 548 608 554
245 148 245 844
834 855 954 855
667 386 985 386
592 652 592 918
363 121 363 829
260 87 990 87
550 7 550 764
155 783 155 784
560 615 601 615
806 152 806 532
616 327 626 327
236 168 236 376
19 831 253 831
780 212 780 259
210 703 210 892
995 229 995 769
41 846 41 936
61 968 649 968
540 317 998 317
696 62 696 859
139 213 993 213
910 342 910 869
223 12 223 71
681 505 913 505
486 942 747 942
649 52 712 52
125 936 505 936
699 434 699 540
219 853 512 853
978 221 978 606
905 205 905 518
401 229 473 229
850 315 850 602
561 652 588 652
653 120 653 917
707 185 905 185
106 384 106 542
174 806 606 806
98 441 632 441
72 93 72 864
734 63 738 63
909 29 909 843
660 272 660 914
36 36 36 347
569 707 829 707
410 766 410 999
616 12 616 702
371 58 395 58
395 607 722 607
249 245 753 245
341 64 341 587
43 652 195 652
662 603 953 603
746 896 960 896
43 530 761 530
307 217 521 217
748 788 801 788
829 467 946 467
102 270 102 774
484 3 484 678
438 147 438 411
420 766 824 766
37 293 37 477
643 431 992 431
85 166 636 166
248 159 248 627
561 935 847 935
25 329 25 795
185 37 917 37
114 815 928 815
540 982 548 982
356 271 356 847
57 148 558 148
443 400 443 633
981 20 981 267
877 923 923 923
317 330 421 330
769 81 769 752
321 518 321 834
329 309 329 331
692 96 692 194
173 214 906 214
351 334 351 874
205 697 626 697
673 16 855 16
421 157 421 271
860 87 860 431
70 816 70 860
643 575 643 663
366 384 366 907
419 893 806 893
339 127 339 636
966 328 966 601
127 10 127 572
500 273 500 350
50 494 50 728
802 50 802 833
45 206 45 827
136 743 136 766
59 955 728 955
231 24 231 441
405 487 471 487
1 970 96 970
125 42 125 784
75 525 104 525
588 641 888 641
85 644 809 644
384 88 384 646
614 224 614 674
601 459 940 459
274 57 274 122
16 865 961 865
290 435 290 751
539 351 707 351
113 683 510 683
556 810 994 810
464 685 464 930
899 386 899 923
935 79 935 914
330 845 601 845
205 778 205 964
81 209 760 209
28 899 28 922
52 125 300 125
810 81 937 81
387 745 387 771
644 154 644 559
283 262 283 429
579 412 579 925
141 538 141 564
253 587 253 720
375 389 706 389
151 807 444 807
114 709 892 709
461 158 461 913
454 302 454 962
229 361 926 361
376 679 918 679
293 437 293 882
363 779 782 779
21 801 202 801
267 541 267 743
649 593 792 593
837 409 837 738
133 863 390 863
430 18 430 737
246 16 494 16
671 597 884 597
19 773 832 773
60 16 60 462
516 71 516 655
485 814 485 989
700 41 700 766
537 151 986 151
5 62 531 62
427 86 427 996
109 93 109 965
212 44 212 655
387 240 851 240
154 163 889 163
20 820 843 820
206 479 206 749
398 131 720 131
62 325 266 325
10 979 318 979
369 8 972 8
286 601 355 601
889 105 889 229
57 593 363 593
590 666 717 666
363 45 763 45
122 388 122 599
74 124 74 644
272 83 591 83
74 354 97 354
423 501 423 951
83 302 776 302
87 25 87 587
89 492 89 710
220 157 220 419
962 184 962 347
485 37 485 77
119 630 119 955
115 716 494 716
306 59 719 59
365 397 538 397
742 238 742 340
380 995 942 995
132 715 186 715
311 178 813 178
498 85 756 85
61 904 682 904
54 400 911 400
28 830 381 830
56 23 56 703
961 77 961 812
