1000000000 1000000000 1000
68867029 56932629 911804386 56932629
939961209 89368354 939961209 950956824
456557378 435620219 626574846 435620219
379741614 137402496 379741614 642396957
397405033 220217437 976369146 220217437
8874520 268530671 361130670 268530671
956446623 174033301 956446623 359426032
925996071 605298825 925996071 897469707
580815808 166647053 580815808 656481262
563843628 701585948 993750615 701585948
334402 156327950 536217248 156327950
374608795 67004355 374608795 338868650
306073670 173006773 306073670 685332326
61126020 195929050 273944111 195929050
26231503 748386953 478619649 748386953
778193145 97435492 778193145 666127340
51286361 608922847 51286361 977556544
843308952 33462206 843308952 362137482
953208 940582984 60134848 940582984
862144510 360812672 862144510 585922793
93370472 167393844 93370472 502290685
140168696 513537468 787837443 513537468
37615970 311136212 934771680 311136212
96188281 201027364 96188281 857796592
140005957 477625886 803332203 477625886
649359996 204316139 649359996 936762444
937502395 3913915 937502395 851303594
291329896 356468655 291329896 858674976
311778634 159928771 311778634 304834965
782900799 33203863 782900799 301037369
82491074 251692368 82491074 659323407
473621150 615950218 473621150 812161441
594513289 74852252 999763636 74852252
30442860 463123917 434166247 463123917
83364610 291641587 764309065 291641587
393826768 66306827 393826768 579781059
380103773 893581477 716890983 893581477
633856393 104141779 633856393 645955797
374080313 363223519 866021539 363223519
915141019 36274933 915141019 304080887
976332811 5085214 976332811 686098260
839039282 126599896 839039282 280600153
367304265 733344477 974076321 733344477
457636644 410618505 457636644 771682738
238695096 283959514 238695096 911635818
117258697 283802144 117258697 751051685
643899500 54285371 643899500 352833411
188033085 17527138 188033085 972184260
151915632 233652587 151915632 986597894
50314482 703183677 505298129 703183677
586105943 783877886 933554655 783877886
407594289 0 407594289 122068595
596155555 166160018 596155555 272437967
92291901 77089273 92291901 703351741
28084407 486740620 641002688 486740620
622522387 726156034 622522387 971249044
516181525 477601682 516181525 808818863
48199007 388457944 833994840 388457944
55536762 503670314 534252520 503670314
830508327 641086082 992304699 641086082
733184163 217032379 733184163 745168212
258464612 29128463 258464612 210761266
354111515 832010832 897519595 832010832
260194010 891020966 260194010 974197203
38165558 364578124 271037871 364578124
97008102 860271432 953136184 860271432
528098148 775809610 528098148 864522409
93704399 477129660 391984672 477129660
281622085 340078816 778004346 340078816
98587492 443929061 600459779 443929061
933655432 227110560 933655432 681680862
836851793 304101820 836851793 827992540
490753125 858691290 819322781 858691290
52317827 288906890 191001052 288906890
744622381 36657892 744622381 809148839
443908657 269178722 1000000000 269178722
154384101 42871976 916717087 42871976
378372046 437532636 378372046 880912150
389536524 121941014 389536524 996502568
335335337 180739620 976257257 180739620
763762404 130134866 1000000000 130134866
590941943 29969700 590941943 379728666
98724125 860949758 832402671 860949758
255072822 669879830 984205770 669879830
556717110 841066328 556717110 990356429
357676408 315884313 958861984 315884313
429773189 912673902 429773189 996287904
858637091 46500886 858637091 459478987
973298889 57047421 973298889 638628444
78237254 426861182 999404740 426861182
148552613 452885680 976720359 452885680
1083974 394546687 643550229 394546687
108939597 894520335 330861154 894520335
658231358 645989336 658231358 844986564
931504235 2392318 931504235 60504233
171678101 672559820 171678101 958863083
433626520 713425214 433626520 960381335
545826528 378825597 545826528 718030572
148718694 402910090 148718694 841993930
40389329 351458961 40389329 739315405
689564138 576112681 689564138 976022779
547783200 793457636 547783200 962875961
220499400 286050711 220499400 764002237
173802683 901005019 665182887 901005019
402959628 45662087 402959628 243025696
321862298 960012916 880337144 960012916
516720223 188226377 516720223 986795771
502735169 248097766 502735169 603473562
919564946 286822539 919564946 495401375
332962099 490652468 332962099 841612328
778215286 609193503 872908353 609193503
462474010 48411434 462474010 989758720
656989261 243540987 656989261 991926221
96295 567759864 537308929 567759864
636670802 639486337 966915275 639486337
682637787 178008182 682637787 985653742
488304981 67971463 488304981 695072923
808403377 315731574 808403377 925178253
56307180 651868879 100254908 651868879
416520096 63425657 416520096 762803427
598811 952152179 268460514 952152179
114126486 268983467 807695557 268983467
465053593 582760492 938348570 582760492
469319913 177567494 469319913 963386308
287765950 485175651 1000000000 485175651
408689518 0 408689518 771324293
571072117 140968981 571072117 288114539
150547590 583314530 996576119 583314530
402162244 228273827 402162244 335516162
924764175 21726315 924764175 236255970
114199403 541985271 299413691 541985271
872282519 18395834 872282519 141300167
289511351 20266186 289511351 399896891
42462707 130941225 852880844 130941225
159096147 574133365 159096147 939251476
90790161 389998069 871139953 389998069
0 293218633 111439131 293218633
482545614 361126961 482545614 773997029
185124355 210494648 185124355 900454789
209611890 78243659 956871601 78243659
179019509 85872510 179019509 935848563
950170416 61387226 950170416 693668320
644132497 633469754 644132497 971500444
361870337 173287456 361870337 919080142
117796967 122464025 387679846 122464025
435514600 83930555 435514600 832782690
23613187 615499477 820757676 615499477
38206757 772956291 38206757 973150722
116336167 222620677 960938212 222620677
564584129 86310844 564584129 728545351
471550091 725942511 980632971 725942511
60267011 637803132 607664814 637803132
107374740 327137987 959971024 327137987
888837212 244410220 888837212 856251916
752949509 586030897 752949509 873161467
395007896 436892855 760608017 436892855
119752780 518496758 713373707 518496758
633131752 194986558 991424729 194986558
595711567 558192459 951960844 558192459
249028272 504445373 980208314 504445373
462912024 333966763 900992492 333966763
559624618 263267822 559624618 993750998
239649811 84401623 936935141 84401623
111568590 953958778 775870759 953958778
705182430 232899596 705182430 482339985
359021823 202082760 359021823 865054130
230850247 469298773 846754352 469298773
44197644 483348425 561340642 483348425
320061297 146392837 999399287 146392837
393090876 102590731 393090876 923121992
409615686 163388128 409615686 506775295
148013005 587071617 969159545 587071617
703188088 202077864 988829460 202077864
196401430 716185128 196401430 939470084
21564463 177068328 488534174 177068328
531429468 298620582 531429468 703422012
145428273 5115802 145428273 782414491
893943367 694310248 893943367 981058906
497174775 58530522 497174775 1000000000
184524032 292691335 900158892 292691335
32535514 648214491 461538830 648214491
429028669 259603441 429028669 834297503
400290819 660666873 961158388 660666873
607082748 45886210 928778413 45886210
38781630 697965087 798853834 697965087
314836793 67366056 888459339 67366056
857002893 690589291 857002893 980363834
908100042 35722820 908100042 726097308
704484193 76635104 704484193 584529629
9617883 774133701 875251348 774133701
618283236 492868058 618283236 731036349
837855607 306465101 837855607 755369711
896522890 697707609 896522890 997608190
742247981 728408281 742247981 998258405
406208831 879798 406208831 894335039
829819020 416259602 829819020 643201602
398901866 414692959 600537694 414692959
186386857 151219485 921684047 151219485
231031461 55819673 778920244 55819673
537684555 59352689 537684555 739971754
15519832 563501538 314364413 563501538
621456286 172828857 621456286 610971986
324971237 689828973 955817684 689828973
73724724 819788450 73724724 948762147
327900673 34327130 327900673 701987390
151362410 680885319 883119803 680885319
48509130 277134937 956250418 277134937
52447116 276369007 866618496 276369007
838675447 70632694 838675447 372524380
317941561 17024605 317941561 785430039
390272073 452768483 390272073 611537189
242204890 950234374 880176305 950234374
466663907 169322812 760243366 169322812
132725907 371157329 493402223 371157329
0 143177732 363026599 143177732
415847655 238638866 415847655 672093110
500332070 573444945 500332070 897861480
35133822 690467766 996909235 690467766
416034168 283125055 416034168 608023931
157582510 14790638 157582510 721848864
262612520 433914074 997136655 433914074
27760759 805432433 390056011 805432433
522665140 97006273 961854700 97006273
554808159 747736771 723011449 747736771
17634067 347253385 513627342 347253385
130034707 662790479 185189090 662790479
816994997 547234205 904984200 547234205
8762223 125572106 8762223 156374299
213449837 277462533 213449837 714006377
207258079 426591718 207258079 825447569
927192601 75849330 927192601 568005480
28630089 356679451 28630089 937739790
6370253 303079065 959984782 303079065
476478820 221928962 476478820 614526736
649250987 205051107 649250987 549143704
330586892 154322275 942858688 154322275
260070964 34649026 260070964 320179088
187901378 303661530 187901378 992890986
119262212 494308300 938724435 494308300
38152162 613034499 807719873 613034499
285860722 47658566 911730396 47658566
137178387 193457322 137178387 945886342
533568346 90541312 533568346 838988317
165274111 507458359 165274111 928534906
107585663 393599357 888257937 393599357
453058697 82489451 941134462 82489451
520646212 51066655 520646212 898264789
111133770 51775414 111133770 664777542
170631324 149189268 170631324 810295460
324526206 66721804 324526206 122655018
765527101 286837640 765527101 611751297
143364118 326952143 966188753 326952143
536493978 9218913 536493978 674655284
214020307 284510850 914299515 284510850
372988661 42189486 372988661 822063469
537231486 461348861 537231486 964790869
158502617 699188250 538539402 699188250
263814280 325605775 263814280 789519446
42077191 751939193 160606168 751939193
129385883 383648249 983432334 383648249
20619063 421590812 847715612 421590812
23679147 641141159 609868796 641141159
53454500 621783847 953265340 621783847
39346775 770172933 782867299 770172933
265263030 149173425 858589495 149173425
325630092 927352330 622509666 927352330
932224221 264425084 996035332 264425084
221947542 983686929 221947542 1000000000
986734504 9301643 986734504 447708252
819916562 639965979 819916562 768519717
815039365 91691169 815039365 560010880
1130238 345003662 1130238 954717656
587153985 364438296 772132618 364438296
760925608 621235488 911385514 621235488
200461075 0 200461075 213875946
29863158 506977402 599848438 506977402
411132241 389508141 411132241 934537601
672270807 8527377 672270807 203147220
900798690 7273867 900798690 856374043
655266732 576077308 655266732 876614207
115924123 289289560 897908189 289289560
408526824 397570285 803032715 397570285
219110358 830090507 219110358 963755601
288354956 231681365 961008509 231681365
568764102 107300837 568764102 469938104
515606029 411139257 515606029 940657983
25759713 77939911 678066923 77939911
295051818 628150493 529542600 628150493
269692737 479216767 697963833 479216767
12324009 475247159 336918333 475247159
25564274 738786102 438645935 738786102
864742921 204404109 864742921 777502373
548723906 88767372 548723906 877530585
330819465 204054338 993352788 204054338
619020705 133091763 949139737 133091763
283199154 253887423 609703905 253887423
306645764 649955718 923114592 649955718
72551855 478083031 493028233 478083031
160897636 504070512 160897636 690602792
756244580 2248338 756244580 373990621
34756284 865824521 755580913 865824521
735936366 629527231 735936366 727712840
652096563 690984143 967713485 690984143
86930992 561604057 86930992 952417013
446541386 4158404 446541386 658442118
362253470 974258590 973666717 974258590
229468776 177019888 995015073 177019888
987203819 0 987203819 234001378
136903440 447449001 946026411 447449001
59642962 375968132 749290595 375968132
198110242 591686700 716009885 591686700
107626228 31166999 778334417 31166999
224037624 341161807 224037624 604833128
729343093 50684171 729343093 996783028
244763406 282496131 999749004 282496131
7712057 283649370 646730284 283649370
919389028 48799267 919389028 392086755
916981425 178408304 916981425 863333109
153843245 767108704 496688606 767108704
514631043 35987243 514631043 589584014
309208476 55437796 759730291 55437796
723394002 31004213 723394002 365014123
501219449 137649638 909610770 137649638
995450751 12336420 995450751 184906016
32293523 452953096 32293523 921587229
807247483 13633144 1000000000 13633144
820838369 40989405 820838369 648589600
834686788 115863931 834686788 342661637
41598826 456262686 41598826 998142231
67849813 984129624 774795117 984129624
854162728 333332467 993358695 333332467
18073352 178970191 490774105 178970191
427511430 318716129 998887807 318716129
470924649 64497228 889124306 64497228
352088129 92950746 911047334 92950746
989273708 457687307 989273708 612262462
781732687 861439455 943925455 861439455
481557664 811440972 884269706 811440972
866875610 312601598 866875610 958652092
478436731 811090064 684625331 811090064
353714963 562026123 963470388 562026123
2668679 816899270 540956597 816899270
791295430 35031914 791295430 462750089
101926398 625714892 441471303 625714892
323609490 396672114 323609490 904702594
60690161 834047356 556170510 834047356
371634688 92945152 371634688 313588005
300348925 525489905 300348925 971684731
859492778 488226978 859492778 883042169
392783852 3600203 392783852 810348207
897004689 399924519 987317753 399924519
552305287 788871375 989079163 788871375
425771532 230306766 834367081 230306766
317458959 166813395 317458959 552188310
35473592 883272973 941205906 883272973
36923883 912978547 261583498 912978547
40172951 78881346 511220762 78881346
441370603 262375047 931559597 262375047
360878022 435009688 961559883 435009688
109193364 916135737 557148725 916135737
781594122 367576473 781594122 961264044
457060036 812627441 457060036 975361907
781363440 262719623 904246064 262719623
823242721 13784308 823242721 453731569
64002780 306189357 986478570 306189357
11577105 474335647 673646771 474335647
2687313 177445897 142621902 177445897
606501701 796903143 606501701 990830886
943262460 493932388 943262460 995641980
16184449 832584408 16184449 948711461
971902507 768565663 971902507 972194274
398809944 958355664 989140281 958355664
172350130 421081390 172350130 664694456
23628311 51299137 23628311 766263361
83462487 869546573 960877287 869546573
41742494 975187514 468734520 975187514
92911451 111606170 818032726 111606170
230939632 60316329 1000000000 60316329
607828728 89754671 607828728 681244499
840832696 475482038 840832696 811127915
63474545 577172259 790135371 577172259
628485248 7546953 628485248 378686687
60005045 606771672 60005045 908142238
149228769 643631749 329613814 643631749
325423414 119518707 325423414 382649647
27035408 261223485 27035408 574260638
326372663 459378742 768002088 459378742
161015632 107137503 600424404 107137503
356723448 647563532 848702365 647563532
59628682 342035156 128877241 342035156
572396034 219553999 572396034 800416162
262031322 72695919 262031322 552508139
219303961 660146119 596287268 660146119
249044826 850713326 876823113 850713326
156240815 29652781 156240815 639147134
377642655 700929478 673792429 700929478
20892041 307861140 430800988 307861140
588610898 764557602 588610898 983874200
48704117 265377638 48704117 976670624
553544473 416228778 553544473 896896421
848493849 542996147 848493849 860504354
331737746 208577142 331737746 981822646
397138863 43004616 397138863 979952419
180639268 15522973 180639268 986704853
798026140 129873522 798026140 784541231
999703710 52110788 999703710 598184539
440925622 524842591 977445793 524842591
14904780 911254472 503114335 911254472
15423882 402190832 943173944 402190832
126183909 21501918 126183909 890180996
14990547 55689901 14990547 938474438
295688764 712522483 848038745 712522483
8306372 826006290 565576935 826006290
50939050 610024000 170014371 610024000
251100133 436065001 251100133 893750408
374249719 310081375 374249719 580378754
878246767 213369223 878246767 676958958
991141416 378176436 991141416 684951859
36381065 609998145 818335280 609998145
82611742 220497350 960447319 220497350
54048482 199201579 54048482 567889844
435874211 200088343 938932968 200088343
267649670 218685863 267649670 474747939
50634 922692878 86423503 922692878
12535386 375561076 974546917 375561076
435213614 25710018 435213614 469485472
498131786 579713260 912959800 579713260
356246913 505201395 356246913 960020677
111289494 303514920 413381356 303514920
374174834 978392986 963468151 978392986
857362287 78726563 857362287 317661647
511438898 689803912 895980926 689803912
197223698 22987815 197223698 491333946
384398929 406637643 488139205 406637643
373561690 379346580 557445266 379346580
109089702 699470399 717985280 699470399
76538722 265191798 76538722 762243891
578584838 349828259 852431318 349828259
744353106 696352342 991930042 696352342
901749843 16746333 901749843 716492472
123371438 764553138 951253177 764553138
23901651 184938495 68345917 184938495
610741501 148433275 610741501 660135776
337368166 54918414 337368166 861321133
40023014 607401492 389356262 607401492
887381902 135292792 887381902 546980809
34170992 674955589 645018267 674955589
265015332 766036434 265015332 959207405
593865662 41883971 593865662 773913577
899326169 87412452 899326169 842817157
657889852 615159350 657889852 995076941
244230617 299042685 455292142 299042685
112048784 650224322 917953999 650224322
76877150 638835437 303121825 638835437
5561449 593975401 779914762 593975401
35158824 467593000 718420371 467593000
484460663 169071542 913352047 169071542
265925401 259860759 767719702 259860759
609736849 33017018 609736849 912330837
246585878 55313125 246585878 453509441
98600896 51818093 98600896 999109222
330632372 839426646 330632372 995689742
17215724 653407415 280414199 653407415
646573371 542641033 991810342 542641033
980455705 10096579 980455705 240290389
773301670 27423669 773301670 687472128
539515170 281429479 539515170 969745218
255329650 316255970 255329650 854090136
463304939 43751982 928963175 43751982
280502092 25748349 994335318 25748349
223467582 936749308 528414963 936749308
183924420 15728838 183924420 825581031
537117450 54747393 537117450 821269355
126176168 69887483 581413174 69887483
145542635 82574612 877791922 82574612
792430377 771133226 908330272 771133226
498108251 539488053 498108251 882531504
879794189 8137328 879794189 991453377
332837424 349997969 999215195 349997969
813285302 488861440 997969440 488861440
245078628 204636154 245078628 723549495
444845074 634643496 969290433 634643496
717861078 590480160 790079685 590480160
120309005 839979707 377484651 839979707
139729897 879695464 139729897 988796493
336964442 607419721 953267207 607419721
122128617 619884477 313768267 619884477
376861638 155887493 376861638 676205368
404351206 10698382 404351206 834130116
150619058 453544342 150619058 933727760
351964687 592200422 558510878 592200422
19549471 542121485 602297435 542121485
113668736 397476700 113668736 536452061
214299745 418142734 960805104 418142734
833101886 249558495 833101886 935476890
461719413 239879370 461719413 775787174
615299888 158526707 615299888 560386660
750751542 827123613 750751542 993091012
406480030 485532932 929922308 485532932
535193147 739091547 535193147 909573968
52306135 629014360 483394546 629014360
148373004 265671363 148373004 708437795
128424479 105704138 128424479 985060256
183980443 541211309 183980443 999624726
6031580 40255485 970551142 40255485
233319234 303640508 880802221 303640508
318380996 907798189 649259010 907798189
480873811 739779125 480873811 995184735
132879900 706577808 724181974 706577808
251757871 287356181 251757871 736085908
121272138 192236843 626801427 192236843
993658072 166448876 993658072 732558377
102167274 459666373 832653008 459666373
236991067 480217875 934024844 480217875
858515806 565716135 978550430 565716135
845258662 181892446 845258662 211290749
389898993 212834501 389898993 400430544
721304559 1436628 721304559 550622112
0 874703027 56699649 874703027
562841123 494240077 562841123 797531018
520949628 488716125 520949628 999161728
520905939 29168261 520905939 662365107
30672166 357514709 963156769 357514709
247564408 913598626 757595808 913598626
564734450 90629410 564734450 647637667
172533131 164830469 172533131 894491122
846481916 43211874 846481916 974572249
365729624 218959753 365729624 824485506
475274960 612131663 475274960 818892907
413229407 579230220 955263530 579230220
944133134 328937772 944133134 922354687
252821 634539606 91516451 634539606
29331491 323702840 807877204 323702840
111661631 405325768 301044063 405325768
283693502 438842902 907098166 438842902
482641588 61578569 482641588 969938907
156574541 532880485 745650138 532880485
776123530 181839184 954799621 181839184
631536096 421978306 631536096 957594431
40057022 191458374 628765215 191458374
123678479 257942159 872337567 257942159
630746586 150663600 630746586 974771488
538757143 107397540 538757143 745818804
498272204 45967753 498272204 482626199
628561951 33596181 628561951 776986350
28821326 375765424 1000000000 375765424
178375467 291062311 736555643 291062311
15741924 854048184 404788581 854048184
757965432 393005959 757965432 984299388
220181734 501324808 220181734 591876609
500338207 206266787 500338207 751210554
0 208164930 250506355 208164930
660651395 11143372 660651395 357459657
246458750 928983774 680260569 928983774
386076980 478167593 386076980 759312909
639644909 164642605 639644909 429303504
251665355 232067036 682043646 232067036
888868936 33236595 888868936 823921720
3040493 212756615 549777311 212756615
713061362 258471946 713061362 712340420
472788501 83550582 472788501 146535727
234124018 436448333 999297168 436448333
169377865 345207166 995867038 345207166
583079848 554129899 583079848 741778806
915331538 155927045 915331538 800329981
622069255 181609335 966117539 181609335
222102504 776117164 813352184 776117164
212545472 148209235 785626475 148209235
251512405 99346081 776981525 99346081
912328682 268975635 981483912 268975635
151663261 795613525 976978962 795613525
99003401 474421892 817190460 474421892
541505395 68368648 541505395 580165872
747642967 132752894 971390329 132752894
709119711 44900852 709119711 810358253
700527892 451356814 925601461 451356814
75343863 38938952 75343863 352488397
795265756 98799208 795265756 810732055
377497 560441110 377497 991919370
672566847 212512421 672566847 944154407
376890034 59826452 691562864 59826452
63650654 530319726 881624715 530319726
555071190 185776822 555071190 985094503
433502389 439334459 433502389 592545134
202570323 420887213 202570323 877750013
120267758 164171386 318218800 164171386
171513003 179195672 171513003 820929773
718966055 229641253 718966055 460994799
343143978 101378559 343143978 818919727
977712186 200417914 977712186 577869883
349288666 372231346 791382213 372231346
249953310 416297275 995175699 416297275
376931392 461480594 955413444 461480594
12570558 49716317 12570558 893424809
105954492 478054610 105954492 959630807
132721063 267228424 972118474 267228424
63001851 688068269 63001851 817392125
53848029 813238300 380931916 813238300
120531759 562700915 508450500 562700915
212739456 383317665 212739456 978157310
257911100 118387174 760084006 118387174
82977133 351212385 82977133 643610380
364735756 183685191 364735756 906926898
89096031 463829394 885335606 463829394
803934977 252112419 803934977 853407034
38505810 365467211 765311409 365467211
497804025 691945603 497804025 960830580
19524807 351059131 823197791 351059131
885006774 341232727 885006774 679990510
141057393 465346937 663630146 465346937
10587814 348093847 849378028 348093847
953312021 171440015 953312021 904269930
184684088 227966963 993992747 227966963
521619704 627194106 521619704 953413980
955147918 47611219 955147918 528463304
773378571 464080205 995948207 464080205
646485590 29786655 646485590 270027883
55896919 174017313 617926771 174017313
76377210 202221303 76377210 732937982
41078839 80676278 41078839 441106324
651224905 558572293 982913073 558572293
132655577 30919665 132655577 437949164
3025480 117173978 541109880 117173978
103508227 477456103 371307932 477456103
297341908 351551624 297341908 829339960
151823205 523434604 672520203 523434604
842366707 811647247 986704780 811647247
992624085 200157706 992624085 696947229
837111915 113995957 837111915 685840939
83117959 469093958 83117959 657072832
970805523 235459355 979142775 235459355
577234322 112828794 577234322 793849852
217665983 207460374 680678851 207460374
14083993 611315294 14083993 979414446
524837940 307119340 524837940 619624703
383823598 434465132 562649137 434465132
531843563 100063162 531843563 584011425
677491421 248525385 677491421 742862777
948090280 50927352 948090280 849634492
587614358 64243549 873401803 64243549
523784970 133796648 927741898 133796648
227481498 450098767 644148565 450098767
802175618 283750495 802175618 875207628
65292969 922675975 495736827 922675975
297753759 362840757 297753759 836847331
65101963 98646132 790715099 98646132
30002367 86799910 30002367 507229285
42707145 23321092 42707145 203172321
261903062 175343403 261903062 917570428
13530214 864120621 931373547 864120621
977172029 13661901 977172029 749458132
362462920 492160529 945325495 492160529
46470025 945086745 608656286 945086745
434545173 258338848 825542052 258338848
945509307 35505342 945509307 397049820
445576940 444038647 779521082 444038647
451018360 473655535 886389792 473655535
737646779 144754492 737646779 662887095
306883471 160591134 306883471 257402626
198094217 155711602 387710798 155711602
168625338 369104574 618043087 369104574
216954861 11162115 216954861 360787780
636740660 36416006 730708009 36416006
33253983 521166756 536120842 521166756
823631871 621185588 1000000000 621185588
931101611 373823812 931101611 667768590
202124630 16963011 202124630 232373681
299107572 5748365 299107572 434045570
260621573 310261241 260621573 588691787
592760919 813181411 958389327 813181411
957548386 31661432 986174196 31661432
160436885 443422762 966975356 443422762
452842634 85700772 452842634 476225271
20412066 162142172 697371084 162142172
788913062 19716007 788913062 1000000000
89159437 375505232 881065523 375505232
719712473 118769114 719712473 945049965
191245738 133779474 191245738 954389774
341396310 264243810 644278843 264243810
874794291 33552448 874794291 756481210
60823231 288964981 683803128 288964981
261506598 158804045 646892561 158804045
470711142 903510053 887435266 903510053
699720106 78431962 699720106 741562594
74413096 260134107 245852285 260134107
31418608 539936244 510882620 539936244
477775433 205748037 995537336 205748037
167876563 669318576 979470599 669318576
346735150 358896695 887297206 358896695
40138360 566006023 568480266 566006023
156031543 153102493 156031543 417137437
931989713 109681112 931989713 810866390
288133902 457197873 518524405 457197873
436127961 68985985 436127961 491093092
462094193 574184300 928518342 574184300
69164338 455226756 901329614 455226756
378039228 250867599 421625421 250867599
107072809 194091010 107072809 663642673
235074343 271495367 458540528 271495367
932972168 175863557 932972168 993959176
521756860 774762984 928082767 774762984
444131055 470127288 444131055 991211320
88857131 542419306 383802588 542419306
672301914 634248570 672301914 973173070
988816062 562444433 1000000000 562444433
164795315 429237582 999813069 429237582
157656778 206311863 157656778 998082841
839793523 684410758 953725383 684410758
631392616 154182190 925622999 154182190
94560467 522378 94560467 750473275
100677222 260726766 873683609 260726766
336790558 25877988 336790558 137064579
409648933 839355793 409648933 989490391
129988381 610912581 882818801 610912581
745978406 510940789 910852443 510940789
165847812 761178258 564712840 761178258
27517857 551484056 745175089 551484056
597433089 455516600 878022615 455516600
631057302 116749146 922681966 116749146
11548 508466221 172343772 508466221
486375653 319447980 819717937 319447980
81407190 567452637 726764757 567452637
62551258 105142055 62551258 812507493
326917971 126213247 326917971 938243249
11694280 776957939 943316358 776957939
345245492 967014250 483741442 967014250
939720032 647540896 939720032 1000000000
753408032 88806533 753408032 738102067
634517125 16223793 634517125 553220143
410269768 242737123 410269768 763737846
917571729 401923211 976850294 401923211
821238451 116695989 821238451 351690036
377538072 25038053 377538072 926522959
506282843 276024366 901987466 276024366
693147003 85328043 693147003 388068913
171709690 826322376 937318021 826322376
738490599 294058385 738490599 953216929
485178687 198282389 942316575 198282389
154779753 162600373 154779753 946414729
44279368 375083894 752581033 375083894
229520776 95845937 912864895 95845937
164232445 174841585 413441506 174841585
486990152 876732266 638096554 876732266
39073293 545267892 39073293 937423447
771521153 271874032 771521153 989223510
110071097 420779222 110071097 1000000000
99147355 547837432 923802879 547837432
12294151 808540885 592022675 808540885
162180487 355376949 969128661 355376949
787383402 101900502 787383402 765648524
790108139 317779178 989162232 317779178
678239815 215092316 876506827 215092316
277676111 891918833 590490014 891918833
75671160 417561740 938997818 417561740
88233990 25122018 88233990 962284980
36179688 395083370 36179688 983987938
415647108 315415090 620624968 315415090
456143441 17860882 456143441 375258281
829493048 713465331 975185041 713465331
288419033 525699777 803017271 525699777
897719512 66552691 897719512 470654652
104927846 594321388 353457551 594321388
143893564 290272981 143893564 891023030
568097798 275414359 568097798 614956436
47155909 174994921 494238861 174994921
209362826 131012598 209362826 374635487
210480999 497325004 988627364 497325004
7510105 21878811 7510105 813739037
751246437 18384131 751246437 244266833
327544641 229627078 327544641 858010567
14841336 198097601 930148241 198097601
782497619 106503267 782497619 515761063
49341484 390140904 263325564 390140904
488665612 951657570 792640775 951657570
94981569 168204075 94981569 891803915
246200688 827586771 819995138 827586771
483224843 403441426 851239507 403441426
81327733 321133307 81327733 987292175
77059789 116723390 77059789 640207317
779336091 60240774 999793935 60240774
615918982 23233471 615918982 989071784
977013654 11135247 977013654 311588810
286636531 288927163 286636531 740295353
501602193 925603402 567667290 925603402
743915374 134361263 743915374 566846825
621056515 29501149 621056515 402479487
86859620 641429991 517428531 641429991
454282638 285755107 454282638 963012149
264975921 279003260 940535817 279003260
789600927 76501320 789600927 963140944
692234338 610807373 692234338 891196499
467167721 285922451 467167721 913565625
308062459 192017187 975957066 192017187
22776716 137228654 217530612 137228654
328122780 497337505 328122780 763084434
135052986 372120282 683930298 372120282
84785750 147929842 84785750 784343805
224004283 650799957 679868284 650799957
400728716 2813210 400728716 969516152
770227377 705775693 770227377 817853650
200793692 65261464 961414446 65261464
116749370 759499910 974682632 759499910
647452211 19220730 647452211 939763474
55718907 223054563 55718907 977975471
229920254 793543051 853407612 793543051
235158408 909142096 522809602 909142096
491140809 238509728 820978370 238509728
711023178 967852095 910589606 967852095
48546172 260249492 999985879 260249492
787135325 346439112 939824795 346439112
288151354 154680463 964903692 154680463
896871407 671895596 896871407 801580093
253540189 100552284 253540189 351123423
436255094 143262137 436255094 557784886
744785350 851609217 744785350 875042639
465031559 634436962 465031559 916098962
153564739 347473552 457834895 347473552
880406020 62984880 880406020 303452540
218534966 694118848 218534966 975543082
765667754 141078398 765667754 701666123
247084000 599166082 880500424 599166082
347831777 955927729 836495566 955927729
193078033 81132108 193078033 971211203
122946850 674626583 656989922 674626583
42956919 750627381 390291632 750627381
136936367 438041203 704417687 438041203
144001581 347521128 604705621 347521128
2167719 462845826 427918136 462845826
492273370 135330783 742808100 135330783
898037277 73553268 898037277 937739817
468302720 44882257 468302720 948874321
94150432 409006689 94150432 576994651
552717534 36641547 983157095 36641547
366767726 428577867 836215420 428577867
283694959 945996045 801881624 945996045
410423704 105340771 991350872 105340771
478196311 257758394 478196311 997966748
489867264 284997722 489867264 965620338
81403710 111889886 81403710 725121621
632144848 646913706 632144848 758216560
600717964 3344892 600717964 267007720
6667745 730030807 229452704 730030807
570453662 546047565 832703720 546047565
152862414 669446907 802420508 669446907
44614419 643149186 528066270 643149186
503937 870342435 274557804 870342435
567238788 78555087 567238788 663111178
686603669 69565641 686603669 855745452
379471740 239368117 847985089 239368117
765710998 145361539 765710998 809182136
362798529 976686902 807073344 976686902
968993596 329090088 968993596 981109531
156107527 501175719 874609426 501175719
704697587 211422763 704697587 629795321
898568958 154311181 898568958 640572159
405875033 362574435 405875033 752939118
192289453 959450074 779563174 959450074
622487182 267418099 714788249 267418099
789232553 395537438 789232553 721119484
839026315 484398556 839026315 820883059
16735659 748622012 915789612 748622012
611394268 318275001 667900355 318275001
465010075 548462873 996906976 548462873
297244192 184690447 297244192 417704492
79922474 10261756 79922474 931319672
605626619 338639881 605626619 913197300
477560137 988254052 961453925 988254052
69381492 157562915 69381492 637250186
859122397 261910282 859122397 513363648
39695409 131060380 39695409 982883060
945719906 176879421 984207862 176879421
405951777 160007530 405951777 981029773
523196824 757388480 523196824 910918467
661875813 34131298 661875813 380729078
23213864 889098222 526690978 889098222
221670514 198835499 221670514 665233856
888814935 39799953 888814935 1000000000
588204925 4680011 588204925 997872219
534900369 371685293 534900369 908673894
559025659 169536297 559025659 981739415
84606305 270049408 609640540 270049408
197200962 403314863 961002186 403314863
228397813 381214336 228397813 830520985
138583727 131852553 401169325 131852553
181912702 232496450 181912702 722386537
245187280 580787654 245187280 959659889
273145440 476494773 962758713 476494773
119595573 906929911 763841574 906929911
464807321 116027321 661721903 116027321
768851562 92573941 768851562 759048014
318728944 161431398 318728944 692070938
595436111 80776432 749693005 80776432
147167874 411969205 589599795 411969205
26100308 297362404 542750931 297362404
659458414 53343927 659458414 443532045
497302661 841419142 952374091 841419142
256925090 850624339 810631338 850624339
47375355 174760108 691184149 174760108
322101968 8599491 322101968 461084562
782043731 719197833 782043731 999194546
48552264 314980677 739477314 314980677
0 951553000 274331731 951553000
903505151 129505781 903505151 926831289
873558250 258059700 873558250 869390642
4797243 298225750 526387178 298225750
740996300 0 740996300 814586616
127980657 708999564 596780309 708999564
127388247 42114441 127388247 861453419
758883809 72931588 758883809 825871697
664001985 98135076 664001985 690964447
309228115 249221456 981594289 249221456
613652273 246391247 978228011 246391247
56916554 541757904 293880661 541757904
740948494 62220468 740948494 313554861
793992081 415358057 793992081 755189763
138629830 728395721 138629830 924288802
46112976 205272854 598497239 205272854
245903384 638360097 717154459 638360097
134625054 233780590 134625054 703918991
841033462 156980143 841033462 809575771
699313981 967036358 1000000000 967036358
64303025 66346909 64303025 701771682
57334183 517716318 57334183 934245502
948188360 62464070 948188360 889537978
923948391 7172026 923948391 365213768
33357333 532595628 119945086 532595628
289345766 17552983 289345766 570878849
296279046 893384691 778225444 893384691
267866296 3616881 684512621 3616881
110312018 450669222 418645583 450669222
167231013 135778496 167231013 557067114
130489449 256605737 708827270 256605737
716462682 747600901 716462682 1000000000
26274345 745988455 871666870 745988455
925237313 319906053 925237313 673020376
191505207 600153955 793640709 600153955
506299014 119865190 506299014 959610356
91305369 5374074 91305369 992285206
370313143 186974586 945314816 186974586
10468481 807425012 769417021 807425012
132755 800962700 904647894 800962700
251249021 207466326 251249021 998054715
81082603 803199614 618528315 803199614
177635336 547029345 875709170 547029345
10189667 519366964 700040232 519366964
237036793 580734307 816927547 580734307
471678309 306447560 471678309 863481446
76546526 106155091 365911550 106155091
287651080 442276235 969680386 442276235
130041631 853334795 972360641 853334795
21274863 553649888 170247664 553649888
580870102 703800843 908167195 703800843
464963863 293334541 857586307 293334541
931299702 303338810 931299702 839283473
160473192 516062388 948828220 516062388
779128850 337775218 779128850 712877335
7313428 265060423 495150863 265060423
152328724 314054670 152328724 566201711
78470621 196919244 78470621 851192351
67510222 763147515 823996368 763147515
558936845 11887859 558936845 922250459
254423257 159849801 996529702 159849801
888069773 235872112 888069773 803525882
53312892 824032248 465820099 824032248
625072401 113637595 625072401 761411087
454560723 339791169 979463596 339791169
29260089 591449731 543477998 591449731
16269650 580330730 542575091 580330730
973303292 15827544 987803201 15827544
83534360 65370002 522337660 65370002
963695208 47064117 963695208 673447128
243928268 8526438 243928268 635933559
210617842 708380069 924817105 708380069
314410103 537307816 314410103 765988615
71700413 591095255 712800388 591095255
553231794 981885116 718132500 981885116
515448820 933945283 984965359 933945283
121738576 877589973 705774816 877589973
157905211 309224506 157905211 867940950
0 360971391 203458180 360971391
20686554 304032307 331550157 304032307
636894017 56058284 636894017 603966245
133464342 152926835 638537420 152926835
5653295 665808814 5653295 924863227
120303772 945941928 404889571 945941928
125158787 731971793 885904567 731971793
0 917224266 354472427 917224266
244172727 456099788 244172727 998865677
10808254 837287248 269056777 837287248
242875816 937170586 521767641 937170586
588446194 700951610 751491040 700951610
171178827 216456331 964241267 216456331
93047829 447159577 761643341 447159577
75619706 549108752 948037708 549108752
398891131 34741483 398891131 739621859
26680044 800430394 253513122 800430394
146161700 271387710 533575656 271387710
360707758 476319748 360707758 777548951
219424966 333208080 219424966 447040054
541801648 37969296 541801648 622717896
