100
211082012
152299428
223840043
287487107
593400969
735206213
589759002
69834511
668882481
808284659
201886572
14983332
86000815
361784848
761170565
801013198
730103626
5748439
576460932
267998019
287998488
883570152
659169188
28409914
145324180
148026996
783671751
994411751
6364914
968295563
559931135
653962274
11243548
241418522
699304831
261159141
968925558
891777679
928854727
542938504
135550598
59320409
521884894
873213989
71339239
965117086
525440094
212677189
484742721
852483212
533958747
583332388
80815711
217079210
913595888
931858669
2583104
237123474
963071901
825207675
700375106
196796184
706140953
9984371
976151788
319159303
442727411
232021906
578512111
303305401
117157997
269950143
471898586
343191861
114797048
152143925
338685732
762321159
749675387
634535220
114316401
68043416
772004056
659481683
54969875
580643062
957115007
948283603
553189269
23689366
209050471
587136519
675026724
817376090
333349107
185694320
783003131
302247656
987818733
585293994
