100
182559975
41127596
716688811
3823674
999845056
98508731
220256096
600558246
747030706
575147695
145222949
718559874
348928354
109934475
377520761
288380742
209526757
401155645
166723144
287531641
2183738
905284680
347176136
934901150
163821530
198427211
70386608
3224418
204255256
646953788
182909374
209707627
134707446
801884113
79173
509813596
114827154
691055054
24505184
607161718
458914656
226846018
553909177
899333078
14238777
819515400
681350655
221792729
631623003
957482162
97905456
501708871
133968317
107735695
130019382
106757931
140807481
81126605
517753387
72861360
682476208
818041955
419256080
923373703
858421366
741274454
858703733
72439837
434168433
685894564
527723018
309435108
85983584
222814911
304108468
286148117
129671547
288551720
153725529
54348072
894080108
531178257
391458521
175922354
58976529
97888155
977056431
364873478
84695049
874846521
440931205
110483415
169580811
612835720
606947926
70258299
65332132
579011702
374726710
720130752
