100
296877748
91507157
695475949
106023606
857575455
853016195
394623360
73113431
408884324
362645884
600221025
311361448
331020203
789630848
78408877
64206050
886071793
806799589
97749305
4909134
461651559
931894843
154736415
418544568
434491729
722318507
325228392
39987001
107488993
97051119
82953399
251951719
760329869
966331976
725640580
877082120
917831364
699274597
942525380
432507917
362431467
141343841
665564233
631816431
349677415
794593156
248294572
37430312
605816180
812840797
553585301
971464217
8690904
29201994
39201056
457063729
726212482
704495906
233326030
239201038
393479898
470441287
484908658
265491378
494070683
685789555
846206507
66110758
481376530
18269581
333824642
524643867
117104853
739141934
605540661
454008491
639712617
99874733
627711607
882688115
920301186
261856648
208601228
432859436
880180059
877819184
899971111
98551743
37649375
564730605
384404672
710498873
279314606
860610481
885352672
999426980
298088718
138045482
752628681
884423792
