400
1
481765934
85377744
270216263
191391530
812669701
553475509
445349753
344887257
730417257
812158120
147699712
880268352
889772844
686078706
105754109
182546394
949118331
220137367
979932170
89957933
873226918
715669848
486937973
196032869
777206981
68706224
843638550
212567593
883488165
964776170
928126552
301950428
992516191
426542625
849040636
941604921
400427945
994719311
38269863
659998485
280937364
681643302
725914711
729267237
23351877
142750432
840579930
98560398
910500676
170970492
856224191
983059345
718458135
876268426
764841630
398844031
185252728
370429127
502141744
993687335
15934105
363674761
904629750
47965621
451230257
84670933
561035573
840531614
248402491
518954510
614127120
683337406
382875696
843654050
436430328
951656720
120033498
669566825
277092597
219218650
643287357
41654185
429623094
35222246
888581008
505099307
807426510
317442755
853580353
292425666
944216784
589638739
401170802
86979691
225161331
444887338
339228196
131636657
182095964
211082012
152299428
223840043
287487107
593400969
735206213
589759002
69834511
668882481
808284659
201886572
14983332
86000815
361784848
761170565
801013198
730103626
5748439
576460932
267998019
287998488
883570152
659169188
28409914
145324180
148026996
783671751
994411751
6364914
968295563
559931135
653962274
11243548
241418522
699304831
261159141
968925558
891777679
928854727
542938504
135550598
59320409
521884894
873213989
71339239
965117086
525440094
212677189
484742721
852483212
533958747
583332388
80815711
217079210
913595888
931858669
2583104
237123474
963071901
825207675
700375106
196796184
706140953
9984371
976151788
319159303
442727411
232021906
578512111
303305401
117157997
269950143
471898586
343191861
114797048
152143925
338685732
762321159
749675387
634535220
114316401
68043416
772004056
659481683
54969875
580643062
957115007
948283603
553189269
23689366
209050471
587136519
675026724
817376090
333349107
185694320
783003131
302247656
987818733
585293994
182559975
41127596
716688811
3823674
999845056
98508731
220256096
600558246
747030706
575147695
145222949
718559874
348928354
109934475
377520761
288380742
209526757
401155645
166723144
287531641
2183738
905284680
347176136
934901150
163821530
198427211
70386608
3224418
204255256
646953788
182909374
209707627
134707446
801884113
79173
509813596
114827154
691055054
24505184
607161718
458914656
226846018
553909177
899333078
14238777
819515400
681350655
221792729
631623003
957482162
97905456
501708871
133968317
107735695
130019382
106757931
140807481
81126605
517753387
72861360
682476208
818041955
419256080
923373703
858421366
741274454
858703733
72439837
434168433
685894564
527723018
309435108
85983584
222814911
304108468
286148117
129671547
288551720
153725529
54348072
894080108
531178257
391458521
175922354
58976529
97888155
977056431
364873478
84695049
874846521
440931205
110483415
169580811
612835720
606947926
70258299
65332132
579011702
374726710
720130752
403305023
517512818
877548653
589473925
844934696
509860472
713161154
927004626
646230979
195355617
248501143
162346598
445357089
274341733
475831918
33644405
860692744
441680396
153542750
333654408
383555937
399374303
178883768
827166046
499751564
868830341
167033399
452444897
796613052
310287808
432751768
714404998
78178979
236080651
985327810
155562331
590092361
104530717
893065162
901252294
81763210
491323754
463846099
326665131
390979635
527534544
200171890
941574089
234179032
62300693
324920402
691968675
612172295
731415694
346491166
81471950
541238766
604257738
411582459
360400842
970817049
53465944
414036230
170490216
21467390
28707210
309610389
14059755
103580244
503213502
738262272
148776517
756377565
450650278
164186913
81410006
381320612
104667213
417872783
604083093
205023124
287159202
722668325
863334005
635231438
463352603
381068805
734163364
347371392
510014274
836056576
59749907
557511760
861506627
110751897
934278860
418587764
112026359
510083578
54150485
