400
662
441
371
701
901
135
236
86
478
431
982
180
824
93
363
684
339
789
119
376
957
967
329
805
832
136
388
359
695
964
593
310
551
663
750
974
408
509
668
479
790
195
947
492
887
581
729
835
671
461
36
186
70
896
488
427
956
432
67
611
961
32
199
294
80
491
493
782
700
328
240
43
782
693
98
878
59
242
772
311
493
641
368
300
809
20
411
569
457
759
188
934
269
738
233
457
813
729
524
535
479
616
39
256
403
694
309
666
802
2
967
7
359
853
381
914
564
537
635
43
479
261
521
491
977
227
104
822
470
370
215
200
204
495
839
761
1
552
190
612
644
864
8
358
706
41
418
391
773
145
576
542
117
311
432
750
902
101
361
562
202
161
348
2
812
412
443
553
643
417
321
765
912
782
306
295
245
552
188
612
792
695
715
620
178
976
678
1
187
215
282
523
973
270
998
51
817
646
423
295
464
332
551
135
5
79
968
3
231
524
477
817
226
951
838
787
798
744
555
795
550
449
526
721
445
111
807
533
312
48
344
710
683
883
347
826
991
259
529
959
871
299
362
443
155
113
252
698
956
176
299
524
317
395
162
868
57
584
801
885
914
541
658
566
351
154
981
444
473
822
635
754
509
633
973
634
12
968
85
97
247
623
491
398
940
887
892
663
170
59
848
579
401
154
890
394
628
929
347
744
331
460
414
602
942
188
547
255
342
414
234
283
934
831
823
231
643
879
111
395
474
904
429
176
405
827
172
39
617
179
555
440
391
227
712
405
724
692
841
754
665
444
648
456
517
688
305
413
481
242
631
247
522
178
904
574
380
165
432
693
199
14
21
230
390
348
450
243
196
630
478
663
640
434
26
315
17
261
796
740
959
208
702
794
217
66
280
425
479
983
566
787
166
518
147
145
667
37
589
696
