400
767
824
840
75
511
803
323
146
923
237
834
348
735
279
312
10
614
438
818
214
151
604
70
288
492
550
56
206
630
669
630
253
812
251
971
646
392
91
775
565
18
959
354
817
175
784
717
408
9
895
257
264
291
250
896
883
907
50
24
450
854
565
740
65
803
74
644
712
60
548
170
977
153
834
405
349
90
266
511
303
998
467
823
884
129
981
846
96
718
50
420
127
730
579
537
184
575
49
39
907
314
293
892
220
791
17
549
764
518
18
942
449
99
387
223
808
226
695
425
548
484
619
48
891
439
565
896
542
78
918
233
616
611
726
386
915
172
307
654
641
399
245
210
906
124
578
281
581
369
159
671
397
352
944
267
839
174
732
853
35
982
863
299
202
940
999
312
885
874
259
317
144
479
675
438
30
416
572
468
558
136
456
293
549
705
292
365
679
709
856
68
274
226
402
427
566
288
300
725
917
950
211
454
524
859
554
3
156
960
107
288
358
4
883
985
488
811
443
771
962
787
702
549
98
876
242
919
981
177
16
634
355
195
356
171
893
323
654
502
524
379
91
21
43
268
153
391
183
476
60
693
573
643
212
263
995
117
276
925
385
107
780
374
8
667
67
143
178
282
775
935
787
518
293
899
349
858
554
621
15
821
412
606
731
890
779
504
718
216
256
961
506
454
555
612
340
370
32
905
735
87
36
17
446
166
328
877
135
601
580
603
560
652
871
746
154
948
252
519
414
484
962
131
221
866
780
342
876
568
244
748
258
621
197
17
347
688
448
202
570
444
633
979
548
347
636
265
248
453
110
896
228
103
422
114
891
218
837
124
587
618
252
841
728
32
887
118
226
448
719
839
630
426
1000
72
90
655
81
752
933
174
140
220
211
591
343
263
548
455
185
718
98
918
267
237
216
348
609
918
266
