400
748
157
949
606
455
195
360
431
324
884
25
448
203
848
877
50
793
589
305
134
559
843
415
568
729
507
392
1
993
119
399
719
869
976
580
120
364
597
380
917
467
841
233
431
415
156
572
312
180
797
301
217
904
994
56
729
482
906
30
38
898
287
658
378
683
555
507
758
530
581
642
867
853
934
661
491
617
733
607
115
186
648
228
436
59
184
111
743
375
605
672
873
606
481
672
980
718
482
681
792
776
1
47
833
469
859
227
179
667
469
255
704
464
923
512
894
649
958
832
920
513
93
233
221
224
39
610
453
523
729
977
153
518
424
403
705
937
351
36
826
129
965
427
166
776
405
165
874
259
625
822
830
778
225
227
605
452
38
839
626
380
420
576
689
898
821
79
967
798
56
675
229
403
677
280
383
977
262
328
492
283
75
762
343
698
34
806
319
876
939
321
758
440
289
772
528
857
869
65
571
480
268
339
412
207
747
279
971
811
885
143
597
209
72
169
377
8
313
949
718
358
219
855
991
854
240
450
985
712
975
822
637
329
786
494
268
244
532
955
140
984
284
685
16
597
89
535
652
423
214
890
626
886
398
577
716
850
841
514
889
423
280
583
941
867
547
801
164
923
279
46
237
758
900
186
272
818
993
433
99
132
246
185
187
636
803
705
851
578
188
96
293
779
338
288
620
516
888
58
454
554
889
584
786
176
90
810
354
596
98
570
271
169
239
199
484
145
592
101
943
354
586
903
190
146
520
91
545
670
343
761
698
701
978
126
84
779
351
704
795
681
460
957
527
521
976
297
149
918
609
327
846
283
935
467
37
646
305
644
26
256
370
260
324
880
183
708
740
357
124
919
336
98
754
809
270
335
486
121
907
215
681
71
280
763
376
272
615
745
64
327
44
876
724
58
912
419
962
473
812
