400
528
200
230
292
927
163
304
220
71
933
286
107
432
606
882
202
462
19
944
370
773
182
931
67
535
293
361
253
785
630
694
824
588
454
766
75
564
843
822
770
921
487
817
7
902
589
798
501
903
795
823
892
560
573
589
45
878
360
767
148
785
788
107
394
454
568
848
58
16
128
257
878
910
992
152
697
394
373
282
540
50
865
42
616
643
367
803
843
633
167
250
691
672
171
144
517
357
12
707
108
387
442
115
805
796
698
805
323
431
400
714
534
344
943
718
18
663
586
273
457
81
398
512
762
719
958
940
392
771
461
21
287
197
505
464
826
251
698
150
825
705
41
793
921
322
374
526
423
412
601
290
6
796
571
920
509
479
2
12
330
486
536
551
564
871
331
323
101
80
987
495
365
500
308
538
435
323
648
812
255
778
870
415
362
501
556
895
705
846
697
219
976
729
606
826
39
533
248
146
364
467
416
201
325
569
873
27
621
165
445
612
330
588
594
197
523
521
898
237
851
375
235
687
68
744
986
976
252
626
340
633
955
887
250
63
586
398
546
671
392
560
165
419
308
755
284
229
852
374
227
693
780
112
968
345
89
441
722
514
167
371
400
820
265
804
162
398
403
254
588
193
415
252
916
158
282
909
4
390
651
529
223
762
993
918
546
970
396
750
696
817
537
994
925
304
728
27
739
627
705
138
106
746
762
63
936
32
976
378
194
936
14
187
277
371
673
430
967
647
141
440
493
946
572
609
256
82
862
589
844
445
382
417
918
703
172
225
284
907
554
686
776
3
857
321
32
134
714
857
724
179
706
830
757
689
461
317
980
450
149
616
299
121
432
484
763
91
618
700
293
215
165
350
777
510
62
958
993
1
262
2
533
360
266
970
900
814
382
543
672
514
346
384
945
972
757
809
502
950
83
