400
826490662
390762441
861357371
893645701
637483901
368099135
379383236
928979086
476924478
312626431
73516982
354374180
951453824
755605093
790560363
419045684
245988339
97808789
418483119
760015376
262302957
668891967
430736329
153562805
10596832
294751136
248578388
132096359
262283695
305217964
258312593
961861310
897467551
738169663
974414750
158189974
702987408
72137509
592167668
50767479
152851790
1264195
119719947
549549492
101537887
761483581
763399729
998792835
830933671
4755461
167107036
48133186
429685070
630460896
928766488
974898427
953956956
490800432
476817067
800051611
284286961
896797032
495281199
392312294
670969080
480575491
814358493
278081782
569659700
9299328
330059240
893297043
846001782
383705693
648556098
858653878
20406059
41584242
608746772
35438311
258544493
265440641
623749368
418940300
905862809
825502020
591937411
469011569
969615457
652144759
985967188
512140934
708016269
256865738
547322233
849727457
101723813
445807729
722247524
319349535
165573479
940371616
860690039
555870256
405714403
421068694
700169309
847762666
927028802
825455002
642884967
345050007
522413359
145965853
247739381
585026914
185864564
998378537
153293635
564683043
611004479
49135261
687792521
626697491
277132977
920865227
199186104
720370822
870045470
833157370
71331215
424435200
276755204
157680495
74026839
209019761
821626001
749460552
539553190
280750612
503508644
106815864
365201008
916169358
263657706
782928041
855555418
25712391
272967773
167166145
222877576
568588542
334778117
49689311
720761432
498464750
27365902
721948101
639374361
111961562
71958202
320709161
703623348
283057002
765266812
51112412
65490443
17899553
680817643
134336417
778344321
584947765
675084912
69247782
639180306
765131295
193002245
664021552
240095188
446847612
514434792
863767695
798655715
960067620
10230178
611232976
654429678
920051001
383583187
267912215
175885282
8863523
302424973
825316270
248850998
458055051
508913817
109123646
356969423
870449295
915599464
67028332
415050551
898131135
370012005
204737079
336899968
4165003
303714231
531067524
249260477
663901817
69044226
682884951
1030838
102622787
463916798
935779744
124099555
921769795
246949550
54026449
681082526
661310721
854533445
806934111
21713807
416850533
166880312
813189048
100862344
382031710
750032683
272476883
145649347
970842826
565264991
182263259
174647529
82871959
132235871
10031299
178045362
981017443
625978155
442277113
677145252
645886698
794204956
745091176
424284299
851198524
162597317
84045395
415129162
20660868
428674057
71947584
330824801
54093885
146075914
859653541
992020658
239433566
139272351
67802154
966882981
4986444
999019473
901783822
20249635
177438754
708161509
730748633
488786973
386189634
748537012
217423968
193529085
558096097
667752247
673547623
480743491
283996398
511626940
875312887
190837892
639481663
664302170
919410059
370686848
727223579
549240401
678748154
721410890
487223394
60676628
245738929
285874347
679089744
314496331
959937460
472504414
2460602
28433942
131090188
601988547
57219255
76953342
657005414
15112234
682396283
1971934
866378831
86821823
439749231
99369643
744637879
885405111
575543395
781994474
85609904
144007429
853285176
525045405
284230827
733631172
614326039
460907617
581177179
691631555
984102440
37777391
252524227
859285712
522852405
658590724
164973692
752277841
26688754
829908665
872555444
529807648
15113456
38890517
657975688
305129305
52552413
421032481
136716242
18999631
914967247
220187522
283086178
28738904
112339574
215402380
967110165
283432432
13172693
686755199
982277014
71630021
359096230
55270390
814250348
628132450
694610243
168932196
31507630
212778478
70058663
633604640
398240434
60622026
539035315
570876017
242950261
378152796
187305740
995580959
63652208
416404702
148298794
70304217
520487066
871209280
75806425
208121479
401637983
707566
118961787
516240166
658101518
459438147
358424145
752506667
780959037
436842589
887666696
