400
1
934
744
263
530
701
509
753
257
257
120
712
352
844
706
109
394
331
367
170
933
918
848
973
869
981
224
550
593
165
170
552
428
191
625
636
921
945
311
863
485
364
302
711
237
877
432
930
398
676
492
191
345
135
426
630
31
728
127
744
335
105
761
750
621
257
933
573
614
491
510
120
406
696
50
328
720
498
825
597
650
357
185
94
246
8
307
510
755
353
666
784
739
802
691
331
338
196
657
964
12
428
43
107
969
213
2
511
481
659
572
332
815
848
565
198
626
439
932
19
488
152
188
914
180
996
751
751
914
563
135
274
548
522
831
141
558
679
727
504
598
409
894
989
239
86
94
189
721
212
747
388
711
210
888
669
104
474
901
675
106
184
953
371
788
303
411
906
111
401
997
143
586
861
48
925
732
159
387
220
401
416
56
683
875
62
7
603
269
366
471
519
724
90
107
320
131
656
733
994
975
596
811
674
56
731
96
246
706
695
949
874
354
475
761
742
757
645
144
641
738
680
136
150
530
211
608
418
256
788
374
627
446
113
173
596
154
54
184
718
656
18
177
78
777
400
655
729
3
162
456
871
317
695
382
931
481
605
387
360
208
955
80
703
366
454
733
837
433
564
18
108
584
911
468
117
547
720
529
72
108
257
521
354
529
155
431
478
49
521
205
415
811
720
926
299
132
702
710
752
23
818
653
925
696
472
154
626
979
617
143
598
89
733
918
405
744
396
750
408
937
303
768
46
564
341
399
897
52
808
768
998
979
651
810
331
361
717
162
294
210
754
99
131
635
544
890
89
32
693
402
675
295
694
166
950
766
738
459
842
49
944
230
216
390
210
389
755
244
502
272
517
565
278
913
6
612
213
783
93
124
202
325
5
438
603
805
364
392
274
576
907
760
627
897
860
764
359
578
485
