400
296877748
91507157
695475949
106023606
857575455
853016195
394623360
73113431
408884324
362645884
600221025
311361448
331020203
789630848
78408877
64206050
886071793
806799589
97749305
4909134
461651559
931894843
154736415
418544568
434491729
722318507
325228392
39987001
107488993
97051119
82953399
251951719
760329869
966331976
725640580
877082120
917831364
699274597
942525380
432507917
362431467
141343841
665564233
631816431
349677415
794593156
248294572
37430312
605816180
812840797
553585301
971464217
8690904
29201994
39201056
457063729
726212482
704495906
233326030
239201038
393479898
470441287
484908658
265491378
494070683
685789555
846206507
66110758
481376530
18269581
333824642
524643867
117104853
739141934
605540661
454008491
639712617
99874733
627711607
882688115
920301186
261856648
208601228
432859436
880180059
877819184
899971111
98551743
37649375
564730605
384404672
710498873
279314606
860610481
885352672
999426980
298088718
138045482
752628681
884423792
127991776
257083001
678295047
122491833
665518469
988334859
522010227
336758179
761818667
180219469
259406255
961603704
518763464
196150923
138392512
862720894
354043649
546965958
466668832
916382920
322111513
164897093
258046233
478762221
254320224
715848039
696058610
6807453
341788523
604321729
382741977
584975153
537501518
471641424
180281403
943538705
390271937
860379351
895591036
631817826
952331129
832433965
102803427
110844166
339394776
588783405
455244165
308476874
38297259
938993625
48555822
930358830
139193778
447992225
117920227
682827605
669388452
562105038
28664839
19386626
464321380
297990420
144638576
852188689
430549898
114506821
413917079
947037967
885118798
841827056
537716675
60528229
432220403
885642677
39294280
906580383
152334977
970631262
751486328
163311492
51113283
27170075
634036762
113597343
881628698
108087034
481509806
129482319
376731876
763558939
216482321
947260758
790613440
619313289
801874772
241424528
336030857
802799869
815458065
70592571
9134480
250486268
203774339
185251412
108323207
489353747
808733279
855272971
972917811
104285885
351195143
941104597
288617209
89827072
432607169
109659377
216685008
873783313
173748949
629266718
482338358
503156219
921499855
564230991
730359854
74025240
695848450
213508985
853952712
333033975
791618822
566314637
598476329
121455786
60356494
409982268
748704244
875677532
713526955
117009140
207248984
278464284
850951685
689179016
85406597
278706089
518225535
277281652
556727423
277164214
59527890
853102626
770433886
36761398
623022577
365780716
714519850
292149841
69560514
29708889
170396423
376727280
532705583
483951941
136350867
410215547
173227801
682687164
797241923
162436279
685673046
853477237
335928758
496677900
296635186
886027272
996606818
601537993
64630433
566849099
128623132
605919246
568066185
220226187
994162636
372563803
199429705
183411851
842511578
563641188
344082096
52770293
884096779
100747338
459473288
389234620
200824516
103210888
47314058
533584454
391380554
875989889
257188584
799204786
409247176
622912090
489252810
807062354
367555596
917129098
37007570
456590271
19815169
974817239
488226199
871902484
421877145
282858592
778927101
483314943
121797354
131959586
554973903
710624190
315469146
100017520
93441091
291092545
524649670
380886343
297330761
551482698
714001701
616740978
166822126
332884084
770079779
500744351
967911704
954882795
2255681
94585460
732013957
917509527
292597521
24780976
915035297
698868149
409718918
478945609
829649327
447943846
463890283
540636935
823976467
470761037
205254646
748618305
989502644
808450026
439335256
319628370
498501260
130014324
905277880
378954183
552577708
395170740
961969357
515016124
502577919
65189336
105271098
47900754
221544809
630556270
697552335
365019486
602729121
893090907
514932215
152201681
173969071
177169280
118275763
60717376
548636272
745745615
258227745
80478064
714283327
257032044
38804876
214951724
272769058
119826912
433509419
99044962
830678473
466378812
