400
388644767
258014824
763144840
559325075
832982511
16619803
403802323
397147146
74369923
307241237
619990834
86024348
824415735
556587279
105910312
359827010
846594614
307819438
61699818
225550214
696848151
808026604
629056070
481858288
229915492
73836550
760810056
549232206
535702630
104135669
684357630
946355253
366619812
880675251
714777971
72603646
464813392
589403091
102345775
127483565
501832018
988875959
846160354
305352817
40848175
671189784
693904717
718583408
288188009
388646895
475908257
382974264
21817291
903506250
866639896
772315883
948801907
98119050
332167024
90543450
984872854
38742565
925804740
773648065
747538803
418344074
82024644
908911712
900413060
567506548
328888170
679620977
134381153
917548834
579233405
989349349
706906090
52516266
293093511
11048303
745411998
531770467
720217823
140798884
207817129
33522981
971002846
890522096
990265718
358225050
766726420
355198127
424365730
331750579
96129537
64599184
238258575
455658049
443945039
21293907
591926314
803118293
715681892
979576220
382647791
33148017
95827549
296887764
875221518
653528018
746795942
971404449
756912099
34318387
350621223
470551808
632646226
700130695
45292425
141553548
18090484
384142619
17170048
48973891
344555439
439953565
312083896
71239542
90651078
770640918
158588233
560775616
854366611
263875726
857719386
77596915
159789172
900106307
463785654
801823641
738618399
185967245
952339210
637793906
415516124
30506578
331017281
861396581
243681369
323822159
504212671
901157397
810800352
621461944
163503267
562984839
226454174
140806732
795420853
51148035
710691982
826087863
806457299
434133202
664583940
553515999
628532312
271428885
626471874
683200259
979193317
963315144
13063479
16194675
452500438
808103030
618869416
193202572
170075468
207988558
674043136
25154456
27737293
6108549
959398705
794437292
318726365
468555679
238744709
81991856
11691068
205536274
649104226
246387402
322220427
21923566
179202288
229521300
46530725
154003917
760913950
689799211
180651454
98135524
247054859
720638554
198879003
634540156
380171960
522719107
896121288
300644358
300299004
137689883
521987985
742961488
844327811
167405443
870253771
919479962
329396787
919950702
148346549
123637098
682115876
111760242
811568919
173058981
982725177
947756016
748835634
794613355
142148195
213993356
81598171
677103893
564868323
864038654
610602502
983183524
829395379
73980091
468826021
950667043
335860268
900160153
647788391
709072183
346775476
504025060
300156693
258673573
211721643
819742212
208743263
581617995
349984117
65848276
340895925
541982385
76320107
896880780
338778374
390314008
730000667
193394067
506215143
801801178
216176282
611364775
822833935
558556787
138269518
111611293
806370899
63908349
619680858
960031554
695214621
324746015
318802821
629635412
512140606
818097731
503305890
887756779
911328504
79667718
853224216
885060256
856469961
682625506
274547454
402911555
196797612
167639340
805406370
593318032
600657905
344449735
319869087
129689036
153087017
238174446
653925166
136563328
59836877
359279135
428708601
975042580
148304603
88771560
49113652
463119871
525381746
350785154
497981948
953613252
660657519
492011414
874545484
215906962
311841131
272072221
552542866
713141780
760466342
138431876
376405568
364885244
305453748
899166258
290672621
595147197
510679017
689490347
400543688
857313448
517356202
192965570
134249444
267362633
197960979
956852548
93656347
337536636
481277265
608819248
951589453
778229110
285770896
569138228
500525103
945159422
647280114
111234891
127378218
740493837
888935124
863066587
629164618
988312252
226980841
83839728
691638032
582370887
91997118
860309226
708539448
220933719
32940839
830989630
214662426
670051000
233705072
131262090
421304655
85928081
389954752
122758933
359929174
352738140
968055220
46047211
43757591
324395343
343568263
370078548
905657455
618918185
398879718
566787098
21017918
488700267
69017237
550174216
872536348
740683609
835056918
994692266
