400
692599528
306397200
304812230
225612292
381935927
166680163
780253304
855681220
117046071
1823933
37331286
367543107
781905432
695350606
133836882
635710202
162073462
523589019
842632944
296293370
366875773
170398182
922619931
950624067
349095535
81746293
881238361
6692253
496135785
265634630
285617694
466267824
348359588
220483454
172175766
284828075
98679564
446037843
94591822
223893770
365068921
614649487
486878817
322977007
36721902
146890589
87936798
75352501
543253903
487756795
996748823
972416892
254651560
976828573
27342589
386193045
280480878
721964360
47803767
303109148
757557785
769054788
932530107
10587394
614340454
462842568
666486848
977745058
866348016
502283128
987502257
114707878
125273910
900885992
285676152
383332697
868401394
57675373
768626282
781688540
435566050
679005865
734072042
626452616
944024643
372725367
306698803
500303843
495879633
374742167
251667250
123061691
115850672
625119171
956297144
854187517
858446357
686590012
786554707
890892108
785011387
35836442
125640115
829545805
518535796
379732698
548463805
201407323
275166431
198280400
746139714
515563534
876712344
614728943
871921718
70441018
968675663
803792586
679634273
372014457
106078081
489011398
334186512
751595762
215452719
538917958
707157940
693964392
220362771
303367461
915461021
158184287
861672197
827000505
863555464
941916826
323153251
143359698
958675150
100556825
604447705
28119041
373625793
293797921
130092322
786229374
443580526
370331423
213582412
459580601
894816290
674482006
16052796
665396571
666904920
978080509
356952479
706833002
320021012
344180330
628910486
602440536
334010551
679289564
785888871
121049331
406873323
67328101
608937080
962912987
191476495
726621365
273147500
939071308
848809538
172304435
325506323
104577648
179941812
66041255
281174778
445470870
549298415
512239362
244552501
553434556
537276895
741906705
951144846
621799697
439767219
728914976
718718729
499655606
726919826
991511039
263396533
627686248
87104146
717102364
949123467
693981416
278174201
812760325
73234569
26453873
88198027
954311621
771996165
394202445
337189612
20882330
922733588
929067594
630034197
589159523
969241521
328315898
942657237
105352851
462623375
531567235
970412687
761398068
990064744
759639986
901139976
36424252
68066626
820050340
137556633
40263955
615536887
481780250
738217063
752224586
299019398
261961546
80828671
774973392
627144560
224390165
13289419
255580308
35060755
101124284
612899229
82920852
879038374
1646227
546060693
593608780
900413112
633378968
349556345
772447089
775105441
748149722
329873514
737989167
992537371
733190400
14232820
222647265
297914804
440028162
48775398
858354403
980159254
205897588
586869193
102515415
18490252
664718916
74312158
99175282
193479909
308990004
291715390
375582651
249949529
454460223
429083762
442232993
397445918
59331546
617483970
270882396
61920750
38052696
122679817
875472537
112828994
101494925
95769304
794327728
652348027
128789739
750426627
151389705
166253138
697317106
499060746
179573762
79958063
215774936
727824032
832352976
381747378
17952194
427140936
41250014
195912187
688303277
21514371
399721673
713401430
993153967
928860647
298419141
128784440
972474493
835263946
350698572
973146609
327819256
896631082
627987862
405274589
292418844
585495445
114976382
211733417
890568918
341949703
33445172
31149225
43315284
436939907
898578554
336481686
41764776
56474003
109148857
12117321
4894032
82390134
914771714
578639857
584249724
29018179
181220706
830366830
71410757
82400689
280092461
98575317
752943980
21886450
833479149
577248616
58219299
112527121
341743432
730869484
166017763
270016091
118894618
112961700
710457293
139113215
24200165
802080350
444718777
559110510
700903062
752337958
31368993
79847001
816120262
850507002
192291533
751858360
886183266
532180970
119047900
200008814
96676382
655486543
946156672
170808514
542461346
821160384
23985945
822197972
24102757
51999809
759240502
59345950
753259083
