8000
667933894
626955362
55464443
981203543
805405745
723193368
57511937
435150606
669681213
205264014
170552141
839330948
57941263
990171418
602599447
671627673
903836641
273988152
613521074
953899941
891626752
819915698
265897382
783031411
548282266
654554337
552091034
196357718
867424343
65723139
859029213
716023819
834897180
373123272
27672619
978965058
891788634
244531773
404564202
682181884
355164699
6726348
391521540
200224569
314562529
203216938
909820106
865029522
57975660
854221797
692132399
442904004
207042667
457149037
82565524
785356846
769496652
912985310
534727546
929915344
323270452
84085457
191725747
635864577
342203838
170892395
391369490
24809974
861540521
946930387
687008107
35725694
589903036
138951088
901564944
331416951
236229460
915601197
429836707
22974852
809577649
747377385
507950924
832786662
569513994
42450209
314677432
360031250
47990372
333177275
744206258
55551792
288731134
476967611
691484131
688109852
118103141
841091172
568464371
74386533
469338888
334310222
950334590
532653500
522919573
882433739
148855347
530611074
345221939
27088110
316626718
514592734
148754769
496053812
909255469
829311502
801260916
484466581
512172378
921113650
411120500
625202186
890847447
701851740
130365967
501978180
859533496
210512869
49892638
454228998
587654026
515773630
335085073
255823952
78425101
217792388
60122113
277043118
378017086
4417519
563623402
612049574
459815249
651947013
182107292
814466286
40323398
843307666
637789694
54018736
466102453
920553165
76373164
252539197
250865087
718608260
392487627
30233139
255560309
91625790
716102072
78595743
30417532
411180123
623171307
937027916
401325493
630869534
524915573
593230190
285172275
732878163
163003421
230143325
349517681
256228576
916302465
14096312
121178945
47081357
712140566
97570198
31303485
195090597
636576918
866477735
724476965
965931087
283867835
95735658
107373664
762725495
639550
38136882
422692016
896742833
124516893
560573216
24942736
253555735
625534138
616915738
108883826
164358898
940401983
465041992
457601623
477553769
254698375
997159656
690469344
823859275
804935570
573074886
100850659
390249033
100637637
278804343
15431252
112921607
416684962
700597446
221429191
993094231
375158384
407504185
127247810
696949311
78456932
343155636
764456441
446454801
924267294
810149696
271142873
475453034
820777767
367873060
290107399
684717624
970683839
125323209
307622637
33286070
326700556
231888444
564586589
52756064
894892687
653915576
350486984
188807371
277278097
474199550
934253320
762519852
229050929
332100958
439941213
352531320
821187723
135531674
374103891
40394384
940257452
89006698
780190957
662053989
232883366
586309528
921537080
419662099
341525697
830699735
541586964
4980423
96967732
308760455
239790188
428028668
279867845
537599055
966675671
151367609
856881917
66183552
291642769
639496664
172033286
37659455
308690602
179032755
599603263
173380778
745025742
23880903
402735205
509251222
268392958
38808129
100362011
416059537
433599956
664333693
693130906
743778558
741908689
27109360
45826345
180541165
499559969
421986278
252224610
699573240
384758615
53626399
26668503
354981198
696462573
373053920
573821574
900042022
420301747
577716764
842261988
433250466
825278765
99151975
868894576
245216187
904074320
52391622
67951886
829786782
558198663
459365696
265418183
303839192
482074963
843031439
63369932
958432907
438909730
572448237
97760328
57241411
399214146
355928486
166616994
6281950
786440903
12177017
44830674
591385291
732782535
827020445
800062318
395182784
820754573
280835695
512580438
53516101
777221182
893162445
971388354
478109267
99994426
830610943
905246764
93733099
832409189
971938648
857391640
309177963
801814773
191878960
450069492
464418198
190791772
795236228
654585990
421593080
513761772
202032790
726967306
13700627
355318753
455935694
38957110
388655460
967394859
835015413
873293108
909221009
748054369
7465712
526525900
646505891
139664549
452929731
869984004
13425639
663208527
14423235
597842041
752695464
181267007
500787314
41218865
477010725
212415966
623104678
69037929
675865745
762377306
201742328
729931718
975377095
692214802
456470756
515669966
939705517
126180648
169888761
790530545
313768045
984404407
902483773
837575335
625710399
828653770
895479430
818108381
33796066
124295871
203490941
475470366
41153677
968601359
713197922
686708945
851505654
163765013
95296736
291388166
83049900
468400191
919229754
844874119
662121820
402794720
653703071
24432602
280847126
452079697
321315632
86086521
724811669
239904711
165063642
548391761
311063282
330377859
562847174
895178893
301154715
647013807
452273363
114105684
577679533
416081442
835165679
909375331
995352540
116344844
141353756
360061949
855314744
218792447
803439837
844100401
746783913
324354994
209458742
89254116
385273621
145939172
114008788
458304235
227853872
314893258
601629630
173308374
228358918
608849923
442172687
168892452
506235059
999338316
963290914
821002968
721017864
49253161
20118162
36545256
554082676
718704433
190527109
564804081
830924013
107401534
945835357
351382146
317763752
200249907
647777606
230005297
787031992
486857305
364837744
611108311
299194451
142398925
746990166
31727601
273561240
749023583
225343117
619456742
436964845
130118361
823558212
167776558
40652834
317630992
133334939
148763530
529630759
379159292
429440695
434147735
768691241
545566948
232049207
370532481
327068212
443504825
981981890
38318236
869961796
501465377
103073968
550989933
418548600
92294874
721912121
867440283
71497470
349665300
559987347
655932736
570837611
44977303
961935358
383611642
725128233
5635396
366813572
6445903
410646817
987932307
446235374
702126545
764771023
454613539
34697212
439053821
668069832
575345577
893933789
901652070
116705492
985996404
145361709
60136121
75178242
833576223
751066322
849807522
842348066
539804040
75412274
40350655
462125039
825416875
263866736
214218322
983539465
144275704
383397947
601402068
409806168
26723185
63489074
233123266
142030630
637141626
270867292
633224446
965808442
260219361
213853692
993145358
77243890
77794067
74186044
107791574
39226804
549363471
296826385
384440898
816621535
492190361
170723519
874800641
85050901
875059971
646560893
567281429
625175702
198521194
483589487
636530943
372598403
864257039
490819718
473380322
96008374
485407939
652196663
64269626
382831229
881224730
803645345
77862954
187947836
333455116
270732989
866059298
334220857
839326605
871410456
703438776
16229985
916338201
863824231
93780148
116227221
59976767
570014274
136492610
580229022
219940908
542934499
996742070
462554906
169507715
306257685
554183193
37440551
398230831
786209706
442944398
790089563
268706129
105947740
312357944
374418174
429696133
865772518
626174840
25312921
388363025
868522215
59806425
937671554
377462878
494042554
423866498
687543931
653986705
51654781
2052686
838202129
10520680
146102199
741677461
256645462
920238638
785705825
752388815
21293596
565495380
505988634
679719027
241277494
733303338
973959349
55773305
996534479
440814462
637340950
4246629
201672890
108641739
540775436
128779177
786576679
247537599
524599864
536449039
248879725
850892201
667621885
247764090
392718871
558644263
538942904
786490535
660722476
792044891
699210097
187303688
971889940
706476847
4719175
139443060
776875460
836933466
615651614
738115267
242802994
778598553
400673182
759221595
330617824
132522700
601594964
427602927
212229281
190375966
766152673
824384234
128987107
728976537
937952784
712187175
453800243
506563734
429982127
111240726
772502348
19860458
104089854
661501813
462576200
69323306
111409239
712184739
394254799
490564872
304680157
354252376
139722802
381998304
987631504
777305836
466259241
343757357
69679986
71865292
843091719
803389810
164811716
452022150
172698982
312478393
46697715
927438639
324156002
334268748
711526830
915846886
572306721
795111924
535934372
163482765
856481671
820053797
119479778
885833999
804139249
158146360
212680703
23147198
424693506
197730953
485352080
784578556
211476235
763416624
4644529
551760211
574484121
945516867
889255307
628589615
394938833
539488400
753269565
515077176
837502002
27463824
46592093
345978792
325393868
268039537
497984011
44521378
345393174
6874233
611235334
79514942
85429586
700342062
628011587
795975060
350449304
25090238
439433632
44280
149907410
177722731
45911972
119302426
741088023
158009147
250309895
134987517
95814283
124129208
784515149
940687885
581240808
126231200
988194890
212876084
996120101
35972062
752316953
533726966
462900876
392625406
460299376
447003292
10269289
361000914
8692997
39289700
138328396
671127652
865987052
414742541
515472159
115684845
148891088
226605013
30807847
270392484
928351941
65887440
959601352
701283014
940136381
34137842
273037979
27629048
182564404
361934937
429200309
819338979
734156318
823523027
9738674
662077714
184051562
524485367
491778998
849638686
420005426
699212673
921086329
205626844
501046429
124724315
952871525
659106657
379207005
174126825
906490542
644911346
21808018
280506691
500548037
322295340
194118599
57533179
191935310
733183124
48728159
791745176
838455480
156851194
709576965
158003104
967276640
806639265
976217837
955461363
782952067
944237690
800404020
511975639
228308247
51935184
583283616
2231858
954954344
588698168
84296385
543413253
707485229
254192968
773105939
190552478
172884488
171580965
91706045
847435872
145317397
347415098
828782809
60395480
114657049
961118483
943886716
984109303
277594202
136424486
237967532
27060350
122404001
789458984
873670365
229376448
332885082
944390388
44676987
316069950
607417785
149284300
269778288
993643956
946471716
944584445
742283597
579454164
131649947
390546324
372457328
974312663
878029358
895458749
587613904
939291934
733003889
94459452
668146730
988847035
558672434
969420470
528185120
61922378
261755429
973366698
377061208
55771360
537943379
458170572
446634520
4353479
584710711
499100040
112283021
490659573
321373547
52778276
503679284
470954098
889343310
867638257
955636384
335163877
811713314
83702598
496289501
636128317
85731586
75199047
416804052
154858286
34031648
506028803
857980316
400107583
140959270
322681126
575736599
408271606
214894217
236138869
669463185
48503774
675085707
138843917
222919311
935802324
84392852
724476177
400062010
776490649
967969521
371566122
359125355
283246648
616252640
13374359
131811410
92907157
850472378
240606316
18439316
886397191
317148644
775825252
527712085
546017012
380646014
90186187
42042303
637471156
698325660
703373418
14766081
530919323
316520100
11508055
878082298
872489208
995554886
370555358
450885852
276507380
539239062
548038282
229863098
747713532
548404446
544160852
829946758
23019714
943820589
220630774
21144321
590275209
813589925
10890968
768495987
445173794
820539526
552138556
34544664
241161108
653513438
552558152
74155347
530038093
903503419
779146470
978289924
35939395
302055067
983463154
108800049
45730985
956043466
122529186
999838639
755506735
277420596
644544838
125226791
756879188
385706389
49561827
951390814
827224725
348612553
266819344
811562016
604554783
564860625
804993518
141887994
929585327
325634806
811016597
83361802
184915635
542466636
298661089
171999306
97992288
383401346
902054791
374483063
447000920
962544089
721145387
937718548
550234874
654587068
268911266
344686213
64412806
53020623
614286989
18767049
130885831
166125019
49377138
164207250
740990541
136578031
281634968
218341179
17146003
436863866
816070282
690821654
787881010
627444372
110413630
116369017
55426397
745351191
564027186
713640099
69204231
814711302
567248878
27816903
28798213
119753010
245001298
133284066
227763956
445790554
749303631
832628843
198433671
874177125
572643615
486096414
648101527
730685481
57539215
110082463
648348439
263924623
634628048
804222623
84249864
404767761
868294630
467396860
568256576
530339078
249495907
44910826
893282080
796074701
325247912
538562091
957558733
903497805
669823542
877887934
119520078
233075539
489291817
983968928
719583517
736285130
741962748
901037121
390990307
476400702
739203893
761515458
570314292
122094984
559775824
52167632
572697735
412816257
994631901
340226479
624048541
271289575
876327922
57005655
672666722
523810594
609650166
97462930
536854267
51016928
739465069
533675046
40700179
647063158
182498669
502762540
269599181
948335149
277807795
811212211
952830342
145014050
991418966
113859336
141272792
717416064
190037490
109101483
389677127
406321372
118095719
527137928
149007661
782025627
708560544
177463121
593819097
489932457
797352242
86541999
682984122
473387768
943805083
310075138
301089347
248875545
82840923
547602019
850057963
848752200
671831488
580214896
705345473
586089661
30436759
375739534
82328769
2587901
195589478
208605652
64071517
133302230
79942702
770588231
560098402
512612013
2429858
758603565
403965653
3875834
806598753
168408577
674694924
795371002
288405293
874028132
712265749
489812523
549457360
997841757
386533613
553997131
605986158
857483979
260993329
465884582
43052756
253797650
138504523
139738761
541831402
742640732
637096083
424886619
203503721
304098851
847936509
938030252
751573280
68972222
526055390
398143453
634894099
68491076
12618272
759643584
220382115
589917652
595303089
85300277
841298663
625208605
184620677
695329214
26768615
164678007
323679557
323234276
771059597
73218534
803840333
568207447
990748686
487795606
419006361
595632653
984675328
169634427
277764264
255264141
307585473
110587358
613546667
599892360
464638542
974320347
709696426
109759159
607039185
280520096
627023842
833034579
848712862
437644230
306801336
928568664
342579249
858964633
22266809
635966122
207233350
814550749
458170861
821304536
407979133
840131806
264087363
235169218
722159284
712133247
792399494
254699013
665079343
231285247
832304406
462127067
937786481
873837634
390698807
906228480
74769449
878311719
141803213
8666420
248836993
440614595
616601072
818857958
634842425
186029524
376283399
746288920
11614962
526759223
275397236
683046495
559656385
258087019
408597685
248501764
700339779
86210275
790300621
145202155
676505500
417283512
127335704
203382178
46414873
384599162
4317058
595796104
88804094
375196714
413158567
113510426
460110413
525511419
778521109
164082976
252753882
585192792
876539358
932252660
335753044
631570831
792230695
419934400
94517257
59558428
121662371
813980555
709833105
133360520
986329181
284039571
171018058
763736917
381420470
424661712
902030859
182239605
465658062
950416942
776792780
110111003
187402860
601382870
104917653
906536952
917471648
137530253
445665501
361114095
650378139
109115501
493363818
26379981
15171354
548651496
471237615
3027782
594778495
335747776
498893004
53641776
909151313
404696110
141779727
85467747
546425087
773356734
648492054
163170954
78466617
349149144
843820159
136353381
834217877
106419654
698444904
522489883
865089463
493113439
617758215
180023820
922911675
419424726
838312911
284426768
888180490
196053376
71738688
383511938
835932084
57904950
894087823
123060775
57139099
217078566
571195613
661741629
878510334
862782824
622768892
926856156
469450256
990989209
79507636
820661954
351115723
983328724
232373500
918287304
981294395
236962897
769860376
413860312
456414292
618782820
430976548
864392092
484368173
497303436
746385599
566180475
29685465
931654187
803987984
944436466
277054612
81835647
169862982
467240349
199023025
173126062
634153302
572764365
552202027
452751307
296996614
339610754
707788706
51617393
487564364
632276882
214520549
566063493
467454933
528250943
900641161
732458223
937190773
411774156
580480527
852280323
674231533
715538107
958147307
598709767
847988285
620500991
439075223
276075569
14058755
688610601
978888188
272247949
832706938
841938794
257581374
144316972
604970062
715587550
501809739
341786008
898285510
57356140
839032408
26115683
418455821
856681220
276046849
870495149
220866204
774100730
509896291
93408626
550709710
693542268
814454397
546343637
933839336
271264593
212980629
236372617
141593466
498905854
958965671
786786
510244451
361257688
86670895
440752127
981464044
898938434
122762314
910405321
508141033
494301910
6232118
901362547
786575007
367437253
449120349
353227247
42682797
153542514
364733402
231505049
578011056
91536754
587950835
673285577
957727980
389556016
5986731
234111878
981022276
925004611
936218699
17167653
311470486
36904134
734878833
320826664
469075470
586332319
508435760
818017286
127222004
30763529
358162236
452037187
22452863
296884754
591808430
472427746
648413014
941146719
90261242
324991753
216899312
92547741
140251062
66474933
207800401
783141076
974544823
60442935
932919731
170291635
546185548
3025576
16551428
53327828
299214421
984181323
24502002
795588789
318531149
249571796
623733378
361704490
921456722
339328827
27994815
813801078
392752873
619589455
792918857
342751415
263447028
395600064
112580289
515675410
440678507
438383758
731388787
292416535
355328496
48889113
181286489
525971501
568403664
852273622
476722681
918479114
26826335
176206314
37495599
409651046
984268902
857876022
714200121
868124272
814575009
106935941
411704977
432451208
390185826
331890768
730351521
295350059
584390266
838182090
837144816
692499663
98019879
327090661
964547114
556269085
217937275
24393335
82476425
540557890
48598964
929929709
862067194
544375870
572740770
320853122
404095229
453801469
170422382
24753325
726085995
514056284
427656880
828711394
832859215
321764854
102718012
876341017
670360903
945298450
183636114
43891933
503613613
388921990
896065958
97004139
657669098
825280266
231204352
541772227
477561063
749651906
808575105
651553474
630022315
395858821
204213522
89973162
454630004
381037699
580080443
24212790
951510973
464895198
500339567
307463566
955671682
860178581
917991138
50828206
913053017
602076253
684189298
604561400
822511695
998054247
45181572
914400872
753767410
601112744
16371268
851942137
59561186
777384522
165708130
272957689
26311102
754536868
228058329
694930479
178320602
186469641
54774840
874990661
426610893
956424327
197959769
851508765
470722534
566140782
996585600
384209573
918453647
582385534
828003153
908637696
726418970
359788535
556747117
111601982
699346539
699187740
205551032
698846459
474082372
690445779
854946589
788141897
123615180
147362681
608017071
263186230
592961765
835375095
537612579
558334409
222062809
974521
421276032
562420054
763131505
860552910
36249201
81942498
435621795
60986460
23055165
334002783
61832710
252991445
535239001
840644580
216865936
134832783
166763798
691925486
741472945
493136448
208347909
678990517
142768967
980010092
44050993
231520342
323247103
422144858
545186489
873178915
260160610
217205201
776120999
307854356
687275353
971596112
260157886
101304919
703122356
43991866
687305717
824049570
443552899
270423695
296352190
101163111
40375764
387676893
270696946
787604635
306628148
287945194
629336563
651713995
345643607
81339868
715302452
935404729
161890449
509834546
320855670
706220585
473383640
233186391
593207388
188636964
330504731
904664560
14074254
190608063
938276270
406028975
116111547
55254551
537406531
895831404
58914758
18167398
835870216
558594118
343462229
848407241
236084156
887278385
27520057
284805861
325067718
436935566
119548445
544104759
151354694
958891712
385986371
114088738
975520313
706392363
160549382
378820897
767796351
558240533
115081884
165450593
587881394
333092745
977840429
991015272
213966076
829835322
30623882
57054863
318871172
964025367
232199500
981132448
463727274
486876936
590501020
748270434
725197027
737424152
280154167
485323639
475948367
544756948
331467569
488879045
609839547
388631222
843353856
433699668
798453663
572691104
549208498
122002120
470227830
2278340
124653335
47356222
357420846
369821981
160328767
141471520
821407814
123454045
483435398
76665600
61450579
673673347
86614086
27477483
837854823
930020436
766806280
975015434
471317935
744114458
14588973
642207029
790984049
36641043
745255087
861581199
863635435
943076605
684223258
947175813
332019378
411614321
889722703
921802461
612478700
180158815
191359607
327218019
619580704
757630865
619966179
338113766
801088647
727236454
22154687
278625706
147466335
88241865
363070888
332474765
556702076
299864683
263252919
932543746
407144690
49558850
427926934
390427920
309254197
154431276
415244567
820805355
189783168
113348778
795273605
148519360
684708257
340851514
338767182
641794604
973646294
79699778
486906895
51474888
883102232
384748466
734859489
405238410
203192591
518820894
200252693
784698050
133807396
228056087
291039637
626237732
239769342
63760210
78998383
527162971
145227184
723704787
317952855
271594703
523075526
810143612
139434780
914247481
659218133
545301673
21500322
21548887
738623820
627134924
761922837
60719855
283479644
147078708
841818064
262809208
847385304
372575105
130316941
519522738
953147066
694444599
37270926
45973243
921948195
281908626
947878460
389128729
376468730
750952777
144524656
495024708
436046492
424922839
508608768
463632655
244727281
813818676
220335695
60392007
344614566
243016956
585463286
65522650
83400890
570769939
241602797
251532190
766757664
916072478
120482016
56934346
106213172
545451767
641637915
642249548
958471781
606545085
92756067
257816820
483646495
968925862
41213007
448756060
808432814
977416569
12451963
14553371
967621900
340134591
458919003
302480739
796289137
854676934
770619968
698835354
911045416
446951260
280565711
41919394
517316149
355312773
446731976
860158711
462119605
393491687
379711522
247644991
180443108
693140777
708436414
710089852
450002853
165779921
197065393
382010336
349849253
113220065
691019532
709278697
349271720
675850075
277008950
145340565
650895561
297521391
1222563
776635184
658575032
536537747
124090679
816921572
167172149
131236125
39864382
948677064
443917780
490324552
192234917
87409248
600862847
455096052
961815480
71784187
306918025
632566926
394580121
171083029
809235600
351734328
119615806
336138831
323547264
44657676
824386023
328711878
627952251
66759866
266909574
614808811
184430361
931474749
904322569
519607996
74842357
267511694
765810386
6957704
561540574
106002778
509271938
235135382
741102719
934084917
119480923
154844251
505363277
321971339
711592390
195310197
428316482
101495619
146463353
134709269
579193159
664119457
397499977
820227680
855043379
999231898
267037086
29266118
12784927
313611125
213254460
99258806
405403877
421005619
399424765
968953180
250695712
570790826
770738718
79065385
410101815
627537445
187842156
119837185
217993211
992853612
606216489
949871473
941849792
177814095
35122654
118172553
611312500
598991992
574042431
923965637
309432472
578238428
706181509
280024007
188013131
216663664
607306968
71891157
660800757
231965831
570748540
766653287
425106476
957671518
258755364
164906427
523365552
510299217
70137472
171190186
462519594
788480993
749426011
290303531
158311842
793393695
331679771
275608100
472705284
452084309
260108519
822321878
274780283
992140377
601120079
126470234
112443211
67924501
662824420
108910796
137431424
437623696
963622307
325555936
110965021
159190409
911972917
760467015
156828492
106602183
132002063
23958859
610541060
81138344
533352978
804172086
557426044
968512216
467803198
146594341
324374595
835879722
184374738
688402538
196521976
615238174
393873696
12447156
55681929
560943492
555489122
357922365
658910252
247736656
575304114
657457204
708922335
596297842
637231266
1749280
4596329
680247875
234379150
660431853
313514320
234865319
454655128
135132757
210327105
465853173
624722321
871211824
607195023
769181161
466677822
75876046
703097756
220587810
296004545
200137259
570143655
673290407
83687491
92155898
444660436
554039860
575068719
581530149
579246196
531630821
104160798
141183470
681240333
771355486
584484480
642535822
542113649
119594737
47613762
776868406
772267692
980220207
83234410
838544876
198788640
706543180
264597060
919537220
719907982
320738285
235614264
381151897
538723085
358784193
710663772
845325887
749580139
783682943
772740408
658197735
126175291
42490243
700584057
103916204
587209610
158306748
125916820
161825276
976478578
199919065
696046050
632097076
61032357
711044462
52409348
546912415
913887180
132697259
880596757
745643138
211225779
322749513
367739997
138420409
776129132
323296247
123914844
252061940
885156070
109273527
788202201
545073210
698834229
927358732
345409106
407953832
106359072
262745658
684219056
42497203
690767115
571949566
72628547
728694034
809629349
666142390
38424917
465521871
617219026
309363908
212571948
553058346
513032146
851142896
751160944
379755139
487079233
704579045
143201988
789947622
789255454
367351833
494870376
323773584
180212812
8745135
603750093
378027645
353381544
579773978
877110547
67857853
575328676
338596954
599679385
876027321
328241951
649642516
706596580
100133853
908254872
599637899
127976838
54197074
657202110
431389243
655432111
455552649
812076641
59575079
971340253
252544011
15407033
45793538
661766355
44921637
170922137
537146202
512045646
128999445
863433785
235673398
18773344
90124689
97150045
596666191
851086844
722419448
110549732
33804943
461713309
13995176
256876664
836970490
638717911
882527992
473846139
485515213
595306476
299798363
884334972
910983145
713753769
566334649
412784140
284040540
26368249
119540508
564902311
814579715
785182247
5014948
516458443
528608039
657337788
72568301
637637398
565189301
77369564
945132352
571414410
337300500
987490985
106704420
707907972
624529114
654613952
592386437
97169250
831456580
796899874
742854622
182417823
6244723
163886817
404649964
333169671
664336145
736332548
104780197
750560445
910843133
704341333
125600426
841325794
901692793
236165858
293483957
813107313
64199914
336770932
595435364
559508178
396168548
4391494
173242621
758694474
156229014
136616710
876234829
568203846
102628836
654522895
28327599
492326595
691529914
87326179
498865790
117777942
919874165
544239544
656349456
962374435
293449790
387038258
546021868
951912751
559906519
590453556
294280662
402733273
731945181
759859781
587862356
6866444
694505218
231261591
30811700
193499035
251105797
348191431
307167752
237228961
245981513
187842755
463807102
130358347
386306028
792399024
788386662
370715145
133397685
296846031
988994293
425919847
186061490
974314285
38348149
998633015
444577592
95737560
800980252
61654668
10451742
781500041
705610207
999795842
65014561
599536000
524629692
319122259
989241150
592382897
177530450
745652914
555386640
340193342
995673967
252955789
121936127
462197977
269713656
465870074
651454279
254970188
793951563
304575906
243638411
138657920
609394578
771660799
870364428
842137803
12377366
649809051
458921964
342690476
746573678
282943192
183868051
680297592
422722073
511731740
986406749
970850612
108400683
482720422
232226188
105652223
321926515
656527193
437147454
956014207
291847457
22067760
691078740
421270736
665408137
809757890
955495559
665917668
2136277
45366439
443062127
994849526
581112306
486267125
785197633
675104188
743615938
57038196
328493237
619330401
191898621
668944439
197589081
758992321
261628786
300529599
675441514
967335072
400531371
783627133
499979223
322389823
53560487
127456013
355531306
531631092
31907013
196348620
66984519
119734088
643043083
62011163
163823442
359085383
344386908
122994538
524058595
325727205
339089588
469357543
942712416
353369438
437678824
391109438
649997775
213774837
196139367
920562554
344449642
285129317
521865413
154902861
743397738
734699567
213077861
45812201
176516006
260607386
452576718
69360674
584909207
592439688
604785986
220027571
293055914
506425793
245476442
79892401
440266865
353000421
103821809
3308880
114020307
156296361
649010115
13148912
709925326
762468567
230819362
934021554
272144132
51917018
657810007
178660390
283128471
955889362
127895435
847271426
229000615
236367687
795974736
861428172
97310399
335775268
867878592
536803288
839987361
405670299
328174635
276083826
429251438
762122114
336098234
193685954
922364326
953912423
932807808
174541551
187105962
406658314
183041816
413846730
332990748
12144482
184862017
553751288
104273803
211635983
604250585
596861530
648709495
673679993
512372205
136769214
389229008
281417456
953433352
17037230
90994111
863455053
487461
878854468
731344724
69751550
724891808
40009898
56090291
587330945
78142904
773930383
318120899
643803911
588034711
407651537
826266542
88322772
976885511
75417544
748977294
309932066
911004896
122164645
222871612
455060216
726211162
488947737
737253616
94257876
934551250
636070585
578578717
872817581
62865044
543414205
108979102
407760272
836005443
291488313
414654215
636270199
210019657
71830931
950640988
693705804
275359299
176705959
280665465
875017736
91477043
696353338
978829201
957558425
35972414
484123430
762366823
989318194
70250884
950070904
921225132
986729590
466025483
429972096
53335439
911026177
319410326
717091184
15591384
410729177
104440080
487317954
57284048
523647546
168707571
365562107
799357279
603513754
143369874
453912101
850502834
377480565
522944432
542789908
557658303
483086150
341908704
833842846
205019165
59780495
330114728
899389486
103172932
99621884
416349397
951329847
299528150
242132756
45931260
942299383
249771436
901409113
894660350
165621032
549422152
30699517
7031799
683643589
818566451
856518182
932421967
648908355
554059696
322367941
537905450
374420165
396054023
772315958
403745080
334809386
921153962
512108484
416345201
370409109
978029560
338430905
424308098
450461282
620960969
936847698
345332772
240989174
451337713
462581223
578749262
618110271
79980456
845125646
472954035
515866548
179310214
527537615
66141461
636693564
336672408
287341927
396398699
783170793
746190250
393056933
209059459
135171375
500660973
556027182
876848153
900347469
329219416
435377126
573001109
673256317
373660808
949826006
802531034
181128742
924487353
877341733
9382216
73727285
553600017
969293742
772113732
940245527
651597084
217829975
973115340
333168309
93033997
526947627
806154169
846130900
45878733
602983161
11951619
542193468
762876103
134276389
30039430
327812
151966608
542248795
333658044
586010017
604008614
80695432
731770933
692514646
274827869
24691191
622233079
771653367
584402558
709912033
209029153
657986191
86588830
576483736
121986090
960274915
196856033
253648851
48494899
90460948
38971139
17115570
637025087
832805364
598017414
432554577
158456935
528069950
377725879
301146944
253598930
385297193
229896538
378775339
861812342
585757299
682343822
622710777
162190060
539473556
503146414
543822665
249188280
751248338
227488614
479101110
24100398
69328820
800923322
114277548
739406128
39436279
27967452
74047589
262423101
555245296
259559769
439676420
323644499
515718809
696370463
524468165
518267356
874020955
613053355
406385531
406374627
531361167
509942369
134845683
27451893
830262440
300181015
500360444
609122319
22283126
553185613
384544860
992487584
786480366
53619148
230023971
465247649
22846738
87079286
941878189
830749895
532347558
765254070
995940492
289083366
37923090
654489501
985825244
207963396
963753995
3231903
845585979
374078634
658559716
126013533
33960020
533918179
664065471
210924240
854933591
541931873
444877237
682059645
861157869
540853647
163768156
936427899
223211866
102730854
452431815
596673285
991456038
477924513
976878417
691992528
450197130
329888991
621890255
122799327
376575461
144515996
777600322
542233449
631684435
79522488
565740765
231165833
43813794
310297153
86338748
437653887
398341590
984078778
869356078
261427768
714853305
536963532
351549168
6029330
388101569
705437363
642963661
207687784
356758625
531254477
968680662
743843326
760224586
52996418
217423839
981133492
566993777
642280727
548148198
286808214
516023007
865987745
500060444
264217213
862230260
812060693
893350463
866698569
18940137
895761305
587970485
265859502
677911097
411378030
60439018
859613038
47182761
123305326
34156720
807048113
551011544
777549254
29238696
109044270
285459991
339561325
393507719
365091933
675257837
741301515
408033884
55265341
42203979
393338994
532997246
947987818
617087592
578833310
370737928
860660417
453853899
371922313
544330512
919538371
495282750
598933321
704903168
154629290
514152155
124801673
701472607
171483062
702657256
37729471
870380722
821994321
701115538
727796545
899427970
370606295
112743005
371042860
702138929
502791466
320707170
902511000
432676896
753840686
181915797
743635732
329949028
744991955
856414808
251251907
707674816
133712613
500091950
995981170
792024192
885530319
470738989
545011042
269876907
267239839
202838466
59524577
557806648
56489930
65988613
680980536
486606410
41774129
377422354
474933838
722101695
987431183
437209452
892661949
569471851
756164447
478356485
800347746
912327562
32080561
52221665
563987146
627985355
881395924
523915827
281669304
16065401
609228932
115173147
757062691
584275922
397138291
13052519
314654602
140598210
485673177
675294656
465608837
234677086
158004177
433592415
55830877
779134164
52524976
541869117
300310176
351454994
532257369
187426219
3396069
505460491
744458439
911524357
448136204
63594874
616314992
859164021
23037222
602649568
630263478
129996378
886538267
754208256
17267623
722538393
778221192
607574781
807977741
233570407
57696052
47196807
587490248
78085968
509945184
434083925
582096147
748486993
321368570
658283807
529061965
283030103
179933740
799686957
41623203
21490822
16362361
62682662
904855437
95537744
493163902
449594039
255455822
731225456
824181027
277080539
525241771
108730578
481348953
818411431
65960881
199216205
356434247
223610655
195357468
128268126
375747958
825118954
170746027
110666460
301520473
616170483
626533454
727146284
194101941
997152347
139284453
816258589
935617322
23746812
68793274
270672266
46645178
750442289
128074966
414458183
583157749
968916485
462482296
178172477
96032874
383335536
375640887
748529352
276355538
67244117
259803418
478284840
713423314
207914140
719479690
655034598
375261692
199488594
449215583
846447896
77935019
137127557
181820463
792531026
177766904
496278208
772095764
741218438
897169032
79448538
216182321
499374022
763766158
707142818
960927265
945901480
695361876
980718816
55107241
35415687
961505052
983934326
432370081
773222948
127264955
622776705
349360009
433342556
827433653
207486051
377614723
204812105
883757732
591924359
651572240
8229971
770989598
423270296
285009423
822154878
853714374
111571131
694391102
835979880
61029260
350939104
133564763
786143868
686853912
807210051
335185944
650540779
993395898
537707312
741712497
343631709
149316233
214626658
336761214
359886632
972473285
53858234
761200840
810057376
359446109
816314001
464443636
18879429
68911317
31390669
763512907
134532792
743287814
139808900
988801424
203430350
368354186
766229371
407933457
509133492
529299808
408413061
2806278
518144599
915650737
746628571
526981499
49983777
65899173
702205019
108079715
965600585
548422329
206177887
981270359
847231021
874208123
921564044
372697615
244201634
417006323
639118230
392652379
630042042
1226503
773926059
960785431
365048919
571690879
892629317
399180271
427828433
214271165
780420643
415603158
212510605
427594639
99091131
594367528
192793786
422505858
357972618
441884552
326672612
632979275
89648335
78336387
160133793
193131594
175533437
838265424
165991432
284725895
281410521
791336600
61514112
450193202
51379354
834731214
264920502
557522206
407014058
145267183
646010576
82694626
881936392
729822525
116669950
796585869
646823500
135093682
692597031
275234723
249654956
92521407
173602656
87410235
368448774
26343635
378628804
48446326
142542576
297303371
47563281
940117883
907162100
448095978
590536886
51074078
472270287
56698217
634990473
180892719
769832759
460690409
622216738
318747620
657404537
3430059
764084516
257071276
179458434
114906216
931748813
74458512
465606089
215109003
109834616
369979700
26047108
631537427
282323180
192558540
532664155
122704168
476933804
876831535
722815620
921908124
622988522
709920776
160459012
351792901
319541998
949543412
116945441
234622755
285271713
928508794
717705208
360428219
150115541
270191570
482093073
523332097
229126193
5247194
919464409
226738253
838385745
10516900
626145107
406921316
17838964
991030010
91589766
228116371
172174190
677569301
172481319
825933605
876386244
553682516
2694743
101469909
286916888
246641023
189469896
82393562
71709829
546979639
6886185
723968162
759603869
467906793
320356276
558926057
640706217
680184344
324205415
240932981
633653138
227843227
980350989
105747523
391745070
294985032
61701869
943438245
727028844
287632982
309945671
387763962
681483578
807441163
464385644
920940494
604336872
983748375
866837568
32052178
615206234
348137673
770241723
961107870
497477648
184538619
324725364
416765071
777152026
963251684
973392444
246077099
572300409
922181548
137411297
634266016
626363104
844055643
932748076
897962200
663243791
745284200
556823516
949521753
244798152
34906967
76084375
736786265
61064574
370550930
560111063
469408230
51168249
237573946
873038414
889645918
591583265
700323668
155439594
250129076
679223974
240437465
870375167
839274497
266260466
344206536
839914908
927104485
791740594
8217329
736312925
357173489
451510762
350959793
949678643
638594071
933613477
70942979
426060288
483150589
292622293
727911092
18087576
12169365
286383993
414896683
69049942
499244920
921724793
851920028
13038473
725450679
572262247
294404241
522329057
189855521
306453418
138525470
274148010
662541575
71000746
625472414
252307848
754256624
219989139
799818533
61356982
392671856
442988539
594960121
993066439
730073358
151976276
765249934
472184277
581244813
789742379
911324690
938702595
747731410
857566157
974692600
152311266
569039331
136538913
651928485
728602686
833501815
536569385
883182329
718438178
268588179
63584030
780216969
285109248
286226684
109030003
793216479
834546862
859572180
735232280
916835520
838250031
107754079
66677095
218981850
663452840
490637886
528403339
592108411
987720743
351697937
801287220
76543012
30618859
799153600
291670524
414944936
32005446
97032547
880341988
141159578
319291334
466430398
841332269
324702768
764807374
187576660
523452323
196114887
261349389
226175412
974424747
161607414
650477247
576750827
566212116
676635994
130910335
426219876
133525048
327720257
803798043
727653383
531106428
80726679
287395138
836108125
580386362
356703270
145532835
544329319
577714519
620109851
470150414
425051247
50308916
140011807
374892309
615533114
12550331
19770919
821670451
63675987
175355636
782581973
480638317
660534658
917741970
636910649
885291164
893486999
784343272
143195600
179074469
454660898
200754559
609599131
848878713
296552098
49762279
607759779
65489949
451984466
658085912
22614604
522861099
977450834
888596804
444801714
28950906
92041442
349315248
429177170
348312243
49367183
512248316
71156907
326588605
657045119
949720283
393666913
188997793
869398744
800482148
230796644
601021666
882715864
892215933
774710895
26942549
358132890
375967128
543394201
314024258
674524784
29836014
294605454
489072910
677896930
654254231
871814352
31331976
842544993
227892640
293189690
151013144
186494646
978893
968921436
940385518
410555756
103593289
224654307
881033233
453972769
130282614
545058627
256538405
767165977
318727534
556976995
223867675
106022853
685256216
395966069
488865803
33624504
86693096
470895030
764631920
764557177
675921670
946383533
221530134
506720154
816186035
429403413
686310574
695509580
730166693
577029342
902614045
4813239
803419942
419713869
179741400
761802224
681127396
258875899
456935394
906334134
865836635
68127734
848760015
703631715
200984869
526661268
269290369
283508475
748384625
807314405
684207313
512559710
951743361
18385029
513327534
459981612
336241384
88049397
805436230
667821280
118988334
159426998
288842091
686230110
235306818
139012877
882241746
82685655
788605286
169757861
192985748
466976215
1969
453721847
130611583
616578498
51353891
963836740
112875877
747363343
663869799
864072554
324891528
130601425
931608709
359704668
40849395
143084641
492037871
171689576
827911933
410941396
35106994
401886585
280644899
262020253
14519696
485639371
37164110
481112328
528782489
318332191
610476959
327642724
48186776
79879582
760471176
33648526
848542674
267463872
742712278
189437439
935679794
17383073
530474178
834216476
381919630
500707256
290778374
979839513
246423553
761318170
511088383
930586417
489548117
196507207
477955040
27469721
736380082
375584716
982451607
687242728
182323704
522936138
7168059
338971763
299703885
940571821
710815450
596176415
946507779
133546286
996930550
503214649
410680281
54805709
93852552
797984670
473114002
692778597
755354607
515338430
561790895
545721966
451441491
464388464
119405125
15816525
587267763
236059411
981862551
600952650
839075194
281547414
557659855
831152969
696991575
414086841
87481200
80763024
933802561
28467396
156076626
545382557
893045135
800044731
92226838
165725688
676187851
159982044
282954867
887430191
734135549
55649323
82818242
700716315
712992667
964404300
72388597
996896316
149009993
156685077
415633422
247453144
929687754
144160893
249204790
944263360
266516862
692064501
901652067
19256949
949588904
860875540
429565655
462021125
176009147
456960837
118756465
581126611
196018785
445011852
280517497
459460510
156057394
446254238
170841864
30283728
427599069
479157386
766496339
83905487
696314643
633558172
967853403
380751802
194913510
363272420
458034433
681601295
419885506
943396960
731260824
594519664
468255329
531678267
267213279
680860481
760997512
792539518
125001554
91170193
859406613
235206055
877949124
543596988
920821415
694100135
39739438
154821326
376884808
636542672
935345912
70642500
897118824
247856969
839509455
740763209
966469441
954609016
693126842
943240340
681479067
822293786
461279467
34145431
719613035
254641480
779241889
146246161
723942305
760395822
42852886
685570758
687424932
298663281
827380676
750344906
183814128
25090066
280571797
101051526
739686652
721635691
25691239
535499995
347088558
880636945
807776347
959903821
838757863
713720281
591381910
253805286
560450004
815008919
124118779
676896541
436038071
714654330
442408694
498453014
21610994
201386848
322117163
19917125
139108042
512517518
868639920
987081730
526626949
833148887
688542507
285006135
804680396
232555295
988767802
969090391
274029695
719293158
32936235
309514075
855910146
113988143
873510249
485709331
582743660
588334354
67513720
702217589
203374189
123276689
661804299
416408529
701350988
792265626
437989662
878990846
57410625
865427465
962886906
817897559
285018662
315379467
280178493
227616654
87822344
984113914
895036000
896299636
571385040
995387754
756541494
847269943
162282338
354164401
252429728
993456863
663054716
548231154
160836223
384524398
746786357
260563224
542543386
493726367
27903248
251560453
678565559
257323741
28103375
595939688
951493829
880063536
912206658
637473993
380159309
348008513
987272259
227067674
325593421
61096048
212931093
61678746
28948699
644980267
683943938
194652212
913093684
141826564
211229987
214225730
944275185
403723085
562079868
507308726
292090656
137615801
574376657
246119837
367338509
103777703
700069701
710941367
745286493
688599590
36572253
709296930
478609389
864043184
343840275
385665
430030131
745648257
576110185
800219516
571283054
718518637
165325965
763395006
55965600
295511146
263546468
687548439
838453700
324850675
721362360
468128891
581200019
175416881
507947001
431316317
674571677
727872470
109131402
793754261
874691243
760986819
308009588
345939725
67384718
613991554
599323103
114308064
253042232
617676371
337695923
434254542
781789656
949701751
101450980
646554894
282447834
115876973
252456720
115750402
913345627
908018165
696457136
744535341
543867412
87314929
487053173
194178419
654931037
117731196
54650014
582337350
685966253
798688577
471369320
28583250
163392605
26115648
180030369
96912231
320043945
217191054
219325131
259967924
84684836
665758823
116403624
309649965
367735364
870545429
523216046
439389567
167650783
234164409
60743874
446913433
635223340
675034041
416070229
59367781
156678102
429754141
80784032
112633789
972897257
142146885
567504732
809675897
254390546
454056697
454721964
266488722
618039861
982010952
20106403
180993895
388194332
481652319
38763962
135265788
833622182
183784532
545161820
242949982
591782289
354814619
691022887
872484573
402520827
988887579
286363764
830779719
884180789
595755150
759913943
424304556
868936679
936078242
677548068
88862649
382527179
269654234
365770353
100720373
62463774
865657230
276844650
35605982
630036698
377372126
220958406
725234625
67471140
377225033
251267002
431206200
831600162
244753668
951812411
566917560
869027574
268166010
267964448
513157092
308000616
814696147
404638644
606525072
978198690
488415248
949588389
472726757
987724259
317167312
872663881
451818767
595028596
952482011
320153012
819743109
656743266
733101093
703811781
69625270
1709361
475985786
723145420
422297814
583048712
712166795
736699331
848841434
75831442
31129867
42571963
64841199
219141678
948299004
604447451
287796674
994991107
420270577
627908156
57532762
71459266
40729892
792622134
386689042
891505222
785550234
79670686
942296545
162832691
798662285
96904327
404654229
448283527
800887825
832854754
866863268
972799700
428494355
291017011
629236269
584570887
309736140
428000872
930653230
980091951
914825735
435478312
117835139
831845461
799400457
220162597
966259182
121431992
242699034
985276077
260776887
833257691
155670433
83013623
15934276
462765541
322685420
11480373
875899434
31624479
804167198
687820413
273729820
717749643
664467944
238462193
372223274
123436537
216673931
489033385
794440875
424330770
386105785
945280691
74517771
603075257
162580290
319966434
681797595
598592721
129444750
426977626
905524486
559336936
613916593
341708643
761361277
817594292
797027568
995521241
495922396
835426081
462851282
128342584
199384375
411146743
522551261
735337888
805470239
70403641
522436572
595828750
764625633
487952532
29387902
123262427
29435286
475045535
508369509
713641374
118611123
982817965
6254740
141782758
874614569
722135747
716862707
950126208
273704830
943121185
767399292
730283495
253417024
456105954
174566590
850311850
268764632
930494210
479135086
17993058
422009475
625764211
564026652
8979153
493343465
892423579
852509256
81840712
723994227
877859898
621198041
938412693
979606343
24008019
115397650
218440638
107465015
76128159
256145783
135727123
947423762
219565953
659300102
747120059
713352865
581182162
978526225
155810125
627438140
33496582
917268182
446428448
75211329
701317611
583038318
485719173
84536233
108239953
728337004
103957743
475100176
523320824
157643877
201922938
59392409
311741450
429862243
850197209
489489156
81805754
87699376
968026662
284039557
396351636
705793529
903988777
950608278
995144056
628790230
565753447
634456933
271225642
542671924
792859854
871600649
932912939
833635766
593477816
564899330
433329716
223297664
110115615
786364428
378767607
588379623
70109405
27617226
619674411
637154290
163029884
455531246
114538652
211612404
131976241
763013721
879900958
110383119
74572793
546530694
428947813
30999601
32526315
684092558
85976242
811927976
532327093
651753625
702264513
388254875
388179606
710032124
414601521
902908984
775114368
69348415
410549368
6246168
916617361
745082376
42414332
69290713
853984258
963237032
69910596
780970747
109914177
612442346
154781819
508895663
211971702
281983553
725163820
382198686
698622307
982323858
195090779
377370733
809811381
229041937
391940079
737887620
70713749
945656569
371375289
524929095
71403550
84850895
574282843
889058633
651011855
766302072
60927364
535769469
204095394
738330383
102551652
780564058
352392478
561759271
371664691
450633805
106641902
6024837
83129942
98301232
494644437
717001310
156125097
978197754
315199115
92962876
797874788
880087699
934655256
430919646
280116179
145356858
993427564
521589049
594292368
29511453
456969699
174271018
980469597
841989423
637198131
390310130
251971223
969347073
98648430
288073528
294062740
292596678
923099450
22128273
605455959
451140045
659047592
431759456
154351172
714244640
403644443
39254752
510320625
780283303
538010900
266630721
999067191
801312087
233434698
756340832
484410768
241078604
52832521
654121476
215176081
114746312
187974900
106426594
857652115
226876861
144739807
932323375
762756933
763704514
471621699
630865329
765678729
706049645
226190986
248025841
741558605
792299818
429500083
62292237
423826752
877101657
362718649
890380187
353417313
598021755
662817038
950900123
196276689
876504670
339333468
652373679
501812844
333548360
955538772
466853376
18469217
93670321
173493835
584736181
709319902
465823245
747178893
339702987
933156637
836240215
226614106
107077062
701180080
811131124
769294927
674458730
331719562
946279161
84485139
54572403
606812842
642518266
185200006
521523398
52532284
43433322
496048116
598108296
34769745
879388789
801922737
402024397
163930773
12656857
564843997
654407612
477916797
972159222
475873459
225699825
840513810
606273634
86409734
291980381
12357501
72880146
468955620
109524353
394044233
496591498
732105654
386308494
838482779
388497016
210002944
3761996
407049637
539925459
330699923
424293002
178543507
410955380
539348005
959322354
346382978
567136898
746864186
588032806
980945499
72882864
91287031
15401196
501360942
388257839
649080185
975505261
124847166
66394598
308545955
194511890
71773685
686005701
883237728
986210073
349325250
627960781
633601874
210427957
812102464
688005641
754622213
877691200
595085385
602311022
794050378
231140629
799821936
49767118
83524515
473946744
886042723
545094318
927636163
937554633
484473841
76424810
319049084
277209424
530839118
878393028
39265342
468613212
649645748
286734612
586810017
2108637
154467405
39195359
446306524
688228152
176160278
894276420
912072586
574465714
573556005
700680232
8439550
120677284
5556690
426031150
971062815
871461255
918938057
999529472
384756528
178846826
736703626
718680837
185047199
214688628
472396842
527234317
133971761
658456429
495058964
706318223
658260607
415226470
103315869
959987072
845842321
542295237
764407165
751128129
126787130
507037518
130060360
211099302
435196714
348011937
173415292
476382690
511413662
976170023
47572896
832891315
668243595
75343889
223467218
34345082
275105052
57750216
521469134
980842829
755056646
94722161
33950398
128527614
661078303
12417081
125695129
245102414
550072826
192281365
42047626
677106948
194061676
710578656
436460315
85023686
112398730
892716148
585331162
96051575
521009953
23254997
701605484
775973423
915363548
6194673
346351675
51375878
757869248
915091244
73478663
932960091
731772059
849521406
703259438
832523985
245227622
742494970
19656074
803001489
280369473
38142007
507661454
315161492
291963676
734805622
940807204
967210461
522467185
570717110
285304357
428816707
583430879
203914345
867831485
110356369
518613358
936757690
82257358
508498664
257771472
69855193
404243398
612152436
545218153
20544100
636750951
436667428
484255654
187342751
65931309
113059350
700828976
484759839
15113859
954010550
8167760
247679060
952497626
461853272
548500622
378844671
916652185
42176998
433083242
281965508
792502468
981612303
398039633
138579238
290349849
722762142
562487533
75657945
911213695
417405532
53206728
71895544
866040748
816977593
21146174
554367134
399446219
636451858
612879679
737598387
994057100
56937394
700809600
766847711
374828157
201906265
114556086
290539192
60813741
726785219
423454680
807087227
256511205
796152147
555654882
801032588
479469099
929036325
463560702
744947050
741847158
167613817
592883769
678509671
62224691
14141687
237684033
742882841
716463691
11717627
854935188
178855899
91137121
199736842
53678329
924061582
424574189
86589012
963660453
997839075
675150917
701310853
306063079
234846599
468705620
901993944
225876817
835168359
314296456
111722549
29896208
762902388
844657177
280645107
413965478
769266686
71866334
667798250
742174241
689472267
679885647
431762792
192974090
400567691
642133965
892869179
676024389
687830
78819965
308503724
100780488
678948590
936993004
417190553
888509217
43311860
341386916
192358728
689043751
154424552
40759069
516419714
988084804
167010293
396633941
642559444
684262576
812074493
131306989
762336319
225825357
251692922
240184900
107567089
28416825
391800789
405658655
68481660
856032146
480755222
335056330
248782678
687532288
673357180
150477319
940487337
704308742
214718348
784558946
737755358
265009357
523810438
56101177
918978548
843440558
589587563
499577840
69282849
668993003
623441123
92841144
651926337
564577245
421402018
896800890
339229704
792672635
768131318
411278754
785191546
378123285
627119753
722586260
929388145
171619947
687117626
433310477
62205218
160491568
415652232
304045222
161742015
665264144
11920519
774645378
348271596
740918334
823910217
587338967
832004347
422127662
457266106
27603811
518712536
545007415
391412260
295975994
818893022
659447282
195836258
869080597
215912728
186378867
938181939
135064207
717252072
457875496
829492135
737184955
439877546
626706042
86788668
426313136
918892379
290624936
140711569
321540586
479985022
674236070
678135134
883441275
785544381
761581010
947810409
945853588
448616331
557933491
97610035
999659997
317276473
977351566
890601428
270758684
56681770
421684260
200658381
37309757
134225421
440174107
646880483
296467535
601638051
142305826
267450565
295790199
284377034
519693757
304852023
553743271
496277935
515058496
178061384
659510821
198939673
768747772
585296127
447995176
371344758
229252419
959820994
460355040
115579738
826235410
638726749
113239994
540961591
453548509
9686195
150358211
116179259
293181114
252157055
887807925
63510182
388734455
388463035
986824004
511194922
875361647
789091722
279781414
915973302
952229363
34733024
901056074
86760249
49476574
641854979
159198702
902550864
273307927
536997814
353544700
652672468
895536412
14431341
292413638
440643636
918600946
131345879
52792764
642918511
692397771
208310603
998593735
20658948
58815605
562626008
66281285
796106493
110855003
917423777
935836676
141160501
220828955
53420200
651700194
933805527
471231494
297483711
209456725
887796833
686782277
84357133
416311610
306681711
220140072
126723561
64031840
307095873
865641918
297761960
131424788
730905322
838448686
816791074
65486716
206879553
94103285
563947435
640897060
235817095
960383265
978714157
371397891
839584380
717869419
204310329
89351874
968119393
769399961
323641490
281658922
64927626
2855791
494131218
688810252
509144579
850502043
791246129
292192360
821382763
323779849
404678916
344532699
645104334
547911075
404887992
391498016
667307925
639611850
171466822
108357790
292932908
872705001
802213124
760310272
57545925
889481433
794419891
849069291
930954773
571486114
195681339
855309895
917039416
854144101
954615944
108022621
193352792
502281924
738169394
233428468
939109481
969613420
75258150
951953690
661190331
601687439
649397098
77045388
479322725
223173998
173962473
815214615
434111439
902447594
861139118
597340647
272236655
755811966
887708710
157813478
937764380
747754067
21601320
68388942
54416490
523772115
737199065
242970032
632849155
155144419
595670646
461910983
21496661
269880252
827452562
78084526
21598318
951695299
41820940
508491096
583904457
136523940
152846771
868893490
93759278
944251634
937522423
209077677
491848002
898792320
78724358
79107860
711857581
14153291
49645253
75663710
452212909
651353822
958530115
266926381
984414275
763605811
145556524
225337284
724948593
301285738
297389061
213509656
770344029
849483329
246565300
176393237
267887617
759258527
559791949
538465124
333271362
194874855
82334328
276350786
14833834
760658166
815728789
717811212
914525480
783689697
42547143
930908103
393953048
650139855
213083400
208051135
319753954
697846762
844759611
621452134
526437089
471567853
940862050
611249749
210171481
951119106
410749323
712075649
466586619
60092970
532767132
501782927
443387292
614557522
589025832
325079434
824989169
928751824
666772051
70661611
430923828
241814884
891763582
499702722
212938828
247713979
500526233
540235809
147119631
454082114
124292432
598971191
20800362
164233765
679216289
947681717
315610408
546820285
153878170
614120637
720443083
218083017
187278187
295807380
322590915
328378082
127885804
464440145
13859205
736150457
234027881
805293225
382528735
664825187
217345824
427343653
157455217
256050467
796325831
407827198
183460416
296295298
943779304
500397380
27831600
590913221
538919611
63863987
765707558
883638445
494008472
751012484
91932459
495811300
5383963
630190312
692828304
767582706
393952288
612715331
960365361
376668676
790117150
616514933
256274872
873543670
185747991
84649501
434983987
311638173
857192432
692138752
835036941
123320573
325986146
533846675
174518130
302362805
829723034
223840197
118277088
584333653
663580088
350515039
335014397
393630700
952176722
138060334
710984083
317015315
994696231
451284192
586782042
115244936
638841914
857105669
540197107
702177021
90877523
365784286
845010885
305804414
178072108
990821862
745803791
986444063
668432906
826794908
625694796
619242617
933527559
338697016
529772212
551935048
514197110
187641053
317671104
64216447
153578663
676875212
48901479
642607755
449722875
73023089
731723584
52696721
134186368
695308529
671407233
503575919
462283666
561899615
148300505
49105527
629276028
749028000
83548351
93644653
704574507
882534842
452701299
42166939
226820245
591202819
43794543
88249583
48194664
985546697
315415320
448235151
902678863
99947390
265507352
765290978
32028857
789730308
66763836
32679358
67180818
123086341
323174194
169109401
865575346
739338252
518433951
554565445
719132152
505940062
913924946
373910929
673050136
221989798
391146994
634686729
346715795
625557404
164674539
364353102
762032136
251740510
561207108
745381770
402976720
82242286
490566782
986812003
648258608
265582426
926062075
212459241
919647974
80779160
907367120
191017064
100628990
999732349
103893191
466659406
749924603
148943531
37207705
325187420
747938110
483287273
449085416
406911365
139503608
195725522
617990573
171286475
790972805
360468351
60029347
275235706
840383913
595073356
328880537
623986342
555587950
568235234
450066878
7259919
728953903
994328548
71075137
613572010
729946493
867944750
392762492
127923279
495884886
146620543
808602334
932422603
395225648
564120663
244868937
753316608
866352208
494435743
884340352
100111601
166109839
268900845
503227178
59898933
421570820
738733025
490796788
145944850
945098829
749956527
741385882
960032054
415691216
921454937
871509153
285233500
681545277
140905776
450668128
875828474
330963575
241406040
431841217
36507920
133522357
365491582
489756823
483757066
806664366
320650239
877017880
99641404
887403817
294643834
699171050
826837368
928176739
514610086
635880447
413589861
307689990
939983467
656479921
23034958
482485188
114662646
455012450
806113768
528852900
163343591
170956174
855993252
690517918
267785041
7537946
408976281
701132503
754438945
442844839
902916147
935768724
167327689
482371758
457021145
667098479
770017348
164753032
693854997
423493453
813723097
126990956
547344698
214611640
941100879
569395061
916033566
241929106
81375134
929941865
992416625
230809533
229245110
419870616
92825830
929443846
690602291
678344912
455387153
615319024
295569071
757487702
776267887
158642151
896257920
687185564
349435759
203836014
649668071
997553086
385814037
208743420
844852630
709314962
275162001
629798395
355918619
396228834
939225893
332999094
935621227
698383149
127516691
194697607
367088320
54784897
210769218
849298709
191673743
668385726
8081003
919675066
696538291
214557007
204894849
11422168
567348780
701867260
958470117
25406953
462263476
745171162
225324256
139422222
929804905
136023752
513367377
200567405
289100551
397774785
346010499
792222739
282517000
57216982
558168368
106043456
33859987
906011581
890011855
958703498
602937813
950932878
115818980
483698010
623622226
963614661
330540383
718375637
55011890
747410505
150063142
474661166
36909800
357420601
275886691
374435374
235654633
822412480
774989007
370148927
957890494
55876319
20272859
800830815
254582535
855348567
503831984
435902390
88073190
78904114
197194712
620759723
176646245
857798038
874484748
232027760
224839608
697700659
3455638
488574839
799553315
277573114
247866858
632076511
200540896
779668677
104648753
829450440
349455431
349446637
352256599
720578754
670182223
182557009
316514623
169525648
51753267
383012241
324110668
731013524
522517836
611956017
563041926
531209840
816819369
921757368
518305996
534986788
648248216
91946007
924945587
903468142
572607132
837792287
775559035
39207362
623121235
353976694
367095219
120221617
104708588
541373911
348023727
590549242
334509609
826874800
566192400
76360012
658939882
999624045
70342349
414731696
341975531
424083064
866799494
249356473
417553965
321082430
219397480
737371189
990229912
534713010
654874279
399571826
694454802
169776642
181877623
656972945
780023426
100762575
398543940
888651480
345223689
654869889
401936543
831488805
194329356
467281494
534451688
965046358
973415282
746521340
238400860
275429721
432416560
564359980
810446253
572523890
405878957
217301945
159410315
7385350
772734928
158218952
784370223
481122093
26470318
232080323
66337180
129990853
972566132
45882714
723511901
107530741
54973998
489627844
928788083
717399885
257839616
194309277
614473856
578225918
185795404
447748246
686676670
418070437
98953094
748705244
869137569
422036936
886992179
281326050
757099849
128986541
744233272
455054426
83619637
81856558
413954595
173028599
980843148
71640674
48532008
475260455
680499640
75875125
125412068
739175085
121242759
31498456
496315983
92203806
9090961
616121994
642409360
338627828
552991904
991619774
27955982
667129723
739235963
231071828
423436331
270854258
125349157
617924865
62179621
67140965
698881087
969252560
641768320
247602246
179830418
795529934
873088460
247816781
371935352
460656873
960022846
52568795
179898824
758569233
473977205
451945195
578613697
177116843
825058621
132031059
207575260
368308787
624710483
604572767
87553649
103019594
983194230
847874307
501980439
726029221
126768569
356019364
250556875
730367025
815447308
501817864
815328102
880896147
979488245
645980258
264603982
883618868
593542514
497002460
756587838
206114490
618330905
450147284
602381956
215708643
196641171
779994766
960166590
158622786
506006014
444383808
865929848
160483751
939411843
793943281
730421655
254214428
294877535
805503815
745118396
426322456
149248020
997905891
52380921
812476470
444311504
399998206
359043743
693989047
84540012
599548045
751793037
493751446
50551811
98536350
762128900
29044986
700611687
35095103
221466441
30457897
686045328
648781111
889612271
954218590
286654051
47530547
657662363
43280338
301715770
468596665
802544573
934297576
393940425
338474858
331826485
575358467
56699999
142345016
593267371
719774019
836745320
655131256
121028993
33970941
500680723
689795651
624908296
180528489
938793848
42499802
901184641
132824436
75689240
442781111
779112255
781896839
134904802
361178427
657638562
308200489
85135010
610953558
900407209
77915275
657350675
469167548
63695558
979679447
737971369
124504610
43260594
383862148
87526023
661373744
426265998
587292772
566449461
896606005
23214038
542981320
589807307
13464526
963541933
795035206
488700901
750081424
250971272
944227726
423625112
288559572
961170873
183804558
282763669
383738671
163765998
12214626
87891299
175623199
251936991
696543731
939079411
326598473
220614424
843599023
96197985
873877168
833864796
656762094
746292567
995670419
262602014
586008380
990985719
644860065
216859294
815415985
615626813
412309996
480400191
872787037
915714566
806211841
229824899
730846847
793174576
714643397
452925428
107489842
683054479
312971681
925818883
494230471
538640117
20576819
706099343
335805233
45243553
35711162
660110407
351246074
402152801
301172591
446170588
81467110
238281348
249468943
280916982
533104888
156054041
111562316
693099228
775687312
76000166
911123419
163475768
121714846
768597283
327748042
107909255
83583506
916082598
938455986
22867909
19498947
806873873
694463194
317119037
72014173
344948118
235863347
590113770
739404977
758217513
885197320
221744450
114657358
902418749
709745703
333294701
3413736
691025105
30368902
69930105
147275421
925117697
743392108
153469110
910057918
914384680
462777817
792884790
552110937
818725061
674325448
665619346
474752801
869809800
346287408
576723676
643697947
78873292
765861763
36175266
287508113
628256363
924535049
377485721
789534679
295771270
234406761
11268378
205201437
681236188
720323010
523814780
291494662
70948811
173839759
714392955
293012206
707577720
807436092
629085632
133145742
846337516
46509046
211134585
79176884
634536112
850157462
284734184
871217298
406117025
55936241
955485716
922480384
128110268
112498374
460089643
98664997
531223475
18259175
249757361
82004822
930708605
960880765
235693375
879506054
39498482
945216209
593785014
285328012
811065156
627529634
77997939
547887698
31943896
217317010
837839341
314042298
61076267
138767968
847267774
13930970
659149531
767501316
630911415
366995671
13130883
417236348
10041896
805259666
279595357
356810590
620150740
835620034
884190592
116427648
828269487
489682238
212137401
560287561
5826116
903497808
295874597
718794212
413182616
578197074
43264980
630403787
354727306
185789349
957239066
368905806
375706056
389322154
441850685
922582750
76329299
37710575
195016941
299182990
78727562
243629721
332866233
386497369
489527377
524955978
841443822
225526242
212830968
350139620
342244299
5246075
660678333
851766361
478921115
744723901
30835160
128495409
158306964
404699212
312541153
91747051
61263193
272887310
132391838
193532163
942744865
149509787
575525774
386969779
204844773
791058625
283399935
99793731
391483886
113857098
458384233
469030629
255936447
594001927
77031978
275038705
965777490
902634034
536300149
62314303
596818297
579439759
875024540
580761466
10934280
95617495
818128952
835209429
293449134
49572023
641742384
685280737
861112839
19718063
717454189
56137129
947413768
766676606
587817420
463871896
459037033
730269868
575670042
955818465
372568470
204001691
49896158
379814350
806986765
426661988
48985989
582078748
358940002
339097368
131147646
84094349
238869297
276520168
184064853
646481483
608584964
125673803
803133416
220648679
32805170
17917252
672327645
37111301
525603996
614495500
988669618
577879818
972097079
282345761
369615969
818055987
696379507
301598354
388829658
674453508
91334247
911240199
268054734
952303006
75366718
996519480
505488290
57162379
925153018
691204685
448172862
299921827
790563488
230941999
729044693
119856653
983908922
146422682
657572920
402338865
335312261
363007442
768292055
858691812
421704022
175075980
12704386
761829319
732780140
945419556
60450491
107298407
390632844
663275768
765196292
163795731
739420843
414134955
690957097
33694276
49973003
668984263
997846534
95610736
744878163
443530670
436275147
991052368
813371555
449360223
131134410
835587938
336661821
433907857
435845035
931339193
303822862
772321587
387128141
448966858
718528608
77665486
724671130
399419975
787036029
934771925
589976749
30635639
152741243
210201032
788914315
198979625
261182371
800690856
672276876
551232079
76155832
278663798
306266766
523649119
117911667
861177878
625064537
931706144
870406344
938459045
817500110
425452496
726252873
462315739
221011044
962915066
674942125
582593613
559583664
981217949
357201450
418601176
914214448
868073605
611306787
232717118
928004871
88736052
394421866
298534256
252278343
549584819
874934881
655027988
201413367
564091463
282475978
718039916
531960232
252807128
624214444
473128768
424635123
894473878
136123875
269570024
19798915
804069109
582352619
437920415
83291132
925128504
490343558
64837307
74927312
751430590
240551733
36690389
255091202
853514461
716596297
235382381
477305608
413331894
799123732
524248437
590582039
75549221
187266418
725727134
213870594
286824041
433593315
83140014
263468748
815873286
278724103
123935608
732308932
378025094
963015321
909006591
173787884
40372459
237942429
57157266
953217982
799874431
669073621
715252519
359935346
178226433
731936319
145115990
321631682
956541928
203261949
765927776
329791585
226919376
116359805
199995087
604018618
791970991
649135832
720083594
24150251
753612060
464157566
357673603
391452643
170517746
718882526
402976224
532190209
34355902
608552616
262193579
592225812
703158282
719203629
658781795
106023230
790005974
60282167
509895659
385433423
855291160
893608934
615655160
316471245
31791496
684645077
370080109
814741941
847268118
200229717
108231427
8400809
929224769
395576075
201647609
700919178
266037319
877235509
680006388
676293748
976685080
363851560
350889578
976101090
673204119
57743592
334046217
177911725
67903187
45204704
624387475
480199224
86642215
486717547
899356729
404370687
625325480
159405780
301262731
894876912
196644131
476492927
107896601
722606095
54707385
82422463
456054752
323440016
779034540
285473066
140572704
259309023
668229615
794525176
125766440
489010226
555389023
909841570
62714533
801889985
559459748
561995138
757829114
390423671
483501523
179525940
773119348
252674671
566335309
21555674
386172224
886548740
988865288
127617480
966675927
460925623
533712913
713764684
670013808
873720646
335979690
536416012
633257345
963651039
433479413
178247779
760179218
960716046
33862060
788473441
880904851
429260967
981838867
929530065
392899246
238448193
739335046
705153062
732881102
25265291
979998731
982298086
128706567
247146412
504123434
209753065
719180952
812144055
886383247
66474592
99269173
657070263
552329599
604952484
225860197
806962366
999687368
862853692
146950149
728588933
675302374
882302476
486630585
111178518
287240699
306110919
249439677
298049482
896001828
497995419
697492160
741462497
42608277
882551332
34278167
538101069
506985144
242434260
602291004
592553859
184579483
649698295
652443688
566293488
418908266
8593132
559796557
535726871
15189024
578435058
652193904
279828915
843185058
45606112
116271174
290166202
366182449
654904698
128524117
588627980
805341146
113675163
927783826
852599874
581450864
23131788
922733770
598997116
639984178
270788268
868467055
62707413
567234867
787179700
944301265
840964936
129154552
969836484
968921321
935654522
46547447
878740906
757522475
257052358
168249775
475685348
582250862
207207828
696225653
601538286
777123424
991620747
108693993
470354188
509651932
88641769
617607836
741058162
327241459
104930944
279652601
992734141
653266656
748313491
90598998
654531891
474298212
493187748
350891091
841410728
93368855
62519063
396420034
116435279
508567387
260514050
543049766
455118691
727216428
193232233
505636448
483479023
687712290
93598749
54297977
573623276
687200255
88136098
517658953
223790111
952738368
108593373
60336863
108137324
138949764
24908982
114780272
200479844
178609630
407308221
831271313
711818600
23045854
131917407
34977427
532841387
63969872
633743307
350273140
161755998
392482302
233313566
649340494
938919653
870562009
476407985
157330528
816456586
58191019
670577390
825746043
667629415
66552982
101548503
25047218
492167221
556579024
291657515
32074188
881973471
34272036
391937383
787445505
425912281
876743282
989891759
384152912
225101952
115095901
682839208
22838381
882650372
192517537
206040612
222957396
843773356
14235480
103415313
17267959
888459186
736223317
973215532
449974212
413729083
880047730
741059579
971743950
232179353
670960378
15829441
29905665
164623670
485477920
214579670
19394935
902614931
870427178
682629615
60472798
496274839
83779007
16985163
162230870
814885162
468893650
213880030
264637222
297015653
762040231
846247852
560118757
436037104
89036216
521874620
43433702
505632836
395340612
316335777
311892645
100913433
486502197
61104136
474788189
303811923
933869023
421796324
70871197
87718557
297848199
832402240
828225868
349928158
605568881
675212948
608631796
813101500
456984075
227709188
764201225
87050068
906028706
738465626
14927083
74049465
367856471
936362279
801422219
634011257
91399887
23104883
275592531
24450861
8540146
652845625
69163608
527838918
469615282
375711576
537780035
291408172
923959082
675252125
174420743
739515255
16751635
195372442
925557916
184163382
199386689
373749004
514055872
544369326
556574356
223931682
90117302
188849068
24271859
122516801
39337964
692662190
147335556
936812790
709687081
663757109
76593177
474059808
572950012
133979680
238266440
963908141
658571940
89062996
76747991
270751104
906533122
300342227
794873538
782148017
693145663
930314524
95974561
219703437
100001404
984743796
539956952
89123330
898444201
26955713
552957969
198285912
762876036
110623029
860244453
103916045
324421179
39890803
718808652
201682683
391285849
33363784
289496268
11838674
840992960
402517952
349023344
763726222
263491305
131686085
841735418
953833580
64409464
81064045
932582479
987832746
769092037
558276681
264774772
210785713
17106351
19800195
498529394
950295118
68858553
917778025
851844829
882504832
154565615
734699520
160521505
532311655
532944367
121522896
45801225
66467706
233808288
780957286
11396598
651697717
154916939
797961113
843376
989165225
371313818
538762519
872267045
120627056
90895726
102432580
105755577
695223145
830894341
750409537
283218323
697825481
301358223
152629836
953992997
647578242
291702666
774409153
680438372
13854783
307818269
342364747
726737279
160647767
207571882
840993344
901495940
501920347
112512971
188867371
656729587
644639635
14345664
603461492
559183983
873787716
909547647
954642889
743017186
389822379
563074572
479897931
155572271
830232917
782527828
597901337
83860890
610825527
878137791
468274270
121380177
57417609
261118608
835874213
527118984
539266282
859490539
596181246
393387087
123071226
260964683
290954747
577735497
793500328
962616281
773108922
315896489
758395717
466466340
831567712
319429551
755318533
694157844
716685347
177700020
801280648
903306059
946785499
19348129
22985786
145424188
533850937
11288533
222531671
56625328
926690166
489326452
781684290
191666026
287303617
346254755
167083983
115231517
665624901
808117774
989987008
974692533
934539121
611671103
9314738
228389533
525587337
756395013
712838618
993585962
59029171
623243723
711612461
47141472
543334403
51723396
80426529
744895032
557289824
969751241
378095279
767417870
389702746
53670053
563498564
476323439
57598412
531174626
116817147
908977201
339344149
688159633
87396884
425317911
25309422
247065419
197266769
461930280
739608721
559484301
262070053
334050537
802573701
406883280
478801509
909703120
639248127
299066062
348888074
501803267
556620425
776149814
576374385
238236882
721921864
191258799
385434100
569872601
408692285
504278913
939966378
484001599
710883679
471627184
658975043
872220095
51838404
330334799
617138390
389155059
656056684
619092559
380611649
384136773
611583483
464373583
904306639
686743260
320895951
816496810
335239189
115335058
897164036
214999178
189961788
280486698
755121892
108978807
378772149
663460966
967327940
794835462
477480888
547836154
345419283
241376442
25360214
493387896
599890748
84995064
750416197
191487238
19781255
921436753
675651502
440891481
394609789
47459463
295185072
93198963
773175449
77052994
615392503
529350156
896495280
84914654
860900693
596366518
440157657
542811727
81053844
999133699
251083093
330694919
709352539
192613690
199643190
403413579
383024842
898305579
985637834
462039001
494198620
848798518
406243743
660037176
244378839
188798520
995977146
694458854
520121622
274656227
749416002
265675034
343331958
803372123
158764276
585294383
302503564
725917433
906274863
897337874
503132559
340662554
656306913
914806567
326748099
336651052
81583091
819755305
609769875
803847911
584626309
567856171
145862649
127225358
913359002
639012066
4169433
65998775
133145299
954201475
391527935
826898052
408080902
45411700
799308021
524909241
315051956
524314016
114276389
814959812
990536091
539307081
371757523
840722400
961423115
463983636
464830918
945756802
371722167
523871270
857592867
659869937
59069340
336873607
402943868
2417601
678554967
673502725
517621321
830126399
158760091
843583394
740787585
361363562
118790150
890082469
341554167
817173307
147728712
808323508
403693753
541205157
534013151
98713154
278240525
132298404
459773664
243635846
371508610
909717404
84774979
373825527
968415087
780548054
882472395
169097642
321070131
467924501
346079884
84762064
953310202
718803606
776820164
704603695
607272427
412227087
694756071
792527997
637101990
101694052
870101357
878829710
741798687
603036246
464485400
804914993
575445158
693533210
371966089
321350461
218192387
49581242
29291969
52567577
489192953
993346673
896644819
334381615
973905849
757720915
713473427
12587908
858723519
635439796
687206430
563456828
100754417
301817092
567338594
306713501
57508186
354833072
459535171
688058160
801776468
18697002
630458901
256504397
112802064
270005933
823369733
188024060
515867627
3412008
927329248
770292907
846095823
376693248
194174188
655443020
564225378
93910579
11336007
111419670
176137784
77458570
329169603
522751615
476644813
768078236
411509982
720911578
498017563
315981090
582595644
788955831
279072860
117363068
608544433
174312944
19712009
829124297
918701276
295570828
384889369
574018413
226575587
446835533
88096663
909978160
748698432
726974614
642477983
910773964
365445592
632725452
696240787
320512723
61070679
904521682
669011305
66976670
273440768
428896151
797238830
628928209
718358550
542055066
145093420
2611994
34460710
34692531
184002528
409050669
565129431
160449973
337087307
61393274
23356347
858357504
726304915
755028008
454954336
219356597
887586913
680045698
584198559
928783833
713263444
520212196
973694007
212950188
331735427
131349999
55661643
201756967
431189653
114927995
30332880
431960552
807494287
141708472
619417442
78820747
101078975
301922871
918208950
340568129
450856646
501452757
261020445
682555135
565725607
81436828
65900982
864736046
806495878
473335539
75785974
217982205
774634777
986042487
872050609
969041575
580668882
908191042
536452522
226521896
378261
23750924
793885087
202273670
766563338
329229913
563086689
766247405
117528812
465389871
960636388
700110836
516078589
418281674
620764053
728639138
695068510
892904151
7471359
843503894
448058422
580295140
86662415
212678181
571597924
805393017
714486843
682218228
458474029
920756167
470872849
469252322
926463296
252312113
448731109
6361452
200043973
400065217
479077759
377373922
62615314
401877659
707533359
583748754
151089975
482599062
719452831
867075131
147171057
251353803
18835648
459030232
727541840
470805552
141211590
485051396
22404955
615679705
554547625
802537700
424842930
669288918
582745867
535276455
725971706
536942054
809287976
233818853
293951344
785998303
82746064
658869294
995865480
816106633
964361340
619691731
257262898
358057369
209999549
322824432
873025614
140812319
964133564
495433453
33423055
908472250
5459068
83228852
121841812
254758745
513388384
787210588
62913773
496737183
686970196
752190509
70628604
202138623
219384068
22553035
3199015
980141120
24320630
968759915
547408788
75486173
473543553
579704171
870185934
401402240
683489419
460223903
222625564
114791996
