8000
990577244
965011225
542843435
637260607
88991
942100408
270279552
225582711
150635777
11296252
864850212
46785907
68295594
442406771
218870258
836864267
436414169
837871053
700955615
115868163
276244658
524427329
125280394
139808672
908446429
513117281
49360105
294255821
544251136
64252828
836303436
517805086
909094360
513321460
753658521
256735687
193533169
316565590
49009342
58438966
246913286
830824702
281085915
912350547
704976124
643508913
467793478
213413668
961097637
10804051
665478139
260111725
79582765
35345440
814555948
898468313
967664238
256564842
498139158
479012222
332011749
975559633
837814198
884338364
919031706
777361745
966829204
58668890
297633639
102145544
653452703
120273625
625160177
900198329
840754364
226252466
225784198
983713020
540189925
530700591
681475835
798583835
562049100
414666486
468561537
118563491
717811121
954764670
486274133
681529824
443779757
481573499
95922650
580783022
951914706
784113857
58008526
524921104
465782053
443656796
687817136
42203306
651807749
631168306
634897338
838876141
297450268
19365742
892479227
181740789
344038168
948114562
756694190
85618049
534856032
345431348
229000098
234715139
37831824
178772904
784024460
653784327
838789881
960497849
988728907
702124069
991309415
170941562
617812120
902151347
285852660
501809590
38031721
484924111
193403146
963458013
257723379
400214842
105219135
681822561
753680599
91956491
270290084
891022925
989705148
569588274
778686063
130996961
9975575
438414734
331489907
641815823
37475770
725201424
171933725
158981162
973818613
901187763
145439642
597541698
709857343
663015795
642378020
751538901
848759845
133963583
277655739
451689122
275848118
722545655
684104435
21839657
905976616
21252022
759300430
219598014
463178754
189823420
56244926
126509154
651124870
172079776
505833339
16220137
540006567
143071598
796580664
536276998
329724718
781639959
763281643
866369574
240485983
184146780
7837744
677876408
39331200
532785001
144110808
24624354
601179797
460011270
165018671
77948392
802964574
10901674
558575952
614561069
441178854
673374507
432095736
7281743
177029953
254544025
703500151
963714262
111987369
21741353
264939393
552439822
343444019
541592073
897854003
102292366
917558804
307016028
599719882
770273776
33396777
591183063
695312531
1281524
944477828
364549806
947131567
919718416
18582042
196040977
74358498
206396218
45927685
898955414
802143118
417756916
588145879
122911696
866938666
949307587
162383887
293651258
978210147
370204372
630780282
491616496
687061923
174229473
312148263
7663197
818094779
29535143
466883569
834413996
730144588
32181907
180537034
767599725
468567958
768928037
482183418
923218108
940284590
448161529
284632801
607332799
615871765
664490715
78021793
613659019
731609218
196561359
897278868
63199450
707800221
287467265
486897151
512298134
310053313
369558824
174035519
146775386
887153597
480937896
685291738
937232912
101297233
89432896
782632432
746918350
57165319
599206022
946188650
272618588
531233109
492355095
483301010
127314849
455517094
541577811
464298574
8039157
504877019
357458742
865805256
805126366
474190688
212175256
195530895
214627552
73029223
438212539
920452623
700091509
295298141
869007205
676428582
90411181
177504153
298572199
622296746
106959428
444872648
787414830
966541677
586008758
60040680
642191359
899347567
1557769
258567224
313423855
820817268
943634708
489354808
578253361
51626881
288945418
606837869
697532227
278477593
520605571
143439039
663098338
926540673
328434446
730292437
498039801
652852833
213648932
677976453
994723593
683435466
812469755
525966556
156819073
824181104
918363357
213636971
616290558
329781954
643102766
965411584
801062935
101640731
486562751
752311942
803911135
785312584
53282919
76259378
282222735
629211386
834505657
357941828
360738427
137630439
4360918
504960238
977336628
529611124
922386303
995720093
920651679
221925166
798719918
927644708
226626061
275838485
999590754
70651215
734979181
75736687
212171076
505143762
611166084
673899596
328844179
935844824
950052396
988321225
472594073
974174441
947944764
320873550
118144763
273277628
289864866
504034342
405882345
349610970
639959453
576893357
843584939
620869710
769987839
933547944
339387777
524670714
733066322
456441090
683431057
665351921
180978134
760762025
305892882
429036921
966427337
654237858
223028971
449299620
201899956
270724412
636729913
822966196
364620923
619888697
627618995
231705404
198439000
179252711
866622432
820092183
812040055
549571284
483143150
88761254
71045509
500859893
445839059
696249297
837656198
530166449
340210592
306924570
667610391
851957147
268715147
83824154
402965726
582437333
718674900
384643842
477060269
59201498
887025699
790305471
832150586
199694394
418646259
933011999
52576803
951657924
116662253
262224969
178823884
458731059
296009050
790948631
910055609
915825314
577731350
860820436
205058398
338885434
524605162
722226296
983922060
914518552
127600225
982135950
143990943
168387397
144802051
208799210
5560008
736469315
266258898
357347419
72292710
327945848
112465963
990762505
105077692
846846325
330520039
65130518
220225646
393873577
244560198
18687023
221776561
396142849
491204517
694249857
542728402
40864290
918012706
760557604
712200753
37734473
905330587
485992133
328954710
870523536
366242254
441954162
112146971
26622196
214442167
669480732
663856947
175601420
805287905
287656931
477552559
994801918
10117740
536131084
914281982
248566708
847274178
419258458
934646396
403099923
161040536
625824842
934396131
425641772
115666830
316769047
116157133
222862683
40376367
38730526
585349694
127932441
219578653
810710027
848194310
347103663
34868874
442079478
970268001
806461012
365675619
479102424
28169732
612636128
784335342
793212791
297158390
569965439
773254926
165018528
20902275
813955191
5901470
412576560
948371297
635571749
128361779
398327215
917998100
662722091
414400658
40394443
21517582
458987672
587530598
971342530
48849688
337013741
245638818
968802657
89512322
804188224
811091840
59752280
117221
216749380
306344652
302503748
274939049
597820916
26188048
346990687
379687925
130271835
664190927
445058147
52682419
57388465
343128343
285869610
556300492
956070136
407818578
341919018
50182522
482228652
94150044
939128953
599135990
906934088
345569358
198733934
633589057
323049628
497844799
738723343
459441217
843197223
550183016
595070683
352128845
705005767
640442827
693701135
515979815
517496931
952493444
422594530
771609497
312297242
125452143
669760803
213142009
545358350
494826413
284779558
495047610
379603808
727908141
500253226
237859648
930432236
828210727
780857581
309338537
475510882
444029330
253227495
345683830
787488399
948974399
412610560
246619649
960464515
826959312
638400763
961885438
45894301
795495723
27140883
430679032
937251103
129065431
908234516
763655676
313834356
555047202
839472020
68084756
598527684
386938097
684302882
819400825
201593606
304711272
153947014
803245415
595747849
631875085
90284039
283464693
275648689
43601402
479819697
769086416
280809626
326405565
258501378
150124884
868232303
669411872
153973094
935802009
671673791
398559369
721358542
244111039
777089948
96197643
698286482
223700829
80522097
771540258
985296959
737776106
214363439
352513603
388207832
236470290
953353936
467658396
76331212
813976039
122643238
115255178
70107139
86579131
661857909
13563305
197183313
722723420
175076993
234469507
797132787
371002357
739207435
800023185
907102461
142880468
679978254
141783860
550930402
597775488
701111839
302762583
908871474
587357068
897410010
5442104
249058968
830633077
306283274
685116474
733391567
89380310
980591378
543042617
783463166
133959610
980324732
920684962
86128936
699321099
865780143
493448458
82501654
249217013
729535730
440259847
631156386
58301860
958186777
168441453
312816204
444115206
958452781
167738736
254399669
744548585
508166852
350196074
62010801
312596942
21230452
991664808
108979418
31848527
252568410
473809860
505141887
97668808
152520233
369707807
781247890
718914684
674762482
693187546
982827787
727928512
36582413
816378175
562116243
538726542
717958528
538886689
389625849
986618523
796492339
804817047
720005843
969577223
98931812
1812983
863651164
689218584
558016890
182882845
522491117
664876683
400257483
977475692
37513493
531222501
934065685
856097141
713221156
364490583
563019350
971478621
12688018
865428088
148926321
784130053
738251768
39122701
44788007
350599153
759477203
588771221
54880653
507582255
434924573
660221257
866948689
461738059
13289285
689530705
85005963
915516932
143028793
767073814
395653450
208896786
405933532
11509786
263154436
120785746
488958652
360446008
998755038
392523801
856167561
346718215
840617849
30804430
486044106
780846053
252251586
147573314
829302242
433837175
877202157
389990602
442005742
223196507
933032121
790258040
746954401
808673729
757000293
26966189
842379293
267536752
73754373
34188873
386587997
151433608
12921589
625167149
943768129
956786448
744139644
873377410
440415625
996169443
838963097
126414835
888302928
83947327
823273602
968705754
512977832
779084921
959715299
624845602
31145894
800760338
66086091
200328332
264021079
527481659
101726305
759474180
265992230
944042425
990719135
608774253
44709743
74811233
185571122
119413441
259264604
571111316
30583032
351332307
646447750
115966417
666894630
193069282
350490524
77434841
907622341
149140592
180947333
957519119
353168753
587414800
363346409
69713749
439824932
91751654
350007313
92874090
108595653
939492681
27052302
687690067
227805018
27390136
116924431
195019003
45697624
781849471
148538
652199576
762338527
522027238
712881006
75735216
581991208
399110999
835048972
369540899
479477185
916030280
710187790
596818541
956811671
261794940
107671260
348218629
604864319
833287053
868892262
349659920
882349840
918937537
501605047
763156360
912749133
679445852
123081027
830339019
995837289
708032518
868849227
412289151
249057653
269789700
435209413
525387065
189395752
114446993
130732999
79896683
534077495
592026309
516996719
874478352
701008349
226372953
472868454
471853790
548879586
46331269
682734574
409412689
272873543
95682163
66041129
402909491
434802060
387241106
672418804
721247860
780453340
637527194
256485114
958973082
752247455
850189506
496251459
764847821
373869820
656439178
10985528
990271234
196121882
490683903
10774217
685219903
897217257
514148249
306962281
114632544
316136075
186046245
305209193
646436345
37310021
613800152
430275219
705124452
569288791
516616375
176581585
981637830
494619813
540762776
853628017
459953554
129903568
815028944
531548274
695185202
399988117
374401321
319250064
467625312
454275651
598989148
238715789
839900054
50030853
593451043
606585607
580779958
831033314
325546096
106111190
59505599
666203398
910494355
139101768
18162948
336708682
767472479
277679656
625482952
565154890
608860909
67097430
848753357
81402622
257688535
922969936
421087329
516501712
282411899
727373891
25971532
573347868
404115746
548781790
135893896
294972851
490725574
240262871
395552923
487294243
984861286
821552020
258616714
450681081
223492138
512891579
437037697
666526088
487070057
973516742
627979965
15624683
785206156
362886276
248322259
848324231
385249349
310381541
834197829
5758529
785014250
973044355
267212544
413712206
453768465
651274478
948613353
842780726
525067573
367287339
580243004
394222219
619813726
298680703
188587967
970193227
478279350
68706943
996790893
226557934
926183449
789341656
15974443
142194515
36545506
179414994
335232692
288228901
955705645
684506856
290767240
147451138
248431214
804463811
407480657
298491250
510339829
130153559
148046193
670930724
434473721
717503049
872728871
572245196
100815449
235311889
733060731
879225655
592286366
573408836
171236904
950262586
17071915
845005250
193872860
59814406
18774609
290673096
250000496
467935962
340302103
422470236
60570194
571916417
85746633
256580656
395440852
353163962
939934784
247353218
470081347
76648178
260294247
975829422
94955048
940983412
801212252
217659002
563764709
939771986
137637707
558560214
811549061
928534591
672940523
618106883
763214062
629451086
990095008
995990626
368499803
75885023
299638744
391158825
869479446
900465742
61663418
854035507
956857860
892368548
206831261
922872572
275840883
164580740
150455447
913036869
124369203
924837472
343676097
559629253
147815275
36933594
175428575
983814168
19014257
923044112
89331017
726650386
584238797
78951755
175470965
217907404
558540676
993842320
415198055
916285889
804730705
207469801
691884082
133188077
313015913
948482468
396325255
473860316
111077260
919081655
690039386
383903915
857389387
258892073
135977362
63695345
203577869
384480005
987960553
12611593
470560152
178456622
36778225
144945979
985896002
524895996
25197258
372787748
886402329
397183835
272161714
399922873
556651606
989623697
50411661
53213364
772487355
958226388
467000543
614851865
538257428
291864563
397553200
522716779
94624614
25556879
430746329
97359120
222313376
139010636
675429662
334247097
512481290
842659002
836061023
996211835
939925878
100727124
37564770
657295665
890759890
442897328
484406138
802839656
908300303
876877582
771443140
899131797
735292430
447286436
534422147
862468336
723430424
170550455
352669501
954665275
595262035
816291819
224911870
152234856
286254871
152179133
437731083
655311949
220061156
93123995
210798838
31476578
196174584
710261571
998693185
628447014
153719376
919412460
682710048
284562568
130554824
295823749
102070440
696427982
598651376
87963522
390413025
415795003
476992426
311419432
269346626
9163067
523166115
829753497
926754325
497678731
145037254
593279046
794443215
99491835
476906483
265855412
721800728
625130478
441951169
947024582
775575840
609353569
42349962
765824072
573258369
866144463
343732208
379524930
178923794
770752588
797668246
305191311
284257938
708615124
940745581
630370206
319362958
483455027
751183241
144647532
488428089
880423292
886670764
431698949
888083663
452617994
936339035
340417293
17908279
815565676
245944893
945481971
285402339
811444261
262833709
774724040
852903116
98567569
269758948
550528647
402726177
249380908
727467006
902111816
360204523
486030833
846856984
192329778
925946616
515894225
31797191
4178964
74891489
182767304
851484338
43145107
521869931
84613836
524011581
34565
836569586
55630929
949200466
572158731
703654674
414409305
331409415
317342247
809493333
102944603
520834224
407577690
78232422
661330487
308991254
3642678
206983062
294775168
546381054
576958286
991918293
12485351
47061903
794977172
431979572
545014693
428581114
466212437
59708857
29321632
451192415
663384955
305901603
929591583
501869152
681940099
451522378
245139528
926701672
32409545
123933293
360482711
7211737
476002899
538628131
569568609
400118242
590438044
596703525
905962890
139313298
448017464
784957673
644333480
606393451
449903274
725107042
985467667
742383646
72415690
762981170
603410669
841307855
201607937
710308347
519064636
328051022
60382742
523576247
268619103
246144653
36324003
621319480
4448799
515034913
299553129
160841085
768136262
933105061
436893477
478098093
22516109
876720109
712599203
449089126
884371176
274554914
697175359
246020857
20353524
646998904
206112215
868789874
164928034
175828360
420528646
196304406
417314004
865711499
768943057
631667595
52334824
635621122
485812526
840334209
354759143
490422861
959013826
558920880
492056486
402762240
872104080
754260055
654039003
245921369
109872185
925475290
987266136
940911009
288454870
722221112
470130482
100164970
333667863
925513958
57350837
547961375
41324294
381434514
534571191
701092633
104466977
44567151
209003466
831369740
981804627
382252180
96086676
363415019
702352257
568533065
286196201
539754014
545159011
864388344
744113399
946922957
636803375
116030502
553142213
734209756
479489018
123735402
706597589
177468321
158605861
539927944
211139869
37335647
860296634
498027041
11951412
2932875
241198051
254208764
172118343
60457738
208136793
523838222
299923739
933928987
199949457
277150042
970223000
86622937
940058002
889899178
969463286
692535677
234794956
43486330
119984983
349371831
349514923
959963961
72518182
995817566
673035504
302415247
213965011
652006904
462999872
738338854
746171644
358315284
389550448
94633522
50632892
832241374
109841618
711949243
95508319
615881807
349025654
412356529
394397403
136966623
779300404
371209818
35917787
13259100
18470140
231000899
122788044
589494254
954637770
80866563
70162123
599494330
912474374
289749036
962845007
520650527
497027407
159910851
703930619
608363399
434358441
459135979
45449306
727000406
797262734
596768100
534768338
957651734
356773146
853383436
855066618
212683734
995684908
58675304
272588786
520826527
335354333
500324391
500247482
680181751
991715211
168536116
466198247
814598634
340469728
932458810
654552584
814628407
585499748
488972791
689887800
83102305
524195339
873191510
473095400
442767241
34205313
288004523
777494030
222736609
690181530
946809169
830459097
644079494
56128984
163033653
31601462
849142089
710807628
63773944
837000392
115910888
2486499
905532055
21126197
576044426
742695987
988626167
606188399
729502327
568935148
515674286
935744181
334485705
26477240
838662759
924712063
88746313
648724152
875895003
94485879
934742983
773252119
837302724
650279287
947649022
546266050
11828925
51598503
215580331
177055348
669508523
388347377
266042210
294870513
379215282
61106730
354655969
120918846
122206904
67847918
661358477
177247093
72320216
206550345
226331806
712650629
640536913
167381580
889779069
328541762
345538758
938379480
633104463
881275264
880810298
412651881
244873656
429943882
106545195
557477546
711548145
159089497
867126095
259969471
899134833
152919409
745330964
794876172
243734309
413640981
479504034
110200296
687261769
977764830
770828673
814962306
146375544
169725197
269302521
918922566
612721040
439543075
836469396
679971327
459816752
983527010
253715284
884228188
659723967
578497110
907327603
856027500
164418975
493348461
141558782
385908108
458909559
685391143
363801012
304293402
87417537
443099123
900974686
744411060
615718461
458141057
276968936
796922495
428409004
303033016
436406641
337476085
257457619
112991036
97227164
843630687
645868573
11172792
82293936
612535699
87207385
696944384
571590369
155633209
864875296
100560917
271214044
602094778
91915278
508888400
794198591
435243681
85548447
945278083
436096719
358208668
560983144
68388451
794482832
630318546
973473368
130341582
105897319
647103273
760994020
719623487
14840633
489371048
841685383
827099830
25939492
436049504
150293672
748228676
296638135
543152095
965679942
195918142
466953475
704700664
963132143
213075725
204677748
278464032
206459500
776138549
477171401
63485405
110249691
17898338
585608027
667187547
912466790
470202244
626012067
172823997
340650003
515287194
232661409
76337518
509898597
516678038
517717742
389114792
201657042
632965806
724167356
64423943
638924498
823861224
756913794
520401788
423940827
68644819
553932662
380987745
933485273
986261637
112092356
353122466
619497821
712741217
158384285
882046760
652429455
11240200
358846325
906476882
22102215
383336035
171691963
933040059
598459642
31732587
696193009
751963228
347730985
814777862
444795351
212766107
563875322
728034997
554370635
91446080
631317117
835997144
145803556
88461979
248018667
255666766
672709015
327087108
560523025
778346364
600600884
24008784
626237032
135653523
767986226
111124493
669484778
242101066
157692405
497612986
290051992
636031211
798419427
158484220
240124878
491245825
849599649
414716442
3157488
52046708
673294896
584943174
894539346
479251327
68075120
911081615
102781751
705823763
11119145
152551943
134013727
23983661
896181660
733708759
326163552
712657009
599850403
573289304
515304007
655412869
667019287
323310922
89326701
105556028
33404555
846561809
444708440
524745198
690065407
616631807
773111652
663674549
141796819
570232269
493606287
14394317
340797617
268722854
830645806
47444051
961401388
535258009
104560729
83650433
306878471
219726468
335699149
120622357
487526787
129940379
461139702
127677887
82324511
974085282
571227967
320904647
175115506
76980653
22023418
755637348
447310518
448845848
256232977
997104210
122392993
266139544
54667783
280382925
815327741
702516237
42525284
913111763
451426766
770696077
64463837
280386629
662674290
96690118
998414317
442680100
480002030
240068864
386647228
4046339
291200528
625004783
638545468
716011522
879702681
910083558
372203947
846332910
47752703
427798507
628281148
347670268
605129412
615596581
422331151
67439368
105328766
766615509
541806030
864938989
793077362
147835552
263061697
518649903
462531513
634253197
95492079
749822595
162085594
854190379
116104058
471021486
617807567
191345903
531397304
280033853
89892275
774493785
456609864
743589309
667720481
53060364
338139454
894679249
406650397
256658415
513095016
605742826
512702150
601375250
176954898
628803805
842782822
242570862
592574645
7145235
503451827
189832492
556403191
48146534
753020559
594877437
865067658
680081755
265865716
81062545
203260665
986860148
106525269
89070757
314549948
874196817
764448261
713625474
451759112
596891359
309600822
83328939
792661024
86570808
865468712
425291766
141242823
591398674
451650967
408729974
310609322
161605901
53215295
124428596
756745254
229365854
52559639
718012750
834921256
503513552
336791712
43115666
948665593
279043100
947114675
633238505
598883881
939213357
145596620
903196960
953860779
599294906
624769594
507949958
130782333
843553143
515582475
565926129
27292348
62283384
566825802
285319190
492381305
205684143
472238949
30020180
140757149
297877604
917658300
521196974
672338397
327583473
331561814
191350558
88158765
38365677
96374351
736259905
518454025
665566334
584817763
80414695
877607389
980687112
718323692
461719906
66377952
301713247
916434244
830369488
306722622
570304712
916617421
15480459
513252999
313986609
690680416
74878259
494863751
804028397
97399671
590387235
530302683
305441701
939249873
735122792
730842189
696956085
622668340
978840392
752916565
93208785
45015582
579132257
720925566
419243022
143734938
237489174
621077163
845766215
115228263
504802519
25823328
6950873
803537717
489594347
776840301
941242011
831511486
156581719
668092957
43442673
764201321
39105251
277406574
235122380
880562647
859018831
21148951
759434532
538447403
517234833
510406063
311993
27161672
865875712
559090975
977614141
251030806
917792169
544294185
168910740
150996514
526783972
91976511
187406055
40989196
138087462
677348254
496305146
744059506
798425335
902825130
934701056
117689426
595781911
232918617
121200940
201007119
28683767
417474328
579049113
797469933
868969256
887245956
790094468
600465343
210334077
414678409
311031491
385263787
351614101
559332209
745005604
25274509
51734922
112069446
671723751
637528843
803110661
708422922
15715717
285953768
257578978
892629396
619619401
874319365
508835222
149330241
655122521
954661340
642858600
913223022
399401202
824627553
374722834
90498098
588276705
807525510
27197237
341115201
346819096
24596242
866664959
361929551
420988608
282047112
290263086
977161594
603189203
745337039
584336932
920406216
342570708
461903133
697779548
337555810
943639215
272931807
571597477
870789906
129060522
477123885
302588717
685269651
923955544
997896905
993856963
128723249
519520153
706665820
860574085
638722063
317601929
96893288
262983928
339696423
19209608
48345096
917192233
145091259
633950968
819183249
879614964
662667449
673970439
99421624
885746422
484877247
557224144
621770557
774920883
596508516
433262116
541132118
354546676
123899423
33013262
816122367
392770214
691908407
601452081
658265680
773594926
918357893
978707661
141058600
668132028
794095328
4476513
930853750
377048547
321920266
28780612
868303064
18457015
731157552
247139064
905980442
84035698
917460867
861126425
8372977
221028375
408331490
500162665
692332005
613641765
716931983
674875201
148548520
521417877
92223068
16876961
21502557
509094315
846884993
715495817
218611227
87154160
722951619
582463075
16525821
941103856
207318995
604440210
597070130
825176190
849860759
858341478
365111673
392545441
513773495
412931280
493019066
672024015
429130416
47913890
839215228
611870601
375536141
421533393
317560680
22069847
884141380
496766974
173626873
853691798
811030970
678370535
32412752
31119068
302740326
259505737
8338661
961482288
101359918
454468862
225767147
915224871
966999829
856915495
724641522
178804540
858675101
428390693
135790007
780793152
174644431
982514292
623156127
761810913
136980787
70084899
77538334
401308194
647176772
140175657
152595119
573706242
634097982
852339999
547622678
197292717
167846801
149866458
586747879
551795952
143362600
671882027
913957055
504981341
56474420
876821332
786823331
102671302
842695094
788755261
947918562
897997553
622470023
693743848
897926288
899730824
958048467
93316336
93608211
36029971
166823813
417134972
813138356
463888090
776202495
980972041
689818605
600559027
739000101
233527900
153036422
275014911
537220619
910932631
44197268
303847826
791262344
622434675
637084095
735115627
105658307
73099586
371285631
409837127
892271050
452514395
321206822
310141710
619219389
970087439
830057013
780773299
896283693
836157817
848789373
63311424
517501524
664993189
607128189
729410205
737287678
539829762
297736798
132991447
376812190
735311078
55477293
992862209
738878803
294625197
323726754
792706521
908431315
460912241
261839768
463025226
397822617
937460335
804765853
91810777
727054723
954523461
880009547
891111535
422083718
989044344
990352469
688077032
569326211
207931822
977081998
26827959
313674204
222986324
145842307
983607986
490109295
42819891
90168801
983736491
83359277
533156085
131157995
84438308
8473667
877044263
4401265
708394333
498591598
882032884
90154097
173265346
772265794
14405907
917496876
668939543
32130335
656921684
47618548
452806011
945298497
7207975
594352381
851703082
117127755
899058598
894087120
414072748
366422043
709175898
486238292
276414034
566189224
554890043
614072208
906323616
605804743
165571566
357140220
80131581
128905630
824472791
171424820
412718001
472214885
465587589
486698994
321415778
434894071
804337180
902896147
927641329
763844161
158072551
773343665
222476089
779457925
761140094
622756928
72446947
386995598
171920969
366616102
119010428
831487225
415924629
98566387
699666111
462764652
287567505
432157266
426028161
925782722
606034453
488187744
936910142
735164013
59935486
145622325
59948644
59327138
480681915
59760643
907465710
934543024
219600940
141051537
63030143
341107802
38783495
816895812
220031633
644035151
472239179
109907122
915028588
841924252
202971505
447541498
929469425
272183461
223795744
392707369
461261782
48068123
406902945
980963377
235938124
191170743
104156167
67207997
905820431
881793132
404461230
833548100
149374245
838476740
822433312
324700542
631560234
374382357
901531770
545345816
724609322
42625986
39646299
255350461
598886692
584043000
19091652
205064482
703730819
919475018
477247751
642396999
768037696
539392248
863926873
538276986
342377899
384457024
951670302
886495800
766689202
443514242
110199721
68889880
640362162
42994492
6014322
466771778
859284544
22271843
374721684
161482010
681861246
223648368
472232814
98125356
878800992
99140873
367577394
759226011
735613815
231992738
930859031
561924090
456218387
847223837
622034929
837526393
647077810
993336175
85354370
324658805
405260665
607429144
677161294
923606813
852711033
240065768
894601434
74858893
133599703
2174777
997357308
63028511
577703124
116665677
783731392
944022209
398144663
778829060
998664257
719514710
104280170
417745513
135779735
444814734
473947254
318737962
532012768
815846576
163165150
257386453
520168450
995192466
502876388
689289870
992437204
66022113
716998533
108613166
178603950
183249892
687387476
767119035
677264054
34011594
456069385
683713531
335169574
589560264
298018294
478595836
455914631
350160929
882044012
10566866
726818126
835402179
869112349
280891134
261450833
273007544
743229043
841593337
484605644
203408570
378256972
441857429
239253434
33163895
699012707
746683027
857386350
502027167
997396395
83895070
24039821
669366754
255185580
367414294
403650906
229315797
670111840
961451404
46919638
829595324
788464096
98358931
681276309
911723843
142237194
954021408
725256974
448698138
137886996
304854811
68827448
678464212
285365086
433576280
995554161
180999695
615878787
609310014
353678415
427385049
165927323
375008914
106434949
837750439
266322719
679689075
686202952
421886324
203705451
37114231
75826794
462105835
552189276
414867686
681401189
951349271
364451915
258378786
139807342
529404964
432505705
68398073
424439962
34444223
397449624
673004958
517638155
131998858
261836952
133837182
698211534
674599014
409584623
81723686
202814791
121041192
883729843
936682860
794827870
92104673
608553312
237140819
261910809
970210706
108590468
88585361
412350305
89527071
615295157
371371275
743297607
975819709
564363445
219077016
148176653
926451588
841931212
991705844
929252076
368288018
744100335
421821523
930427962
41565902
524555959
876759217
705731983
748117659
38875336
336421154
710806231
590127807
693969460
743198251
782360702
231632071
9859047
32861422
47506919
864751237
67330468
795082680
401310680
208698940
819682936
546997512
747553091
485781645
342856341
279746767
69810293
950807983
20807378
680746224
836237380
495285309
942824330
129256883
102170523
269823919
133611495
859063493
375923727
629132751
926007692
474624299
523463979
717563881
830113507
50374124
30651934
802683704
226098618
875151431
628847544
495533633
643535376
629426218
765160783
141957084
13693920
334866104
827296178
589598428
184298984
224446019
434568075
575937918
536133316
604888382
174687894
54746344
189431525
752205273
483293128
36607393
16682679
454540863
873993938
266305205
458189948
169211161
448765443
925849947
845327514
245161337
285100227
978798214
697349967
684459382
330325115
875904065
44285791
187492970
413570824
253770784
730663052
94998908
608558383
723925485
193535938
981439453
75605515
815843823
148188158
357532285
734589568
96687695
657599408
278924733
351773817
774939487
535297599
88431017
87606137
841331648
458026154
59009819
960898061
441749690
375880737
353851588
889392140
103541901
445289489
961349887
660278759
695149984
756937779
27544977
116585304
324173425
893731871
906990967
781352783
892304875
5743347
966950832
476352956
926324019
773049878
307124491
656092577
580277669
266341405
506494839
865518163
409163871
775929806
52515690
140114376
745326932
390434597
656823564
81381656
334532812
683852472
356763409
382034801
659977399
57903298
522114502
866101960
370957165
299384823
326366778
932023279
869870295
867058472
168943767
233251669
978185624
907673902
694166595
143739004
13223142
23823435
734636815
950450535
206875591
722151719
200166778
560936761
271289958
771645261
524536626
749640016
749475962
501642588
575478245
810363438
984157071
936850420
831905585
476544876
494682043
979139360
547214457
579833122
448351703
978560196
133521605
361335239
77775990
405247202
612758746
216961811
67308856
981898782
67155123
952282775
695916952
772642768
363125914
535812515
459857276
818804347
168173511
452053199
120627638
493607367
556583307
208869558
702073264
584224178
596004161
26572257
109323423
106021226
326792089
927422513
88272016
781620942
83677565
442762624
996557603
363383741
325912904
543667577
9492863
591424491
705345633
118344164
918953976
227928733
828026558
29558834
483764841
274714913
397495765
109887720
573508989
377092868
576249865
713491812
448544670
2998131
406090053
425278476
23791294
154840542
439711222
153824236
824682363
582779977
687125501
315146028
915307277
730226664
712678826
968633593
928396929
617187300
945260249
505766264
436155913
53468378
109853154
996744946
499523362
108515037
56781469
503315956
74687706
256386523
600791424
834693885
229513575
151874204
311941359
872484513
1829395
628512505
138603462
89301264
628114749
987357269
270348479
133236485
48128622
487539498
88751468
203232832
834453756
55173622
460927906
861327541
813455709
817043463
674388592
54265521
469221521
129058838
927359588
870742048
284917538
188238929
352297294
623112291
155314753
140219865
805188061
818682804
542900455
952814
21615872
839017917
395801340
98837322
449637316
26203422
335967233
715259878
456051691
130793618
347137729
904481446
23543827
961786436
730839663
112010904
603347623
239730169
18817646
156019359
569732664
10775356
597963048
47735334
668897851
787055939
517431065
632184193
742815774
966796871
749276612
576973536
766884421
617138655
981022135
686658777
767651285
344604852
453715900
362337048
434080801
14662126
859404481
996442355
246155092
685551396
47254042
506148271
696342273
765567220
277691412
522798926
327111856
743074694
588566894
901159506
532687256
868527040
379441709
512196335
640039353
125274328
121235568
467168803
319487169
202870939
168330393
123662121
528498893
647700093
216700033
257314643
621469506
392050248
304831532
846385454
946991978
592681141
152958984
385606112
157458328
999180383
748112981
180938911
744280506
637831547
560157028
464428930
982360938
502600484
41025954
732660453
20539695
38956268
83739613
66668664
136364822
240830658
310943313
646782194
368957148
758990322
111513302
326471360
443682924
827399083
365892225
730414301
723503415
957292999
296877617
493156075
853958285
395093882
838243410
483475027
873897821
224582308
212279191
557021082
895178126
382047628
860007704
56793315
226564870
60887459
360979746
440395852
786568510
454092859
312338793
738923681
831982289
120816541
134723230
161838106
457499461
419725680
173747367
238428054
241092998
970656937
745126731
32597626
700073327
812112624
837522258
689653768
389985150
820515685
546171113
989701166
375207903
656097943
834030658
628928908
963119693
918897983
479927666
217319928
49784692
999920244
501935001
338746481
69478234
667237998
897161673
211823279
888673701
386927209
451718913
422848222
320424715
976922679
661753410
570617312
153991070
347405001
509414803
147307227
797865
36210119
792606408
858986499
966373723
522760979
938939514
792808450
771757089
328341432
286537488
241250553
310100504
923574731
8668702
198148489
668336464
475871232
897369616
313236316
70434875
42306573
520173190
720343306
371181421
944146919
190376622
948384984
293407154
125412185
220638761
14855177
322142163
886914381
760759908
463676814
472319565
595142061
488314711
626853951
704491573
832207943
693898055
89247796
123232405
228341762
753356562
574665759
923937530
456734187
453120934
192687242
35039285
326126249
473350357
798201109
107694412
47594200
374339657
765631809
84156387
137012521
733266888
113442438
558006054
69256635
368619748
487277165
15386476
463874206
70155848
587097723
661196887
706028531
129870684
319902003
563196232
713626537
848012223
183139472
232661586
944116757
911146739
592362287
950414818
693021836
100955983
853211528
285697349
904884191
998643555
777661404
741363055
147212780
193925799
799136
390880704
727318247
264229530
176079852
507081738
182606935
583640354
788603269
887500531
90882338
237292681
808562784
339594344
355003533
126396409
106748290
452174926
732983803
205521732
560948426
719858778
947849270
716201765
859806800
624851960
60017813
32816221
329686028
506747644
597276263
20231499
768568476
923569278
97260937
979715902
302460029
263194417
351309105
638355900
350975009
396771488
245569062
583207154
549323845
35741670
509761320
8525935
228702975
89293091
538495232
4229767
238335074
723795495
989011846
485160055
613506977
207407377
592760678
380499992
804328084
46059009
804960097
556756579
574896978
53594561
930135814
185400097
157588537
703978448
998186524
521921667
22949736
72091808
453286088
98553750
1681355
309177433
484797707
501648389
627776663
30561167
214330302
405318141
850242688
857101540
513993703
58014822
836024272
912294731
285573280
670905203
210776912
136154926
57325458
216864668
357653967
206864946
58849854
937182563
739040862
433814492
647998540
542872591
384664614
447271527
790100188
901582669
911612278
623864545
259769936
365026856
988431481
568637721
245473360
174593010
292714549
883333100
214425983
644285991
114135094
330506101
478759549
28301242
19608060
365981645
149310608
72643962
937308398
412765323
192486749
962645287
481877451
372927610
53623780
882350522
541196085
34191908
630195655
902002871
193573797
763543565
370361348
56689189
719011734
996585309
415133092
474370161
737605904
12197366
9950558
446341920
445698312
543720573
373958196
463201823
375853033
733821485
584254653
431157289
621426172
340071001
935450277
970556367
549435008
455032610
986653610
748403001
414190816
970607171
983409430
81222965
302782924
29721540
728768410
134235517
548424379
135916622
651695559
90250494
888125474
386250692
909265577
435456503
828407866
367513714
710449159
623797808
609584832
680307971
239079479
776530262
159500110
466841032
362966591
669295149
72004637
968287175
447788975
469552939
916431674
574960118
390396933
996108511
570540727
191748133
706792277
133440832
70237361
954814334
796393776
356120902
915449846
6457284
754410698
825810603
106912091
393316489
625308754
528072014
936065088
753077717
231387841
92682500
38926824
678486115
619978503
703417529
265168219
89518587
272806659
617777846
611477381
62445242
193734672
86161276
776867271
81343349
62968758
388979291
116400475
618372196
262673684
569170650
692002709
429297847
972570783
205913518
11942003
161437736
70392213
652106016
342557944
779473501
403938488
528938341
365886484
496229595
957882461
456273609
643314832
309659416
871574108
235910168
942474374
202981597
972919936
481956979
333919021
62309117
212159982
931622135
960339411
26034593
596956848
953686499
35018370
61001046
873739429
253471217
509727201
668806885
975439237
773980428
705438219
189707503
159662841
29451691
182849284
707143123
555771632
807137991
765574954
926386531
328513482
343680577
372237293
130268931
605154042
546908612
577041706
846607605
288142661
603370694
850633610
103753541
204212121
847394009
889871284
258490109
809121322
443232774
598428472
864663445
669376283
96454827
284137
146265056
804979671
226756065
321900909
627037596
738648203
743747429
801680428
19610674
633403234
512789861
55370411
64441517
176668429
820735488
308095566
853007721
343302546
275753058
110881378
250747928
204145414
470121784
471710106
718294856
633218421
755188267
291988768
585020489
59104670
693756224
357712911
255588845
705969411
973987778
538905896
589671685
671415016
812390871
288461231
89519382
376068846
82223254
699974739
47662016
457936574
968343354
652289715
996373534
87783582
676971932
828812240
1015774
991793700
175827765
659094807
502506179
550569725
584502121
231872561
932426585
497466550
478501935
578136519
545327517
42361981
808873612
537843151
84548377
666474874
637108994
26407774
638015995
640489111
584338006
21027195
41400585
539558938
801046275
47171134
608872827
487429786
71885013
293193979
36315806
424441185
438712439
78192508
396249736
971719052
909516196
123793106
241474921
969802103
495111281
157261280
893845420
362649730
117905880
66732633
92082156
178476090
139192763
517639667
369743957
274438809
907479088
528228627
392851909
608064446
197990233
924617692
93037672
919976329
107182419
133509075
356571367
353592503
176566219
992342413
117626088
750634872
286549683
6220312
104980078
587172461
620826377
891028339
180330095
25123959
876511088
514040763
704233561
969528699
181128180
934310328
583244094
859152363
923478863
849662667
342884389
28254316
702671011
413064128
38195518
889088945
816619161
179120951
546015510
70618368
405540312
168471417
518016788
545014983
496267894
497244578
405990840
393923759
144565375
51145629
278014518
216831196
685059107
263645315
567099601
610314928
555482874
574581762
40018595
922862066
452460559
451699819
491084500
354912146
799731366
793070241
669609891
62619909
70769338
989590543
571734429
69364799
499210971
1576923
792926654
387463782
450337262
312388730
101144818
796631019
876914001
47552061
596419770
819994166
329037727
171898746
129579288
163855936
503086244
47054258
747244901
869202731
943904407
967999027
181554047
75115743
534761079
362174454
571958649
365267862
101938610
898650986
117112391
520908019
52172631
816128441
727135425
163905615
361641806
52262638
440481835
572352369
418125673
213324212
115857276
241807100
174925123
156238141
466948884
406400082
35075983
959160495
125490821
859421915
208159343
50907706
647577692
412326091
116504950
56852791
5765307
383430913
918352825
667670428
582310530
943923806
60556238
464657789
18715592
195109566
416703255
68648309
459938012
312392774
334785178
641435041
417403695
841766028
309956599
96375520
19881098
500664987
786079824
947558506
272435010
970927550
177635093
674655434
385834153
613654569
87916352
733528092
281429612
298388188
856096412
596767326
131375776
486733273
163172725
119955705
771432436
162554458
99697705
537255045
891062769
587442733
895613451
40325793
572963869
528742672
918938369
571073416
250088939
715267370
764600747
806335829
945136197
91361202
166267793
68763585
585593916
709508274
321739945
268970966
88291445
212118564
40576528
678872042
351005730
319900448
145531374
252583522
44600447
585240420
511472348
144440696
368067271
386935225
379842742
140704011
357869962
19356274
126437852
109295882
564249112
713650747
893111754
673372517
362214340
229490792
731933455
895223531
425167361
999434902
300448173
987777360
79301267
254930859
296470796
10294042
964750072
889232288
78799352
782782029
270360678
288246760
94170900
613098086
75779387
101127003
222181595
854823086
129557536
293373001
781312781
77067661
149797157
655779073
435685491
964148625
221999276
5072656
104551027
720863075
918829443
159529223
30827627
30047343
252320820
996060550
904742425
385068677
208443853
115456198
587994923
514565296
289912076
868118758
357116249
401063684
89853098
673071466
860507765
240947089
959426895
382826180
847139835
176718880
905500707
621664115
75934779
804806732
755721922
210255113
640185070
834473456
58009972
924603337
710674713
100042828
919260005
456864635
924564143
177201310
817288522
656599880
300173994
689105630
456397282
860225157
570741997
714337924
979847161
401826106
426432175
971132337
84996025
353846428
499576258
393273953
310363621
954461470
309421248
554842888
528420811
572406156
937907606
153244773
377693486
671808449
412639992
906372211
73480882
84485234
760248197
107415760
976178268
892304253
816494299
701407364
663075084
1579837
96597215
896724590
427302555
195542308
94737504
22803900
984048273
673099265
421570315
54673170
277404356
377699057
64101341
95739055
308598706
20026460
140397562
509788665
98179389
525905536
135806029
408488230
484136978
831299805
294416876
594116001
165159290
439621279
887283228
89909163
892935430
281585673
941170212
978243203
939185815
936231828
503579513
263971024
829061126
11536516
726557921
392083905
478272870
838839819
696586209
474154788
938762672
488970613
106735035
426573997
61125862
103936721
976774485
104169105
744769735
419645994
469809184
627148234
882323692
4476196
918814328
272000432
974965069
839630737
389029547
531910553
352060302
566599963
550927744
255563070
536024744
664294923
288308874
971445083
48886407
592147335
935800003
417781186
785201775
997668280
283677470
551022500
311357096
794366028
119070782
851810580
307717704
962694449
46540451
966885465
700602386
909945347
529350240
965174087
554256899
94343769
564243831
621048185
864588482
280798583
20682501
354893374
134142415
146074300
923755095
16712661
887172538
662097743
243504729
98464470
817942320
263261337
245768868
713145988
401140679
576661982
994476567
666844277
98224164
677803937
421698189
64299979
170808740
282863368
985265247
343272826
17943188
584235507
650143663
502707645
794508824
651296681
703875609
489187001
698025213
473058794
315342720
308281024
86540595
826325988
688251793
732688416
649332213
848954064
118590370
758096851
199939790
108811099
105772748
494693417
967849708
543493229
251549418
542587953
109523202
426215969
535818704
287568287
449888605
283972901
140184760
49042350
192344613
959205627
574711744
539794171
882373193
981587461
840468215
832924910
883744906
236136754
731796129
424652882
373648033
564937729
644619220
610830932
881548569
27282440
433952284
654553737
95122964
196053822
210181384
715409989
742227568
144042408
294598804
833438303
610706004
642103584
627384139
870402850
533933356
649024787
751821421
571610492
572899264
37587336
892353342
396820237
643496067
454031448
876861506
176605579
23692068
536719730
526411252
211601255
950624087
411476526
69798280
594536214
623276256
187133660
113145811
347706768
419561571
92347319
577156041
200274864
704093866
401205159
10944392
249270874
788492074
175726847
90671473
32293014
942217168
137587428
696245054
156185415
670698964
103722619
12082660
912359637
605579420
228762033
646016846
62544487
690822931
33144740
907629906
220340661
437570112
440064157
712030759
181166466
957487554
118021745
455019391
326499795
65543028
769916482
487659024
352419041
520317657
829407044
580147577
283960133
139044523
137884019
198075421
754857948
171539690
502223506
208511717
593352871
425263486
311119176
953170525
542810887
892852026
552912737
961328236
781155050
614548416
134528729
466759719
140992406
138779954
550610771
211464558
947534162
10219858
944814695
385217049
107240297
42844601
115409130
675443708
596062441
33073326
946654561
603211795
114453701
796711599
611696179
549715653
778647647
196871868
57098857
82927191
720595117
5268381
205000195
792606066
124889373
747520872
316380750
163578774
365053545
417067861
503549312
64178861
125135359
852976401
562326190
162277506
135695016
14137105
201992589
920334776
302534143
631100870
434911902
135212607
403918414
656672337
846272866
522965598
10409666
921661929
716208025
735822795
43283671
922371964
587010918
254824607
77604049
908665507
455379094
878859049
585598941
802711573
764015378
500943974
193187056
403037522
688271608
483582445
753942839
34675706
636356201
162058275
813559264
195240919
735075016
396159362
440322743
359470087
605869919
497556505
521992569
243631201
392976740
965315635
686942835
755104011
379727658
3893955
701305318
588415528
379331986
128777437
918592055
962183912
767938403
148105614
507670913
560636726
166160292
324903891
62200947
759617123
160046697
122139107
50647426
443729954
803023390
808547918
590237903
137576664
878097525
720413477
722152846
250885485
137528070
613738123
778004033
320754675
903101000
410496312
38845397
10639579
717874648
110585170
269149754
214683159
637871712
901677468
123340619
614089721
16307129
309694616
409724500
678852372
447469876
60056131
441902386
63550377
145736041
881799043
892328852
321448288
789457095
791813036
508315373
925286251
441186331
125598440
796073516
242266848
764692376
106872536
599712496
530843576
761348641
667760155
257344071
448090882
860444373
827858490
721037100
773865891
980199954
74417830
38028370
872790714
115307836
832884652
534083412
270241945
645586669
808537151
995088083
237372311
285203484
216612873
261753057
24348659
349237581
335097612
677200814
425119233
616206696
118248950
293966493
923823285
105818551
635629335
256188026
489931114
555151802
76079105
641091387
870471335
69375891
125641343
39565119
471717866
251651273
276845847
380382243
22394541
494400598
675055799
674623167
807412116
173530801
790346494
101008783
421751038
687096322
130719229
11785001
2155664
180536835
773717841
28110489
454690474
794023909
448884936
32683977
93370291
858338435
409084971
840512971
924573836
371449424
140959698
785548838
742535717
624392717
983893638
967897706
441442452
910640551
668801036
756039833
465292633
584118532
811009771
696089209
703106314
380819719
359458459
770806857
348712280
134794050
662486537
358606640
717425719
758922848
321300901
64248867
515778601
348182124
941016907
491878251
286958993
139735998
894940565
632589866
155582433
703173677
717844599
275835720
12459095
814158631
486329637
114570308
848057748
168581795
557325827
495028728
129777218
325890630
105114424
726909279
885996604
489901848
662339226
294119039
551771562
1242812
883561076
676283787
365498189
147096777
965594369
995768286
786167126
724812257
32345370
85047650
510827406
710814032
280792157
863805670
946265282
431726159
267026556
237614314
316469605
111005691
157166978
492699066
139803298
341783401
386201129
655785921
174209721
589680421
194057420
708324529
757892068
480733906
469924256
453041208
53490451
878438995
93727411
839654943
204692094
656740218
426003490
927602361
626153883
281549742
623081494
765208128
379795398
708718008
880109823
557399191
176196392
40639780
166160868
621903428
912495391
623901075
247343970
979717925
788436339
571128638
740543148
774117692
696241728
514419255
77164938
279995314
681375533
424309108
464641856
421359962
693461848
479413046
363638774
970621130
642641790
113487773
335131742
713251799
624727521
817949193
62856668
988019416
958846517
933075888
440364058
130544492
261157324
851741700
922378502
982614531
672900788
665760509
772875909
242150689
15087992
571995298
329515494
540296434
716393551
649826714
748666809
887813870
953675654
960418775
382374268
185204162
581636024
930604705
600570950
888758138
864887427
816816102
926421343
377733208
885183405
68772217
41878463
303672793
564068098
995196880
619879682
16296690
324397045
974767184
231103951
114408487
434530701
98391901
887601675
410135422
555766389
120848768
915099410
11063658
460365983
108741482
542426188
861318710
317170398
870727542
371483053
442615035
489609079
863715549
204860610
885189504
567790651
531070064
912087122
146060158
273445248
976863877
259941282
576307970
381688933
192863497
82609962
781761822
435193515
426684342
353588301
979066247
280075818
839462525
572054751
277305992
982241239
823267181
72445129
188029195
795376026
827660067
836454068
101234163
892159811
763774804
387808520
574346769
325809370
224581992
945069416
857185566
896100250
74843614
797016868
14825760
109995119
424130917
463045972
495941910
31896335
215696999
32302162
464151305
66259149
86457558
28660484
704653871
631792807
172694020
872711475
290128973
100454837
560537348
57507377
825974908
307654805
61932408
54869710
286506439
475105439
716430312
591305697
131558596
933414742
845249650
140630609
305630831
598291516
742430626
663024924
311011749
35887599
943497225
56458343
69765093
444153305
549028616
187517551
118470255
93318256
771835937
774891458
857403151
625886750
16441306
114862891
544020212
243134628
762218281
651080486
225655283
493801850
170910454
93406756
31799621
267991448
982058333
328081425
221182378
246525245
560304777
887529052
767234077
647476573
22802049
470440916
316155653
415180070
133287444
170221770
958506624
485041441
431075511
559387573
654241865
566330858
638585815
538645834
326859956
461472407
306215658
949516135
480387101
77916160
665815782
501731664
359518905
382189640
906992882
708708355
841044863
586965170
176261882
694413289
25765329
650957105
832469868
923764793
99288692
911483958
988068052
919456053
209148093
698266337
20551909
807492975
405374648
793608801
973646769
307374673
350874069
205415407
737976269
521359884
272285596
104286256
202556456
400543090
122174464
244901746
989902438
715996179
279416814
137148203
175559296
640798354
14433613
812350698
85756814
918451677
859308672
424688757
39912003
170301434
416383400
679687857
607028515
71824777
976539062
538044929
834934952
634997396
914141674
370407910
186026598
862357631
106631739
494259510
176844566
413160638
862740795
66649460
274065026
504652557
710001832
914877203
426406617
129373452
96580761
684944024
311960384
782127366
568249301
494252164
949833934
925224771
130171362
72761361
36982645
735847146
295330081
250493057
105373085
342690924
92706749
233876442
553257648
382626808
674037714
457870901
336283331
655740354
614037836
813391390
661699406
638182455
186387563
170512946
432734343
847819504
635747957
724941506
316721632
430659153
666373279
367805048
66244767
20277457
851901228
708640683
887109266
708269531
36973617
585047517
230775575
904345772
78855185
721768114
582598916
768484175
433652965
713040396
387455685
848214686
3629650
493989084
663334592
952504803
707421538
948868151
682643038
763916459
541539476
279801160
980713020
317853703
23168677
145188138
816232175
200034992
903838819
100976374
58195481
879313950
192720731
222095447
718170714
938728475
83699037
870941507
613182466
72495568
900362820
211992090
403120651
329072441
794550057
870791639
98825832
814893321
686492289
23271483
807323153
196543611
636671201
326014286
15986178
18201712
606616677
381662323
632204370
368599791
38655105
754437850
483896250
441914372
223529258
940104065
188497260
316651494
809364620
675573688
822095231
687898392
749414311
275513351
177870496
944906872
657561575
653350434
525336609
144324057
710224358
598150983
119137730
305745500
374350773
106686493
737909291
360870190
582676280
526189689
549623811
48119383
823756954
179641178
922717030
593410693
441695780
428133950
101186603
485437211
754858167
847231989
902593656
40187363
423988556
97413254
299905668
793168498
652762460
303269081
655030207
219568981
438623795
525782493
282205835
566357766
360706844
912244495
751134830
975481744
525286507
243416561
883210806
723661851
932406487
250922039
660759165
760790608
986583969
780639181
446933590
308740376
46621674
474081535
798886903
799500262
804525208
120853792
907613043
511837097
356502925
458108236
472042938
978812389
691176688
52168826
138919444
474138079
572514062
825128048
43148202
33856487
791841118
109767014
400805219
784594071
943849591
883319962
275163132
485996010
871489966
3650510
508807837
572786440
716656347
44697444
1818379
513116327
61718447
251063030
155914676
858592060
91728179
483738659
38953694
36310763
573476837
663093022
121697560
240665585
519511214
153453412
663004500
297383904
381383844
114844546
450058389
166386943
328526031
606887346
609445290
711886524
361466344
762429251
12005550
489668178
427262378
701972634
703076270
634353485
103928856
517878409
886437865
848498211
237310010
337668996
291280120
885573981
570853244
91934676
875634427
631726562
210535052
372362450
209392106
907920341
73553951
655774286
938415800
45803543
115435330
965334117
162750534
111232812
141006685
126727837
468008515
487463447
62148515
128410479
243398328
683502973
555010648
187164798
521202140
906601820
335310654
619685945
998079624
713769817
530884125
310199859
722475091
44702440
147216350
779705669
142345817
478818088
244928542
446125951
503929576
970993130
461816901
654416876
644882105
91838899
950251365
44526271
647381809
207943585
113316343
365862245
157278923
35031337
805760657
240643433
346722894
455247148
223596042
429521877
513561959
487040185
670589067
544205802
701021304
802737856
648273086
535144402
168303730
66982293
493800830
796266933
751411645
932976768
157333847
342499199
66316348
938930934
15379846
400067330
462395511
762660829
909890939
971589920
475746368
557719917
428676128
63398539
825275842
991225674
551248149
699341278
160491646
96037550
172987203
913941568
278112272
380980899
932792686
181047811
107095124
162539915
139373762
170006214
183899034
591697808
776677893
343274744
978311055
519764180
762813006
233135679
300411464
988507599
976665961
71414216
447112216
414882911
254009912
122234783
463659598
205420063
368303617
75891182
229048941
821645904
585094364
406489247
477572768
52824383
69088910
754575544
811076315
9952125
289613879
718432004
512567292
712274239
15514598
33724539
367115041
143259270
372889905
204632785
219344669
546947082
15083803
237583214
530977767
645209066
95792007
181334941
392595048
636844788
15970582
23815387
375150908
961892410
127691616
605424662
114526488
618569129
555210336
186081806
971651855
336870976
655528720
999155070
695502788
971374538
417445270
884333852
40373311
21668269
340565865
321403295
562915265
428331300
231997129
254461556
830276803
151501214
705751754
194805889
485765299
906335533
325477318
320369375
300270859
940682522
795154097
589911012
862371170
52661588
340582660
123471943
786633361
997899355
549187457
793528653
376964236
195400264
792216248
765415554
554600772
515650157
828795349
892796959
292484703
876597036
171233608
95888374
337709875
374315405
804719222
327555598
738356433
490964603
990210595
8868026
357268410
593251662
998473696
102818552
810746606
840983306
885324724
884472749
602839818
88879196
60064739
220499411
780041966
155086933
289192689
43272082
942615237
764844670
120462290
182376283
386992785
918268449
63404745
104153384
608677405
302939676
919843662
57399194
784631594
102188057
371152742
44109276
963292063
92347250
954183567
955428986
254081604
800444127
819944198
526818684
450234518
282521653
115265739
321655304
371042775
984252626
58599402
688563727
701628352
686147400
19095326
269391868
755854959
322409323
590496918
435946436
923562162
232007386
705731588
585287885
859061696
65591544
598519654
78494089
486704940
884051964
787112271
888422739
929918862
146315048
826728998
137264579
26594103
75033993
562381871
126698168
180548817
901930388
763991623
819903813
182074057
981765365
20226227
512224075
712980632
125319241
144081358
659693931
95953245
761481816
937657302
352254318
656237563
585183485
236823831
354241789
13282723
517668817
201447420
705520304
426507814
62874223
11934488
230125136
991847742
168407819
101289855
912927698
893659477
523914779
510730158
118274990
692149818
105504392
840850088
800092985
996961607
63001935
985001254
850752013
35895731
514829052
701413933
172641313
698226551
399539509
766632971
467038359
206236353
167956439
920772380
839971721
129666855
259734636
691884530
345135759
705215676
337216716
462911172
381381287
886797078
310491981
620329918
117222806
781790048
703932659
414645002
863696743
902366300
520229079
396441511
13661006
869897052
605503707
837838140
876040757
323003346
762885896
650241264
831712250
254266733
7058321
583196990
724110629
555792635
329905148
208742172
373451382
930102256
230301078
731672255
707269938
132210511
982037540
613153295
247843520
317774502
594603822
447434688
13479719
14993002
362835067
62468200
343947504
722680840
540570249
77813146
707077733
847019386
465019507
804761353
471500087
489936741
981144753
114916184
12335780
264467430
339082257
705902735
773174376
951424692
331133760
44440585
260509792
752898836
234071916
880625457
732679955
22232778
543007051
649325414
764063367
697563849
147160455
841783121
250953265
114780246
699462901
500696293
879365281
738716537
103487292
782232754
71332592
524107757
389648815
754664225
336941444
127119251
202571694
102446609
823403036
655888106
260179462
402908458
100886356
662746781
211824242
322238121
683350584
105949442
291185293
129927464
683685972
294131361
737148528
370689239
262644792
389776841
797934652
105663324
27692751
185352777
970967336
215917273
758483839
943615357
938583903
380755572
274746658
723995050
963884251
976740468
462697090
676734444
910110940
469147072
361446316
367026580
713231553
807179761
833321027
71585842
517359230
63924646
787704096
11421430
920361805
987492537
646288250
277638061
827716993
49122943
818410135
465637786
314191665
674167168
70915357
172314735
104172423
224036269
725404489
460380499
469563034
974168019
481126571
653867771
168202438
234442902
1747145
479592038
618855633
828523123
373215579
28513558
95419654
555655887
62172492
17959868
897161034
959539135
474411036
266447632
588724670
461185197
367064616
210307366
8782781
87157050
55203079
860076205
267389045
869114117
762288046
997776333
598571997
786763988
798495148
482827943
343571246
952988357
772420119
29384334
137040322
48861319
592602204
62001520
553485183
293582526
430114824
793530336
939538718
320371319
684529501
566506405
394263968
116733890
176823288
405787262
359326675
24622502
100097443
251401309
793342357
753799922
153130622
685966839
594059134
565734111
5824390
988809029
67046201
973613523
724606541
658618851
124197392
672824180
778678913
363447864
624185548
200134042
238312796
482647638
559907970
482168567
78407674
680298939
754921051
540682932
856764305
217803732
750484306
20526322
875822506
118488979
143286536
399020417
764067296
184943840
290044213
871796578
236868366
113589849
785821725
120398542
96165303
768293609
392972105
281576046
395148807
232678600
70497905
68703346
390916400
456074795
666400425
879254932
228954006
136984358
139532671
347552817
49723733
65783759
138799652
460206676
638105159
36798715
5717560
640972476
763525756
122394964
834100617
353041932
576985292
339710209
436323961
818559084
612657534
996850202
44026563
60234383
57454550
185927946
710815909
590897949
372160846
392199055
151293872
286773414
733890334
713722158
814980045
863732799
618675523
149172819
727665273
878878092
828297797
70771081
603984751
593096703
269390082
586914412
415513806
542604813
608124651
488730475
62196904
728228393
25448936
52707387
159274324
726938586
254889506
194096809
64879977
738708759
375209067
23579620
191505179
263246660
74385455
412401533
938701072
572903127
500067004
104852565
358020601
996444000
306035760
448965416
799533678
95986781
895286444
886927640
307947797
834166353
392267798
578692410
891580955
350766693
514283428
30352291
765310980
662009143
88590359
434148153
672424611
167087455
519353900
713580751
486736199
530647808
601091453
330122253
626889459
358663558
473047884
121056933
998412283
91095834
577508218
861818469
20039681
25613816
761968842
37010097
273165602
397651138
793873250
304269050
55144873
399292800
767111180
15919757
567374791
910143346
230511227
459424620
136096045
412557142
53249579
622334528
254008287
63180969
440500794
991840281
197441746
562598921
264135790
762661307
607719612
173414662
972841639
352431393
987183767
164721254
66211650
511037574
195313256
486622850
786813750
292727950
602044140
666307067
151683181
395406437
285915696
564039480
78388565
583572797
906744558
765404825
331126270
480045447
752943958
900303878
207889528
2406915
82175638
5646315
763569746
565389961
403218837
414211057
829971563
63903289
242315222
895211015
663355933
22134376
561762294
809420588
257560365
651009176
427761296
637178773
879294540
309176853
93182249
548670998
433340052
34852122
229987825
139461607
697857085
340812635
423305562
58195604
771777685
656063053
402350216
483195174
539375012
31697992
479748654
179936167
748337625
927740476
685290290
298344555
392474118
571735099
123341941
6835984
408347901
425048815
29099953
307500391
657314477
229892950
185761706
522365044
298398643
644887578
40587387
111789302
989649034
137753326
907593290
116848966
564639643
259367293
31115304
285799356
985089617
587823426
889702073
601980527
793616767
284330770
554108805
250471849
310599634
692972673
48946971
965534835
786124382
880913928
294710312
615192837
868811351
202146041
117100393
785345689
609404001
99767588
853459485
299627862
402107025
159574520
220274094
229797699
269848233
73078545
636922882
190583896
265911117
465817765
654582562
40908683
107188629
108970158
333561249
637785794
413798665
750874090
780739486
961057740
186357234
991853412
144778217
623667865
102676767
220136508
244894617
659266209
69517351
781888290
961659857
574078032
71736854
316788165
230508973
515435936
725471066
67329388
155598980
174207468
746658140
176379726
434508621
697543350
312478494
169778362
136976872
888230653
246993770
753058786
589477679
24641279
86644517
402709762
757906771
813290501
375908390
901465360
94323864
35058564
218135820
61307433
159696136
531287488
166522868
359655236
766972285
705106978
294530344
533527744
95176662
14859856
192523985
129934234
836936258
98900639
414747150
232465221
45182692
315310659
124096368
462998047
808922734
428401570
792287514
756188103
834601099
705816829
917698342
939818861
62833833
415092492
496378683
84710831
121272263
637705206
945777191
128890900
373310180
550624508
496106454
282837252
810030765
977777629
953330268
606117423
132151916
906945133
246900
480853620
915749082
312539266
743304664
208078125
138436703
315774003
200238731
456757490
409676749
931095590
505632437
492075423
922719659
313378519
579406252
226452914
984776122
101266067
546070225
205082258
415148195
962184587
829105874
55041754
666358820
966931980
73640139
712024015
687467723
684727350
918828697
152046380
567038559
822072838
325485611
776749566
456044128
912719965
508919988
519654534
496591558
390874935
910151562
168920976
959830987
22406230
130839497
269476073
44052552
982029927
822929983
333400297
853384179
761109524
781475740
126132607
136645776
198281495
804170706
639204387
389232424
526509187
47373358
890490050
984543732
464103130
213248061
145618551
492643106
141174322
164830004
352708793
817927402
381048338
100670151
864679708
859927871
219209160
831476753
786268660
22665132
520198224
768483314
243750685
794934520
13509252
16574766
480719807
442969941
812549265
173017552
237649291
742081871
470680777
248098413
966330282
137019540
24644390
547699899
97757953
715411099
71605864
58382073
388655714
655898309
5484774
538720059
314136922
71957238
299657273
280998336
397302661
122790154
291991830
49511585
193200155
191662649
916111917
305564769
993904602
443244480
721506572
194934934
13667306
23979331
683031275
647985471
442299169
18880849
510959754
408214185
199386897
898089213
323522458
939363871
155215464
703919191
509266764
662349737
346944237
379174483
94418561
566529400
765521809
104354695
507439689
309195586
464754632
946333971
65934468
59610961
25977463
142835930
565537456
927912747
80814198
204223093
433548725
333673316
876003808
92202471
271518336
291075054
485511868
761504944
46467719
947216605
348479024
934184551
985236067
688749583
111499600
855877090
261163841
392690913
236277632
584196186
830168611
139290894
117522442
345097010
269012189
869418950
625845395
34627132
70415579
532934292
590017156
11754488
737457757
951508377
944818119
631065168
539750838
432693465
720618304
634309442
370476875
3154790
596177160
71811801
571134448
682292204
793906470
955691788
500215266
886362965
664662359
505551334
614010466
802018952
98852061
467651335
553057581
375851160
636331628
412550124
108497089
967341980
628647256
864253370
68565247
139907772
644041869
105096541
582652529
637304995
367099032
110153057
319638432
7505616
354445465
128466439
694052478
539535236
534849927
454835919
898164370
446598528
949272551
671318481
83803686
247709571
586052956
273569081
755620292
912127510
648517999
780694826
138333961
110106515
699346160
381489846
143409178
485245684
25516394
548771915
751269863
299975930
48114692
400593359
609727517
495460604
788729427
198387473
641584759
8687144
790433358
698402675
205844291
72265741
120050686
478875157
18684624
796006954
120292816
80894243
38334479
24216429
20437803
265603150
870439017
665580060
408823766
146401837
454077713
218123221
734260682
703927130
888211612
806289541
340450713
758509914
145049716
300349306
453292506
868090680
611995717
362111356
205987685
929464129
987453863
193534276
813907600
75881755
447107043
799009024
350534847
421675586
850406994
245741321
888751926
695212953
384705351
549022189
536932332
759058910
578823590
100300680
922690296
458909537
769440196
119903849
342090450
402696656
199845036
506773361
668941431
101861428
141800304
419746236
131263768
95790135
74016815
104432055
79216618
442196174
773175260
514672110
6490874
23135411
589903466
833505283
310880806
949874445
956699220
964116121
512056888
897121077
135425146
174282480
388941006
151964262
79379872
113328849
419907609
781727733
805784931
388049025
406601604
410224006
381629117
426331394
50266461
477572288
332696588
678265317
902191580
583578803
498037780
313570370
919036073
890351777
605181829
139015295
544844148
495294785
74860078
665659220
62234550
897128329
289565323
419476689
379370334
889470257
847274713
933217904
488359769
112445563
683041037
566794926
708039640
70830291
32755527
111021966
476115496
135902570
909105193
699769567
899748587
511845119
453981085
735868857
518803293
9152705
452804840
838892825
954452594
202835771
153387002
153929402
168898340
587983180
575296944
409663988
882841000
964186598
247467233
674791695
186548617
803899895
7623724
436262212
34470458
941889845
93458084
496465672
525856437
513500570
507183401
579468784
328983675
951138984
552845601
948639364
826298137
456452549
928837031
63379268
575395382
138575171
463623939
263675794
414739406
360137284
233077274
544569935
602272066
921115545
744397138
54080265
358174525
861470166
967179924
857873081
968610507
429817238
306994175
38948555
100751828
299612485
782059112
135849794
458531839
139679876
824196031
506061390
521289315
386594514
964854117
917967032
949843593
156755127
316806490
660715674
820399456
957016256
221779150
765143849
314987271
661451491
136762950
514322904
361524275
985583188
431695272
235190684
751241077
704284674
38007861
76162854
465404735
684367265
290870774
636310403
176674087
582578519
7252712
292520512
612619603
49831161
927609873
13446607
99091921
667870439
94146930
301170503
961248433
114016207
11249448
936922690
207464647
299018105
484185533
575576474
879920094
43651443
485869973
101709937
669918554
744784895
796684022
892063654
494004192
406555875
948401561
612561551
892188941
690227949
135495487
199411725
352574365
81503145
933979303
34126068
933827078
884636902
782360256
607639949
246906259
646516341
743546708
36017145
862654963
367814852
334842869
924939157
361992952
797998316
68262290
878096031
723738432
454893027
862605026
784846426
268382497
823321836
115110085
491432721
327549540
368753198
884971638
400248816
65018788
421524520
986802922
535595265
165263003
245196384
636942676
142470823
951681437
189292513
835287505
293421168
328042316
243929459
405379787
374615996
143206927
285328174
129006879
745274960
418505475
727787305
339405988
175372826
408737086
125778694
463195039
271736107
778415783
684500536
493731371
390767032
965503109
300738054
883672613
389033132
809353580
701703029
713440383
755795164
62153729
566268067
976186858
675057587
268990865
556204051
880490519
34045754
505385234
28404043
41843776
581824859
994288636
942872007
443135767
288973770
630332045
884761750
463263995
828718109
919116869
110134381
120381897
758307019
265449251
594643606
496127206
671897831
605811374
460300169
735485545
451036738
78853712
52096740
152015672
659158750
823414571
205641895
421246220
271033332
23950815
95266803
872466623
591545130
154108534
846321285
89523803
193759398
282176978
688066772
379140437
838558443
508608463
21535124
457957219
937883438
695000635
718673763
39072704
744469066
449020381
65667357
877332149
481844360
579383888
130143640
571563036
668688454
456304864
368218426
651010198
887116046
914372561
516940650
369829479
74728860
243611674
783682133
31167482
447254914
104852359
829233024
162938580
905417215
161072679
181896164
157988756
396593033
114910572
766806950
637026055
542869879
673641384
777636517
610709020
713046459
886917318
261782200
976587074
469406872
10140538
530461048
638559413
87374965
928659537
648407674
634549825
828357359
377129306
767006369
541754885
60163348
518493232
183978647
534542407
677680598
6768558
281942050
756707930
921834541
588302664
17557691
312844171
330377345
642169570
43124318
146315530
950575113
356652869
620177013
138844699
1120517
68869245
320482627
928569055
274091875
263102046
742085231
300023000
479113382
535857634
832944813
346445101
111200054
11889059
420261134
402929954
94426272
376675954
8718258
118461176
637394717
468162659
665781143
576595548
333862227
915600492
667336481
973464897
113176204
291538685
82057073
53813853
154238056
969021388
120432712
134396251
116690404
178904354
67907079
974965615
485897578
182527494
473728481
54788583
366948145
56274778
232695424
61943931
490433257
429984092
751864754
61159122
661072658
388170077
246320962
361181060
664212754
721923111
185304127
865695344
436811020
197855366
153435634
822282880
511460712
99832927
168621721
327477152
254508380
39393658
409720173
61390405
721475576
328757551
790797608
980835464
92609279
218363330
983544811
723522827
176565565
89924188
598327051
441225034
602420094
580271604
796970054
191492036
818631815
754862303
643837522
472123350
47108295
516241073
117120025
925475644
113541535
258441709
926398012
978231220
367132689
141416071
481808683
34415055
358824192
896567113
715040065
31507041
300884882
584248452
92798305
969458219
478437073
742891930
91760008
436408993
448091031
38477585
784514859
213741399
928584581
612401467
665417492
207076064
69507126
492122198
800753945
413768200
116196293
290992027
921152456
827336841
162950571
481403196
720506403
756163834
789789710
400569136
136727576
125528032
606333981
632058839
533210308
680200142
95799078
86060964
521310192
465663441
622345820
197506004
404547562
929024426
807236939
723545003
167788597
76889796
762083284
970565920
262018412
25818775
810874063
826091944
7326200
67131738
141013694
20405483
941837956
985267814
340837744
841289761
293599001
543654827
268179540
630072015
262669685
990371718
200009903
326582424
58211606
165867374
519122328
457497509
656689252
547839518
84821999
160441170
603554613
353644833
132343267
535079771
562847242
765381975
529411097
985187359
69326910
633577995
115616078
435440340
815857086
670027940
248780572
257311781
306023048
595441345
210642871
82284709
937878798
627211901
525123707
907077207
471129075
26325380
342579179
58582847
469777369
666239941
29471425
442813436
455029810
415763869
115063091
457194181
840909470
145186541
268722828
769193601
408064608
124124294
414276185
399606450
757678972
64039286
405505174
677847939
654628310
820094358
939514840
475482382
904210201
873177203
59769559
546737584
138412734
404569715
758337997
858333888
735747931
571095585
581707184
704312579
496132550
78229633
898674918
207405144
375190203
207853237
93400257
332324982
320190216
840506650
767205974
901321290
174359958
401185804
37475283
441774887
207824121
900061746
535580573
68495231
761440705
731127744
610773747
659406989
349413626
916318414
227245466
728716472
93478214
59102943
135950772
701324099
918064087
183193180
907435320
35871004
290712085
186182208
828721197
95097721
228216667
985079254
361773249
777994232
449325323
636031040
310692645
608932887
221407936
8813391
716761481
172959106
432534926
570192461
985181070
293979943
980366997
734080570
679369359
34475058
483440566
974993046
34814513
186204167
85921138
233543321
397737286
359198193
552211381
607092690
949196607
611502983
539150227
60834539
716597919
954396221
131591154
444770521
24745501
635146717
373592105
39696501
969135362
32442884
451289625
20559766
947501717
268127274
862980088
82031946
729932504
172731338
61014527
177804425
950384989
729261302
103951261
326935845
753440209
898889313
48077358
127795677
16943246
920123597
591182480
409086983
116637187
467200592
806093429
772907202
868291440
71299064
229747896
862017820
826297495
124405663
47792061
856661925
50578893
126256110
708639520
42418783
858262163
249658290
734140701
481092448
210537895
433621759
114805038
107504393
269831429
602957419
809802454
110010754
537354999
127789653
991510128
701849780
407680149
317853093
295168708
43464527
955006431
613009478
310814668
71335108
789414723
800470505
541295191
812376338
645359226
400156829
20107186
698334084
358367700
496914120
51868976
100170984
410510878
608758348
591460260
936373769
70792512
226237264
342459898
186666512
557686986
668573621
839243302
537673144
486808346
634185860
24693771
876282231
151558175
83521654
804421367
17057819
367943352
612106692
141701874
626242049
634798593
731264868
253348372
276505424
475783598
790276255
972258799
672548561
132695506
96338220
212599543
475953983
485067992
126262631
899013651
506758016
478638574
985743806
851843598
609745263
711545844
619732368
617923179
991119890
356941243
273900659
203283280
40388371
714834592
358741164
804849283
583175199
227830161
57724065
249929599
52159677
228912185
201094798
29595169
144112747
460760643
590599170
121475190
865143487
283719392
799674596
930897918
40587249
490970371
396882470
908364677
647891243
191842480
824803928
857399275
137504024
283943162
257669076
29507021
241997318
869745897
594980100
405286301
722120608
103144647
403524881
832554776
933017614
682801046
967002559
544668685
992417639
55859389
536689204
921626772
338045488
558233838
669402026
515097649
818144299
594757005
331262011
38278014
237101461
183910021
50705125
573680755
67202017
309999050
392120905
237792410
570636753
770586373
280658785
910166823
165944124
124583256
557377021
25262086
433959589
158178292
255534142
126723319
756373392
647048388
732830744
128523717
734300779
513977825
246686232
984506099
88975641
584633625
117745295
93501462
882189316
900616159
751820359
530451646
729943646
199669664
704797961
493037415
124261617
594906161
192767710
109994515
107219762
517116338
714484330
420775044
885476329
612076700
573539074
880816530
946696079
500979067
782170594
77984338
936430107
329324457
99177686
842126223
772792906
413768033
50934692
962885424
170138339
658784992
341951011
820856404
396726107
724247651
100733760
551113417
377807268
673583807
116761703
743371795
801069887
415983779
126001476
72451581
587248926
330105839
671460097
380547957
983162019
4104197
188730769
864710957
68362585
490334218
430996390
867321994
237739882
733690227
986601372
618471939
927441672
420794093
420437826
18450556
653517756
117094477
778181503
435582599
110780679
446051416
811444997
798760271
347831200
952552964
282522256
30863902
100542534
962452082
492005692
507185046
48282979
784537837
215813089
171533258
540292682
730052709
51479855
69989085
257622728
150488537
340626664
10606519
285831190
960021805
484221214
618483253
560992444
240583893
673724966
929608949
542215472
108990278
541178671
311288091
69107473
592631383
368727957
638505197
358175229
28254417
225124811
666756026
180191612
50508433
674859061
39287026
113285822
689487995
123173322
690157095
575389386
62983609
142605300
170857207
588624348
777572883
752568947
107513641
570205990
82727061
64047829
425616713
262964815
680761011
724617496
24621487
541486025
800078196
296080398
512450015
219029594
388831976
452875244
173422318
212455019
287137918
588126085
988249755
510648526
670647860
926380373
833933794
719123574
686395652
247562197
204867718
997825199
46459362
370004678
117293991
671077276
406882861
645652186
582693615
543310030
722848758
647642106
882243802
36659573
332358187
922906201
769549295
30573256
29196228
774028564
629275391
772605762
499797472
479022671
114804415
531177594
356209255
680262653
527576992
855822054
900628373
854207482
668509403
671976138
485735477
520328956
358115733
10681804
589519403
678837404
18649569
800355434
431029976
672060519
567751097
810891327
937916140
157167774
169009842
932286187
181490861
146196216
696938732
550111582
892753123
698733442
631804207
93570118
172288158
118401037
798358073
958755788
96913241
72466645
365094577
123825326
865066627
402202848
642996842
17130676
762252273
708210703
57735679
988713044
74372821
41664407
194095981
578007233
40012652
963093254
642860653
938100343
704315692
940280479
953302111
17285675
304982806
243915885
35609707
848149208
843679195
508241082
950465541
334509806
600874869
88828814
795804829
795771004
702203815
372308406
87486494
535459293
512205721
52559900
733036383
925829712
240579944
944875443
901569234
167383308
168900425
