8000
375400113
117377729
619880111
833360292
292929044
731718820
640254962
465074454
319441783
83011546
880851844
339034202
652816015
613575953
665484802
296364242
432981753
660297502
675166637
26089689
778329834
160696341
226616709
978196658
337472681
970892527
983995568
104624378
943136950
710129934
432419276
740605768
519842339
606607897
78640397
108681896
858989900
814351051
378934566
611746836
340285940
466734600
808586777
840649543
540393120
315068630
258887987
368072616
95189513
839669519
114044773
977529240
317458373
665506865
457773470
640194469
785457451
607295037
568373822
308631818
814813261
405349756
345063578
427260660
933596326
123352335
944165265
43161662
265107336
66071828
234525268
109246280
845217523
44407807
833230409
570480922
836073066
185110686
942461512
70393789
321020431
495917495
128351210
557445566
738811010
967100455
193883950
446600502
983051213
784130928
156431618
317901883
547605585
744895413
820781535
488488896
508958800
433300419
252227256
514831822
176027391
829098739
63080301
464304412
832083074
716737513
460859013
38352143
959250202
49614180
873354838
920167753
408517669
212095045
749542121
678503245
136620021
138590771
503809664
798277260
138254055
902478755
795749292
121157132
496857812
91743137
244347248
683153776
560076679
171176842
754990580
98932830
277399781
731661462
620849632
613564341
149231100
619042452
311249470
191113861
467789522
68394968
814161840
757481493
878677794
188388005
53493260
453974811
670682197
900748537
573502678
535927661
473011821
1104755
384956116
969946040
111876123
290591217
640544191
469597355
115670428
529776820
86319485
81645508
887805423
98175233
997781324
465249155
785787496
52901871
70899578
283176688
497157357
7838534
231637085
729879255
976378810
290816192
51900494
371421579
755204916
99031849
1409684
27487836
124724689
453158150
77478414
440426923
352868963
63024261
817596355
596347342
14344810
558420820
308225824
828089054
868371919
123512633
239181099
208158429
113904599
6879894
186750299
803990739
426391351
928215932
425327492
86540169
411255705
683942081
126922306
817795140
208835200
989246503
798394485
571652518
959487196
874117391
154289649
751373307
32419483
958342610
61810156
95895746
911626485
527437572
775732235
745507014
211322798
229565034
932027776
369363602
572073410
251051606
510741940
518089138
148277809
6441902
108463063
725977786
595781506
457807970
34368357
289791202
674945
93417393
162316722
539853699
47028110
565994708
962685740
782674394
175843873
945696071
993682444
600967122
110148874
614443434
977385373
564908299
223431087
93776141
516141702
636412289
126520938
601934257
685603216
664438540
671184456
574113376
506150661
347271655
204042864
785454889
704122986
533258931
97653461
818301058
201295155
720066848
767077118
243488055
891213965
2650637
889342340
419179700
994504264
305044866
616513496
577958210
814060850
822159077
430356334
75485450
423080286
237943089
960965425
766852200
379196614
129003084
675918363
337612873
778508326
848935120
788961200
873174454
589020298
329223526
58012272
73928700
350200765
366111937
771766069
812069048
287772181
477098086
917106751
47416496
680080135
880448357
887746449
53955230
590342899
436000618
148465528
91021541
465657789
360284003
489650685
319278845
751072388
91615683
747447729
176351799
835924776
732760528
98265088
313001987
331429842
609851591
10293914
846414540
452884257
322774220
649525771
574019712
858108675
758508595
634000761
824337405
195208155
78575091
33537544
152006449
756812707
281742534
627135948
791160286
695085210
684800684
418024341
998225726
26203868
521541277
708407998
419021819
149440831
299746608
800235951
311270061
634747500
922930544
197704939
553325198
339156070
549176806
662372620
45002335
844445409
902313914
4368831
163340274
441708917
194312029
715377742
596646358
64380779
717216369
84064605
275465497
908484059
819905543
326200572
233783237
562875222
854856663
946490844
770558539
229956691
335165825
403702202
623369530
74130166
630299779
926036557
865264248
814983420
713302025
65525323
322727900
610222998
685819052
4076999
8976350
511303823
291879782
511702355
69350543
564820396
240074341
410757768
882453444
925636866
100515181
953533393
37852290
251656825
756124213
376252619
377474984
570242412
410687725
941476840
732721502
330039241
864851038
40193779
952481532
569329895
423367829
478205516
815157810
308952175
825443742
220309037
57075053
464422876
375864886
786294142
703935315
127809994
766964559
771813018
293807168
872552162
515793774
827405744
332863552
31379549
456867639
394667952
358578244
214876706
684972944
18530283
554942274
871363910
448741967
491471712
29973104
714578414
103913834
298172632
213036892
959814193
235744377
286773294
541854226
666348787
854379060
583835986
747189198
124595453
666650063
537088072
241679424
524959297
510892993
16005259
673950506
173521975
658968848
209744721
139097835
630163210
164243150
799750011
334160072
988190508
15741264
130581597
470264497
368566728
48551678
840904417
678650393
65472037
624279030
693072744
782172009
752912962
889917142
583816453
95052331
252719898
834131108
13253425
438698487
791880083
245027550
913313289
424698452
239338728
212426651
991073364
281802980
663610148
553369514
797846390
495686099
525806814
145300920
570069501
21991373
333260107
56962929
744354654
737038577
874091559
23529490
113798807
300323999
474413048
369756798
243976485
824431831
367885926
660624361
586463321
507231287
571285405
522330771
897915367
259016764
751113354
263558228
140275580
445959387
92767306
165221399
779331072
89026447
931476149
444411376
196310933
206631335
117922972
629184165
204904232
20463676
569100211
167484804
767813975
83813081
651299316
568059211
633286193
91322186
979217505
540535623
17912233
466455452
950880042
29526939
333948244
4196438
337699070
325180234
942746857
404724422
324950684
383043925
253689244
115487408
520584267
432237614
848352449
865952925
45192278
229523793
543883738
691216680
347254259
199194673
178607323
830999191
822529716
814228720
480683833
558824906
914449813
493066029
101161068
778728624
344785846
254689841
619818318
219159948
997954939
935394071
651881557
141809866
215655153
157064514
408936269
424101055
792384462
464605480
271676765
408343854
132125633
199660316
439890351
710533057
309385934
248380581
932998579
96942108
751276354
730722188
735704443
73180724
363591781
713796355
716211918
125391120
169480991
3018155
510905859
85781449
885821213
663379414
489761874
817352994
698868289
477035697
120790964
723147870
77088842
25248201
915470466
635872928
923364858
625119151
464592988
132002801
558463734
380049545
969627265
387717332
161505825
808038781
889626882
204980158
890503897
504159334
86365273
170809750
976141900
451787530
613269291
791325821
600283758
214462234
746402950
146843396
485222935
85176514
379149102
109893259
235868918
299575785
159037066
471023270
642895394
373573322
372149494
917127053
329265397
379649044
915888064
22952891
455957310
486210617
937150532
803822531
795533677
107960151
450952051
13670776
240674532
269656724
295044969
280118817
764969978
404761313
306442477
4315785
537786364
721001782
460807922
19493099
398011271
175083523
587242504
982115848
294724239
418959198
393082054
934246742
226496827
498220682
312785021
464690879
729147100
978141730
359692480
194709889
469180128
348615543
621895133
384754294
152114678
425476203
841354408
106342081
860530139
843321228
31368723
72034193
984658920
10534853
100625196
894444300
85547385
392397801
18463690
336744004
33887478
143323041
687570223
281287427
705649965
729410985
5823507
360919851
789444481
890768731
428775065
19112167
769363712
15119928
128215088
506161146
166227370
115990558
119895418
238946687
130250820
251419350
466049621
74180009
899797421
558462581
641455136
893984941
969650270
628412540
808751572
599402554
513612187
263157796
904872585
76385859
717560627
544178724
389056240
863960328
66274022
379392931
950932794
83084887
163128953
793064471
553192028
11256641
664008683
120571717
36990323
39653145
796925716
637563847
101207583
792303859
194340709
401572079
125733958
893906179
763036465
389044321
588082016
68374991
812327294
412576744
658344958
334209222
651541444
88729880
309663820
278327689
162722788
727483171
433648879
659976554
674528675
945638096
29124387
682082944
94293018
179170065
136519820
335069554
465076320
417253806
980346151
291781129
476502756
26777303
733750119
791655678
47680156
785102264
759073755
272318096
804562827
793047927
51409003
130363202
406949751
149392000
513124074
345235051
261837668
752726605
958598020
261489338
185405521
181010066
418899101
545725705
349258170
891831016
43091324
998002709
761026563
44241939
391356589
767140582
262964257
139977502
109121721
564418709
645670476
369814224
186580196
175095647
779003079
542990070
275996729
803772279
940902415
683370161
408063192
729671263
603190344
62919851
588171237
409492648
255090333
117616699
525238192
320291445
792411165
363152373
924540696
964260795
170955307
876591024
981250233
967494858
89060007
66190430
286110724
920073985
85343548
223678945
607326024
61039891
523758461
143904574
114689602
15308091
753870473
956707015
896428073
846909551
275257950
799898296
461439673
580957470
286458038
294283400
25979025
207111365
456674577
50044356
589469874
506384082
256818408
45004389
132762714
345215265
253601284
210857001
944822200
38450704
251792645
503617467
280659716
977517090
388914540
500534258
105298855
364752503
938473516
309807138
559392949
677685858
28881485
422010550
644122628
731018840
411343794
292971086
409726529
401216394
264660115
843225044
724811639
631098117
181197498
26235951
293404897
255643498
812542257
416920934
935800337
118128223
278575146
394528644
133548092
936395075
902448375
181255825
632388790
32636469
654883474
901451995
40421080
704020517
624809089
875592835
693825984
199975081
825805142
874060719
502351627
804214796
395648887
146121773
278314185
713189309
208093213
19342110
719388195
168968216
25336072
873293216
690627890
142905513
941580647
143163240
898450243
964515606
354174289
454830739
671907009
691179170
428543678
543541558
919992621
108291632
351721755
919956079
178934655
249453380
975346920
13656656
69173251
167841903
148640027
623243511
691286948
237864365
49267738
37291594
695069619
261270143
589807021
989283170
424341058
1631239
411533312
505118292
958570382
49286862
409376685
124548216
919091970
881846294
977740578
56896541
443710287
229612266
854946013
916735253
47076615
666991101
108541693
120314511
122898821
952737753
950174225
935141139
850526965
105883987
735443923
44820939
33502499
671071159
305005309
33606538
867021199
94411579
812397838
93101734
934242235
462594510
679271784
909617123
58010226
5628183
442152627
154422420
452718999
899045138
631131931
634112555
338073074
999321105
773760068
282627516
93052078
904234393
518993871
345645995
729888508
378799231
382736
606559150
911128896
795216510
564782589
841941919
279577508
42107120
47503307
806860777
448899722
58696792
237974333
184634540
123922096
937247075
366230770
167063596
693409238
509785381
333978277
714838623
449623625
12214767
90554200
317667144
771204063
84838731
47524702
399302859
832121771
914877149
721952209
184925161
958659153
465829413
444266822
192849704
381640560
189098247
771599587
921682822
970854621
832463150
507649389
595425531
781402070
458754034
391829759
412259967
89634585
969599935
652255162
79791143
656844836
137131512
609777547
563207428
268693050
124260864
977784069
163934458
44244480
566056308
379142872
481008979
257943894
43698290
669017206
372767234
698626397
128992983
18452675
372676223
713422003
145753656
350328561
927235672
427859294
402186240
955229090
898206625
642318433
764452103
25181426
415997339
46504008
743845451
694839989
514391117
415586335
946574946
655233786
804144073
683288165
972749620
966334264
518418333
610696260
825239685
614331545
870705588
436384114
500218998
285916899
47982111
204598571
71198252
739504040
217041349
452409340
386366734
975930462
39752601
838745701
248805651
297607979
695257929
248106949
296415111
804902914
436419149
983297705
591587293
741144334
852521840
269007375
714814581
819864293
515463232
246423875
657738947
101463967
663078345
272074350
91747071
290588181
625200054
117691775
515755829
141234049
623106260
748385404
63462383
234047354
734137556
922130513
221229901
995007101
764425228
370241682
555696277
335589311
89616679
641665072
632874177
223561052
282055521
941445979
556837249
695397439
101105788
416004847
75153845
786100928
24804641
898322409
947751895
85314006
360159564
329350914
246931092
882476718
534961084
758916003
629872837
816379668
136271263
87722878
969660122
906560035
840125920
108220718
445462888
572611116
117305395
768564674
960756077
372328439
111117788
817848108
403833369
669560483
636980296
408337809
708525044
5150708
529415243
770750320
534285555
536874649
64428373
552738846
112794444
449306319
804277870
964820234
722880528
697280298
219365528
706532407
591915007
121612648
351826875
661042492
724071112
579515715
103105329
325048739
772702831
182319511
212421257
416128840
899619835
479213047
139069000
27796323
133649676
902749786
252533465
228940965
66248224
25474839
654350189
79796306
399785410
767790367
118057645
126436093
935001262
637178028
926681643
467160946
351907464
351181721
457066081
827729187
541273879
404257165
105016452
272065743
68308400
100771657
58683915
916768187
648965223
285205815
425754824
76752328
309011299
243289511
730849207
833245784
983402822
51414171
127398406
114358066
431576682
305814439
779887393
179465051
863214308
636344200
885297406
24727440
379490606
357306099
453272636
495974568
360594453
296453612
935297119
896448880
504008853
121507098
892424344
337082667
715042982
371185158
103863726
177227663
519836957
642823831
261965440
370171566
97640879
156618833
27331878
60155489
990715238
428073318
131573618
981153135
384436833
242447802
593976691
166573085
608006140
400544396
426192943
164134033
609539496
347150442
725246724
340607075
876005160
82319304
496450956
885055553
443334034
670459194
293899631
320845358
642805767
988540505
724043222
890607156
376244814
548900756
513596440
411870868
528776496
198540676
953284442
27920083
888111944
890770773
710943764
129184392
4457399
8127302
384512877
974992191
729050019
261093895
144375797
610165170
901432893
722163567
293002243
873157633
752576535
823642732
381660936
169592321
267454582
245662974
924148404
289609223
274891014
843062588
462242851
909707
89516609
262206843
663076027
27650892
26765876
428726680
164997900
342702057
87619649
364594107
254829649
270471759
184431239
682507142
526886444
960108053
325308570
79845686
902643310
429493544
801692863
958382209
4308723
996177800
873310515
27984612
953681096
295915755
543195883
9212396
171272767
622717204
805603251
306095178
136376503
963756969
101087035
617486071
928217762
430391224
28768258
614357291
108885554
328508214
645443921
295294782
932961616
973276012
478424855
34510845
113471780
301059212
137202225
693912895
578946334
402958755
776519775
322383143
227955145
58210156
678544271
718646114
85788112
235263747
466374890
751048353
375002564
469253021
822781947
647835690
690076327
858637199
643837516
917036394
409033786
55006942
687693367
63069156
341797866
949487170
612400077
52457485
853501441
21370488
87832255
827650006
575738844
355312853
411566422
824872721
922992584
718153981
531379523
962871999
130872404
396768310
861726264
185026060
343167173
153233060
925058712
159718972
253466864
405263847
696350913
877235152
356105530
46889545
86635636
290518621
348986527
681709126
329602612
54699973
292543219
94053133
32297701
398724719
127084515
504366461
4999578
566678656
89993358
342736916
122009693
92243932
548462112
404818063
580411015
504074535
889276189
780507098
528451017
227676570
671427791
108418517
363632059
120738594
717334147
677997097
583650575
963396232
642229344
743022030
783158349
82177863
192986006
582291868
279840980
556599995
71668540
967610646
195646646
207320415
819738601
390393159
245264257
819890068
3081236
233940980
319598585
807603910
798053829
577875678
577909210
106154524
387710338
614307785
787977137
791165063
653736890
18900865
814497945
2021134
300452775
727748687
567375559
607288102
908720072
357173513
333282549
909581185
373134649
568949
33765670
58481674
570977033
6376814
659887334
638806802
88939597
268905037
122366355
720926759
840101733
466952621
128362162
769474074
225773488
557740365
418405786
752897902
710608816
250781507
249370623
599776307
986835109
208999905
304856614
11207191
170917695
203048226
952089966
867387691
383843185
277989639
247792696
282564802
449605844
41505469
19378841
785204259
410408929
277076095
329383394
810300960
363814246
358303106
820621531
589591156
129804248
414052289
584952921
638947461
648734771
534830830
25850947
119768989
853923969
877669817
651055335
664637849
742902303
648832773
11706030
204497748
209289133
988891407
914024698
830100504
990663482
257348836
783033801
54925439
29129106
677386864
22176925
257968457
97577995
44028595
489290117
546760101
83504079
953246746
94422302
133350814
213456620
415795755
511690061
75604265
240141189
83766185
316192424
89114539
839551119
941671544
679068396
232209239
360581351
258515171
79425050
479338079
72505743
561827884
157177093
668261399
907226499
453073405
211075409
620647727
811939720
764070798
205719954
95586251
945006895
255214495
414224589
599251620
332112685
443515243
604935082
14934196
43933275
414253214
607770702
193075059
813869394
960676937
227707567
818418141
100969273
872676140
848426699
600128019
312888794
513761688
844364683
514361960
63230449
38265088
546191107
563705982
853598739
360848954
42008979
506673595
665218256
93612457
366851687
28108676
640926924
757666184
52924758
121428715
831261759
756732443
82866983
17499888
25493336
834998702
64452185
383794538
63398104
482606627
997967539
432072528
156308789
296751614
166154630
982473414
362212581
249539657
861308120
585069106
107858685
498400145
147608790
650479885
545421120
102786145
929113706
149027104
954187256
876540509
859126143
994294044
580445240
522739901
988049175
869252005
371715675
485519519
305366181
683196395
515622404
313974733
269749446
197258296
670485786
507250729
599213913
242802088
630395631
95259037
542265272
608411588
187774156
220178177
294023017
486618408
909946932
391927929
59281727
914207544
103705101
101665900
406777166
333000701
114386251
575386034
720065463
561939019
184906863
677096760
3377203
849614149
566791687
370690877
130257719
231811684
708280254
493501429
608159715
526994681
685479127
59942069
21700858
880480854
68937288
17545579
620211998
249215825
80146178
836114930
26282647
747489627
621136238
648972659
706781098
331842944
321817521
920011579
785578626
544297340
742626969
747386898
393902604
586546914
220130594
665770702
753263188
841884501
318904676
268492909
781928901
881848677
781164119
314317626
310007811
21472997
966773913
240466171
161223061
951885756
556286487
845556179
740171227
210342613
987873366
451875858
681490944
64269215
719161616
175666731
593957362
68424033
735933544
749195688
791362853
777167424
19978120
789609828
561776756
250320348
133977270
550438123
295000489
224232104
399494095
237040583
773654768
986954099
959924826
13264910
983378238
277251476
376517481
722722028
387718536
246960538
572576435
77248100
640368648
302068777
112653744
990458467
984142255
274036320
689940104
856548014
319315692
408466047
956097364
856522409
344615128
545034382
560967705
107062068
289612680
11836632
402762490
53960162
334275131
792004407
532895662
288954634
248487267
79538191
730621427
85430672
70743964
874473528
522409718
855528863
796535948
58526611
363555503
57079374
988731825
726758606
194220633
234352500
817400520
82049774
7740282
164675147
848922003
537104686
168775173
68984983
453323503
880371897
493620903
704878334
421222754
817137611
876508504
393639231
185904937
279753850
452587045
708829782
73500922
729450179
656060912
996218546
336616750
451814593
51804472
143418212
910913125
382797206
389907077
740587074
186835104
842206872
781053381
86466616
811331185
465163547
406414423
426534409
92502596
240908039
540792171
818410613
146935436
303792474
657580239
496485059
444914588
544488772
691143518
513086422
180308942
415321795
263126435
618527202
747554091
186903514
17324730
87777189
533999571
738251758
770256535
386394293
735175779
563846359
191757767
24096224
598523097
438286018
11652267
684864327
998931215
199883461
978679645
499299978
587354926
81934797
71579990
840380243
814260401
192111632
857321058
440471909
859173621
559558692
703234842
453404521
6634790
597760017
34547742
623262230
141814217
724381694
539621775
82006559
58902670
970565338
322265810
833635953
7650487
694617606
771250608
584463088
704478526
524894858
747166404
293584487
767258547
945014011
837997584
150635054
553644364
487777986
581847756
952752856
769061476
488750366
38596415
550735636
128300011
690325110
593707515
43886657
435971320
622293142
786783098
711527651
357160879
169033787
122100457
19576338
404210274
142072245
961760640
24039333
19349868
311218898
401480660
54891798
44882978
135608789
517329177
687936755
382341191
237476747
731314569
232996667
185937036
500068139
683287726
894835423
95160884
293665218
126984141
994235059
695679269
409904595
695531014
11229909
6482670
372173959
51323071
791612455
515495806
693963247
210753778
15811622
872797733
240546119
914794338
22441861
511111105
63798932
757718935
67747714
59368569
253178362
782630476
531833496
169056449
291371761
106899602
863851158
14241650
473997607
57463853
720824953
992800324
689611479
67769881
117063833
607997329
225806290
905284772
98162827
506482920
29966744
784568821
709720179
129978927
479962902
325670038
147920767
960061376
782655977
300218583
432734424
658696634
983045383
651721730
17933482
302383262
482988846
831219314
403243122
389506448
829902365
238998021
466352030
32724134
543760493
97406057
972582395
923184516
865979454
416114305
416839630
949106069
108581063
530755810
976948708
665843662
921287222
363448232
74471343
504217305
657558824
791788634
118160619
868588267
962063908
759997003
461741221
948310126
724564138
806156046
137869493
699136444
210275118
896686276
951077034
27433500
456406720
837086478
990679891
684748510
92589709
798444747
998688372
728668799
340647984
665652949
521189453
835019016
101226425
121550223
626075289
447708668
386777979
77182710
304951692
771852025
645693768
499495919
747615214
106251922
375211810
479073330
687888971
147348521
228894153
916401560
464330014
971743772
974840832
863941658
74701284
90586725
503829424
560695416
707515187
3421573
987909525
58800896
981310490
880567538
278702364
47377085
58596508
542180850
92318217
690119905
717453891
93335270
660157951
839078995
892806621
339048930
278659898
627547022
863851622
979182811
849302795
159414180
688503541
290351850
257353752
720809264
607116082
332435224
832905043
416016891
503248946
562843990
845790516
799053058
432995179
263542254
877735057
725920976
194323181
507890688
911776041
992295118
639172909
987318992
760998777
34958320
203814005
477183772
741595492
327263879
681758493
303941991
496795023
538744113
310889248
926446521
456775513
354466329
835731816
488624307
279082859
519988018
269566789
518649938
339543603
34897473
611185716
45566710
318273615
846913357
161622424
157691795
747190929
744037378
73122010
958050801
253580180
884181449
432515625
172218174
660813270
486568725
94108425
33611706
440770109
837048810
83581187
828780504
946766374
948847706
88311475
842826546
667756228
701203552
829310251
483067510
979989520
878336569
340299099
969450974
63150818
682218320
797755004
818679523
137541246
775025512
868445482
832153515
914134766
452174818
658397335
19015417
599344497
164671888
707985381
695255013
890001943
398109197
99048182
427857105
781871525
780741578
141982113
37239135
718718609
389606950
798954959
543946811
365930254
115717078
859442390
139289248
780443766
911792713
971579207
487286937
520500200
325250471
262070574
508218253
672839153
423657649
90728515
649596173
886115254
563670927
854990375
743801561
668359430
730831014
497392066
209323925
158174058
349826599
756329083
127349838
803759864
675966579
970568065
327615106
401085348
781925836
101771976
165688732
544038692
384578475
838342777
404602996
40702894
894166075
730598402
608133718
6415074
763584925
4909404
117690292
691671981
429342134
661173671
997861432
636699561
175577791
542036763
333200029
19940905
273399215
477877160
763155434
204536478
357762685
528583481
32377720
463347945
9507816
423069599
741759714
863020101
281015207
620596576
290865394
125070531
692014984
255695536
412696573
744772845
8521323
28881778
142848773
150429655
29632657
263465780
57330448
345518116
288411548
1083684
65443090
11600224
382393010
367654155
126797945
568060732
416783288
667121618
597369979
30926339
181224297
392914740
113835124
657958076
15973600
798867729
802802163
468010332
783516658
709159688
591738040
788355128
562388408
463790137
298100319
94734109
208392809
902897973
944413610
544673771
143196653
317901034
803292917
394305031
764020268
591179356
110365474
993114404
99534282
276283466
560160511
3559575
23320663
872156904
99053968
110691907
714582305
481502832
601229919
699124511
426603504
493109636
768547584
980887272
506019441
614243143
908418759
57034938
864899609
772478283
713885259
126655638
464063493
13648867
137253443
609252416
617015127
427955338
631671667
807989208
712367489
25340157
364571257
290284596
280385494
558746302
596997366
258508734
334242580
100881700
239289553
732272211
801153319
247403040
159806618
298450746
949362246
710333137
246325848
340534060
856713444
662344936
515529469
967984038
493032211
747751530
923697945
253520383
872960582
43439642
208318438
93025167
945622731
134929383
292289343
632531651
79423871
134126465
721761321
35554949
141807350
855625628
619437364
185476105
334070906
4175422
527656600
844808328
952149791
810926951
400363167
630643745
37908301
568979700
317121617
337099612
24795473
509649215
962151646
255742654
566147444
978735743
757893993
126766026
490849196
43472349
311725169
872930291
121292210
451514844
17260987
957196977
745836624
590086664
271900531
258928462
35526437
20443008
88739427
478156124
24129942
675578549
610130441
215078247
602866921
886016100
76982569
236375680
121148738
947048452
199144551
933694505
818632289
597392001
643750370
66132703
538135087
63473361
260186848
124550569
442896113
346382456
176531087
534284910
481664682
868046428
840450840
627773782
83722960
420327846
486325185
477100667
452092010
721648960
199575107
100950230
841556284
729498078
69394300
783788340
93333474
57607355
383749916
761489866
212058405
382316435
86963126
765726856
127321444
77822731
774748914
509997421
40269875
64693534
77998114
52951623
166397251
181029705
692853747
747653808
407958183
476556143
643793880
569869559
464974069
459176739
289472421
184286016
26804101
115200596
457996316
642342591
88222175
353647175
994282274
674970042
538346245
38738997
927828048
58955120
648090958
272472424
353354632
803154649
371979322
452421842
281876430
140689524
272260549
910629440
485269443
509132138
243405168
547492979
327593272
407783224
15117988
196829647
701895572
871335522
293105053
714686116
365706622
104739421
382615503
987652067
235436666
470455375
687744010
823932241
272829861
474175938
654476769
376002716
130282981
37261062
134610922
128786672
182230290
751802663
107986431
676818026
129571546
815140425
479752860
554967557
968917213
125960461
417344875
14484167
624857067
606935501
745421258
72556081
644563837
647270667
674562917
84905896
99949871
534529221
561588119
563910297
121832123
33757876
97397999
630509418
763315861
912507128
48279966
152120141
924881622
704444891
12374677
291527852
288799170
576872690
250601573
544118543
376946233
54926011
352557884
832247135
58388319
197986518
461446035
512742537
24191009
339402837
880381350
557017606
725780599
500405492
640092673
107709413
484304687
292439323
904529191
776851431
498398544
216459026
573571968
267952469
212377014
662388644
851824829
525947554
694225381
90680599
150908127
643796719
753414710
88162056
279926910
929829243
522644196
917343110
485536151
273924603
673529191
926735912
873579042
829768260
792986840
344598519
38087968
3889041
338215868
422651635
262177285
197337011
199107554
98112382
966014171
498523684
267534657
92294776
767253740
86193820
14608179
458581672
477682702
295910230
791360319
226749003
248361856
732241226
395185177
534665860
709728869
45537083
151658500
720389019
668697896
706948603
587129683
232473565
58077674
4912605
535607229
261874162
867726025
440952124
938707985
328310685
4044405
915354027
20397635
137420162
376554136
744204446
433565894
353017089
216189695
915598120
506019908
60330617
986096370
901438471
155331237
1830408
682502224
134467068
516449581
686191294
586747643
663351706
881682309
67871319
839235847
900589894
22715833
91645712
35414127
570537979
22681731
265402486
907189221
539607241
739200523
419805805
646638305
866536543
270993545
38369043
18004954
407969366
335120067
443549237
38055768
456826293
593920164
215871939
224504390
377527953
716496734
336294763
914028042
491866589
367138514
372790375
260567655
44139497
138634469
937077532
935906980
56633773
535614628
200620579
475494885
733728362
455585457
151798197
753395794
814060098
206528479
435441817
555492091
168961727
495380424
708732122
74663812
319117279
13344779
214257619
917076388
687432329
866327066
719632657
691478567
259758161
791978630
829024523
397785046
263432671
996932522
3356740
53168059
986106008
263734665
122580032
207080364
624681384
109120603
607768047
477008271
368025947
916790087
751052867
350200584
553409550
624288763
66680718
363180041
580041557
134996237
746535597
197061392
848524364
582813883
140953988
57978040
234741966
334640893
327987950
218655384
246490779
539625773
174443686
183375267
335056582
370840540
34413911
332186946
739085028
424446851
942220320
825705745
854290022
151239429
962447073
301927939
871157909
489714849
463184203
475087794
790372073
421197185
369775629
425916491
614840766
846425646
20157640
687389171
595670518
744073675
809321747
564133879
760013640
969246674
120029150
29932000
352518209
906963644
348891471
796633815
363843048
477904446
15974145
358740950
98739148
271610053
237989781
97295206
779017006
126305184
493364210
884493558
637634860
874637642
827887329
553273096
458128343
175264705
926450658
622011152
766553269
674568413
742509190
22193376
73073703
121284808
611920789
371479678
584565331
9164713
133942492
4502296
431573251
104891520
969431382
359133983
314688154
124273218
87360770
534372150
645389850
354654348
223018069
6086771
549231411
344868283
46977596
883225796
150849349
471549665
69713574
59988866
703164091
567317158
333306122
111742068
841165549
511430791
493116169
449825286
601154502
83917667
284651498
416743559
942866216
104219494
326146358
905003293
737892484
336231660
227308403
300573720
589744859
861358759
667133255
383613535
891408458
45716990
668164928
874658202
917875719
938521577
30188163
195869992
84300799
443331902
87012035
485567393
55481378
495618139
101861284
976655992
947713054
445183445
115762956
409954764
278912780
316388727
230141020
562601132
423835873
665909904
146786323
100485223
635056403
134802407
421057449
775416575
377642173
520556152
12438541
149313049
114627086
258679264
519791698
804710281
366485816
710267022
482058985
285070776
849275772
863527145
48692356
606694207
7471577
414957820
296447468
865215251
371860803
513521133
214489969
968170507
180372650
795374329
607429906
374504525
772344423
9303810
310177145
673791518
591166349
450466611
509984688
834979355
878779609
991022917
425738020
695642632
209965918
139235696
473153394
29749248
178795330
668550582
626915082
320450596
238622637
39868615
900536500
158297179
151394655
481224443
364666466
166300813
119633782
694374045
811344088
264425686
398653782
710411886
52422623
594838918
248280371
469075265
820798224
575709338
75958804
554757072
897585680
955318550
403942953
256382938
889380291
170085968
822408357
121900971
194815592
92321098
211080902
428461058
699400323
66986191
877318669
524505363
86437
355625297
992097147
976193084
146567217
558264328
272701722
501804647
389968955
159561838
881068382
595455778
743176923
449789576
307845430
791667517
18089217
543927406
930177420
589537796
289074268
393208993
865433376
603766427
205499952
266699806
636736005
639375933
947653844
418797851
611396148
718121770
605264524
906612985
805653641
925255050
648534910
637792247
95071881
309418489
676062262
580106744
989299631
508758572
271336055
645322914
90275357
126005517
164469892
854602823
19588660
797190280
580530568
50517927
798459097
993170892
875207651
578331987
948876858
122913963
846806001
303251139
476267282
183231489
385095315
520599137
247815690
894468309
449407197
44617436
709502444
227981573
586177738
498348194
901788536
391649005
92457965
758216776
78809775
891734352
627595926
512737164
314074374
861242255
208551175
488597096
597004791
47359865
252027260
334191570
322102120
865271314
216203872
413890682
951383388
291104870
108367788
884660304
317724159
596770218
972190047
498071085
138077157
131654979
815951958
477998784
327340666
478625430
119487705
569658707
794073462
281601641
613831794
831512337
455780768
761136884
312079553
907596493
806725899
881179994
375240447
433454772
344462590
253735847
729426253
717415796
827051865
665106563
390265742
992491571
221215487
317183099
718765359
831888045
691309894
900864077
173096361
433960942
447537314
874959712
313510488
137240299
13253952
410827220
386088288
996696010
408603601
256975209
642971762
270685501
349847652
775318573
571064585
837466679
225540887
13267707
574971391
37537217
325796868
692287001
190525443
777934802
724331316
709325124
74197186
870416267
79737844
250387107
64829455
512549256
706481352
201959404
691866610
884165466
739874233
960990702
935113855
87412222
514013724
179518111
700508247
226454831
88541810
129971252
472211546
136816051
620535992
313321183
22105664
663723934
607721252
69907918
44177463
532328965
456491097
480686388
963744520
37328496
77228228
590601135
295838819
24874528
876829295
800310706
527105935
702324456
944566542
931443894
241698713
424783747
551846197
185743468
484067036
356987589
913795875
60652741
252802665
576733329
766579471
369771337
965113294
594890191
690924145
844044657
144303364
454439528
32338105
32679761
910777495
117300376
818870869
997668559
317405464
504759796
667457662
517155936
932782176
958704555
826454663
107992474
46197486
275752173
682322046
95568622
432684363
151823196
849451075
254701766
793445100
208797761
372450734
440846395
67467464
786283764
156799917
759970111
717457473
777798679
576143659
950683164
384114650
455040233
85653747
4120409
613087563
632184932
128833795
776870470
804710093
77375585
796265512
188387384
821031935
937919433
325931396
117410741
616623484
54291240
615145173
259611708
911589992
344257841
752498125
876107687
218067740
161596894
78024132
174094888
398584080
821288798
684186132
794207803
141192765
886699784
797109619
869113758
583403728
338462823
987024364
251278260
958824805
759170628
901311821
38007333
650526561
397954001
961818751
335514598
813472381
828852676
937091959
181270218
744005570
30207167
237229187
313043545
112044790
34601189
512323304
576778007
462581549
68552817
796621152
83380766
770255967
64364910
31548178
992022774
809808189
908078082
378764492
27672936
282689228
135371231
786761799
887880629
607813003
58580769
834772433
115723108
574271046
974975950
725620155
83604284
470131401
113499700
113571337
964170201
12214828
444233791
881421748
753970489
174357817
194629923
33182084
808779427
116321084
15868034
818279504
956775106
922467325
836034751
66818449
125109232
861764264
39839977
308381439
24319420
41887902
859549553
425634432
732586737
58696292
888977783
747266697
13683210
97756613
238895799
750947830
137387861
234272942
715600214
551533380
176026943
480702987
543570333
326695288
48869052
731095134
41706151
21246162
117763698
902384987
196538656
86989385
653544465
386172301
402693397
507434638
622536796
521216313
641678405
756189624
928522587
767243178
11446304
898442617
851886303
143368710
735902789
108233852
658787201
68654068
280472349
719222870
599704489
975935742
22830095
305351609
539245592
125045513
798910812
204007485
60821646
688703119
134569752
181659611
98177067
983815153
892411370
310487006
137156804
455043141
276989482
307853126
932853147
768585433
146854120
784747829
990196510
940905330
24253859
984131750
93868932
330026346
345787238
579366247
553809928
518568765
21402475
62637638
138645191
456337002
64411979
960721430
867064504
299987150
752555391
155186118
355003554
62006804
760899996
608420680
19235831
723467716
850823397
65910042
212692992
327852116
32421960
765819603
370846572
972123409
993669467
295577497
655451865
986904544
577754939
810950101
307277125
608284178
659856665
694856092
682629087
150599877
920248672
953638045
308836533
101737818
248532618
666585314
387182915
110548719
126282463
389737266
266538646
125391003
846768814
950677950
168839762
515085004
500665511
148915768
704805934
586927775
321624489
370398927
871956024
512413174
781219374
35743221
611868903
316965427
870188463
722705079
875909925
843363234
376965858
386193073
562801264
641775754
864199487
239191323
96435626
684576295
581417402
986470827
809033634
34890086
744174179
325459932
52346106
380255468
69416432
103722352
342830873
348264725
998854521
236261204
321227128
820893070
713982645
19683896
204349276
470476307
873310883
263382540
33581998
937594107
789533829
948734630
120521478
87417309
56985067
177718320
749020836
952988403
521124710
862570254
35216452
175985217
342126274
849873592
802444583
632867338
659385896
813227794
614862256
626852410
996868186
497860105
566214778
406609459
306220925
15091527
291465018
618787629
738004740
522088331
830415245
580002158
605927044
12603946
300732610
46408456
593243546
604516208
389182622
303720978
157084444
324374936
463376531
768042905
901092505
399053740
167923188
992511956
767210244
191052697
148145869
798770482
524523889
122083549
97274125
468683407
69451712
323140384
568515465
751189075
553847087
898378139
450411120
736961381
695205301
625598751
37214255
617277439
811469451
645871738
704269059
151913650
426299883
190341647
219830616
264890874
548963330
536784043
677819023
607817980
246839422
936227781
961711912
28764682
645441909
886391053
839767506
548962003
158508188
135066419
994262789
890557180
170565510
516389657
66555723
898443079
185992093
51957625
971314197
23648265
204253608
491464441
267784356
308594787
598416277
498628440
265616598
639649497
806834324
81430460
7105373
617502443
276716143
916551672
802528475
60378692
438184352
212587618
448626725
746115626
465402729
778557829
633207914
668365714
508248102
820670548
887485695
806575270
774830474
728078879
236065920
752499659
845095162
896061796
62146847
600418820
370501214
12090139
372145295
373786215
583919773
94521717
283533345
660054632
233496862
285351571
42425322
353352810
589001127
354857839
881636096
551011104
401862926
498227913
229848499
790649024
659485082
516972813
389065213
149048428
613814438
851751623
913157324
551493719
30207263
785889978
438200647
554380207
500969444
312717150
890107404
341766237
933727062
321872002
852626211
363426636
691394782
30350680
246631366
320073370
233294511
753784015
904431845
742972184
311458903
976019325
424262758
134331327
310110869
468338549
959590636
347687948
694253838
697140946
248283813
653865272
136460739
976342848
30691972
368078759
238874873
395475747
388024992
408210890
528571928
521462808
534503254
915253037
213466269
93949890
286867415
538965521
693889351
789157219
657094335
615342260
361432909
398742031
75238101
865404839
360374437
591153193
199913042
204304300
359568362
937878831
245437965
669290882
89210641
455308865
690192704
975367242
814258289
87138311
962254384
643142112
88575637
738609021
598272378
670255373
353102206
93519976
32391936
77611966
386612310
717754255
39310798
659192647
7121289
192567284
148279913
53253049
615576557
265315635
804228919
954937685
148799102
996563764
14195816
26003426
146375213
399331020
927858759
400447738
270939392
954843872
683630328
368047556
527723019
117324925
583060042
991534088
330132336
432783704
506179106
733067211
69359899
325218169
124552326
948819775
597570957
25081802
929100004
474005169
876498902
395865605
425728717
366826272
865148998
389914750
147787898
924819365
38439595
823428462
2365746
814030351
628669451
139024730
837224529
620164443
144617853
44077807
637577113
995430657
768789182
130390903
102442920
113214000
832156697
545442375
21773948
507498903
21917463
748959346
650624168
894813969
213026503
691525753
85116181
619815014
815963654
161427410
71567732
782610126
811207935
44863733
482324425
144203714
26493311
5058198
924307065
233474328
343300838
842380081
174674045
165490001
547771566
38734045
191433737
263822909
564861717
117565023
213067078
692496964
388650617
778412340
948237310
865731694
250112732
980097742
34381957
708948461
689190886
75613428
789679860
173296414
56903673
340618795
252182123
489609757
113013929
157326535
545526101
953110216
745713007
402586530
91982966
495258741
3541261
814032437
450406222
933905706
16956935
788946079
709886053
124593054
987116784
356911831
336846172
456025028
99080093
227804839
133067438
743015699
808080515
163725196
535092753
760671784
355470648
517096086
149769075
847155174
687926795
284957138
390155325
882524004
69381289
4948264
137582993
59701947
302793934
764693787
343635354
883404195
649397523
380235425
349100074
259050200
468573687
277766084
533956778
425149
981706926
157243144
387792354
780394499
997600520
672529665
850485595
969134679
505739938
923389491
254414242
973249172
42137646
833770217
553228475
66968030
525593791
750919845
2847630
959994099
456804762
714822007
635253936
559320154
502014334
393164279
168252314
780133221
781157791
88222495
107756423
77364226
669946766
232669012
376930267
785504474
351543363
619185492
598713831
975403269
415337176
262030392
253547901
43160883
25996672
91724076
564014679
890520299
917140397
720502652
194482186
867843351
1741929
363187167
616666228
49395602
149835170
690784361
31648600
56769896
579342309
31430889
716261523
3384971
417096774
115047244
964039519
464074719
542497978
708623110
774669647
145554304
680609453
847749837
892862908
955778138
834321187
838262084
874967383
135262679
397479799
218538252
73807775
7001088
574378774
787785457
397970554
85218731
163584487
513112370
190901128
595453222
6471941
541363997
374578096
538076137
25500962
799019531
424000233
391397542
561200580
364862957
168370876
474130208
52991898
271165392
472677543
791310614
627676870
392411651
140950156
559912525
415514973
382433581
243077135
387074063
72344822
587815350
121310850
80925364
790918840
161454911
751593651
606053745
667123416
928369612
490585933
992999831
322585444
677209096
533920331
769024584
65681307
287180057
178134252
495532112
584118585
237129870
36424837
2543832
210536827
121275908
745054739
431180074
917275157
890155952
458332521
444696798
748312689
905671929
976020487
558180602
695623033
196696686
344395188
651165972
577267486
131907135
31764647
911265095
834870528
352878095
957016920
267193484
234324597
176225708
619415349
50629277
121126837
907457667
93931260
326900835
630431115
228746820
667295004
555942473
263727356
652573407
948361259
956532203
67144593
440171950
132356287
20671119
96573564
173279688
804718230
174918981
609531103
381610257
332689683
467322415
52901195
456305474
684762502
45561364
154410650
22875838
305537935
854221255
870910277
14641944
543942519
506544059
67940688
124669891
827289265
256679248
290092622
425033459
13556335
106629193
104773022
401183816
658822178
714824159
141150201
124226758
313557632
308525329
948997308
819783503
863973441
64007514
958718136
862373398
889888921
618075023
957271928
498592311
368996758
288221640
327282334
744052833
795605137
905808146
529134343
409463842
155818875
644148608
771389021
441725597
138713611
161563469
936056755
348516122
931798003
942207804
627635200
392291720
179140759
791995337
745005636
194712725
209011076
905165041
182471557
99845202
956510275
66379746
158272953
789542574
166857876
823676908
925732971
885524188
34476150
44331701
481857447
423080257
578852490
459052673
811071944
333317754
8000953
561172026
234208336
835392951
294831043
626229098
38279028
932267541
110974440
80581236
428551244
609812013
822330393
83116688
456875388
631327246
654278865
803491163
236985436
961645127
207336578
160747732
245096389
887207979
135109705
75284988
710055098
410670555
557724438
969912369
320149165
323529112
28548414
467265779
524931574
188559693
735183736
41070384
230697472
911092382
393970249
26097208
912145477
803382061
225384041
753485451
364470431
836734891
90767562
444219357
932342473
723752593
990436883
112668558
849452453
841865432
562005646
338066232
773929774
722630952
748886348
28203380
687914721
783504624
999243407
240830886
171752122
578083331
325818066
441184738
908662538
737619635
65699395
448460747
95896723
843531669
121313363
819007558
61411045
480890073
239066009
77513227
97937892
764128613
718455737
314424220
64608603
1215758
572720269
282322592
47929134
643920248
880492047
721346044
502079785
571378150
169676791
248865145
596348120
195237722
146379252
69129461
420691881
677406089
552640503
898058719
827420126
635981419
461615215
323599739
993234155
328153232
492389171
844268924
720430634
642331331
261046695
732414468
658608645
18034777
543849658
446124094
35526393
34074063
249457087
848871199
280743786
349232071
376361789
741936187
714577999
89698696
846691558
333704326
84170146
586840373
447290114
138678930
646666094
618765020
526618200
616040074
121472943
325959697
937530043
486239715
119250114
222622639
324205788
162554722
983389448
654235236
88542230
135318239
450732724
454945417
159628287
238047136
59352037
17088068
449079754
594755347
954870132
888073688
285599261
893103342
751761235
790287591
225148264
69289950
458793087
194687576
19727340
588122572
107129665
227925727
749599785
954718018
386091409
317910032
44979493
200888045
718122878
93948088
196907676
745381890
191564614
716904179
282345085
478756476
494454634
109086965
333542865
428652072
121565318
80569862
806056450
751274315
41999540
857159214
65110899
436681471
963440277
714693041
555138969
421788633
984886908
539767747
489044723
935227157
237484632
981564817
51973672
833382544
163680436
760388983
242966179
230191809
15538728
519947755
566116023
964567739
262453899
626060243
920154736
202233684
332734536
436688543
741020023
146870036
676722499
760840496
487423646
474927338
684075220
683754808
980849052
188916956
992372667
931233479
902165933
641235583
305175745
918115704
690830181
816662511
58051997
106980124
928168772
885133252
961455678
261888381
614070972
26773567
916715995
557960888
474715868
156848082
19407764
732067422
453734748
756369569
833968898
398971375
94652283
102849974
512972375
229323740
367491660
260903646
380401297
458661940
275157682
171869052
59651963
325895563
20302653
955573370
761694533
409678651
604629440
184041517
647678380
200211330
217360124
278738317
81700120
52407771
162814595
561896169
668528626
736548489
323391766
233239227
929548905
87916670
12581014
743847179
661341569
164309833
118688096
302659351
367329916
64231569
451084238
788393740
357797454
430188521
460497659
334812792
888962124
804883515
624181738
538335111
212394159
900678974
292663045
477218976
91492717
365957457
470302259
302089629
20915502
975485522
805147157
82866989
567940957
413377606
93123166
153262994
819551835
109324545
894343729
496208952
535364251
107559838
339557595
318020193
734904624
748205549
19825110
141746968
939818330
515784215
446485893
132778162
954075502
669416957
88524622
690850995
84251806
331376521
434337857
668011868
909663216
211435314
529327195
285109325
603814181
360753220
114271751
80637279
905264610
519038593
424306435
641916858
722901607
455992408
274147697
861692175
283177053
31329799
653904122
483520894
736622228
350196249
595341490
162529747
748790995
107761330
551092729
616798996
308993348
33321674
523494829
939679658
9185613
930589768
574073855
635117453
476796769
2437697
733091190
744090978
996654690
631617115
189233483
567733809
348082024
728298481
809092483
845272120
669063531
229700764
759240334
219316942
727603731
98462619
339033426
138017089
737812577
29130389
117218975
461783277
411396611
497686961
389061706
943617745
151066979
317766839
807782327
111473417
616234496
271402263
719599651
99279316
939147979
569423443
750526708
90858642
993485288
292833232
343696652
20554427
212905827
194185189
749575094
833772862
35753816
591211460
349882731
416269171
608561930
263273152
716046608
532621843
6948283
232753327
264966626
983327633
413522153
24798468
555949146
443432470
353041463
943154666
22114045
324761511
374825734
131802752
221788837
992061574
414416557
126584465
190373042
120954977
393033683
894086860
693340574
856802851
264610760
893192775
490973843
579797998
397573380
129685709
27971356
200838359
915790532
56935050
283522144
829908426
881170890
914734966
927529833
738199243
188643444
274073704
581885782
301578479
369029963
758433641
317779722
958531000
429084589
228828673
918138218
110918669
318743784
160413385
944710014
460793597
603536922
825089309
446213711
508159284
532391071
131882101
79216472
658229969
786440991
754535381
340645104
918123563
186140345
452479344
323273365
738974358
377237846
65308168
44359363
165733463
747545721
776235296
104029459
510504483
112772548
254343707
529190179
546813672
541900927
51237058
117916576
224808329
456414418
22070089
74230655
127895474
918759965
229223983
217584358
523768495
108379568
98677620
85394473
581178594
885026246
32937938
212788289
979112388
249790371
11664454
775514632
589438855
922287977
36295015
619918658
86236507
990547817
940312841
218638951
335408783
225068610
46581481
271591780
762123978
127575990
775406736
138088641
174677418
593968773
656454348
402292279
368163076
284681842
716297238
458935604
81876808
262431223
970167381
920329485
751740946
722728768
374088673
56926967
66278043
143487303
197973189
668694509
85774050
39810153
568338975
644698883
141407812
583119542
257359768
88807498
109633306
379026500
648793659
268501464
188421160
842641275
913141267
94771413
119502868
519865774
61053108
730191342
60186770
492912602
795408876
437585498
499824187
537781025
984012572
243540827
342093448
476982500
970117803
586907778
676848500
106114198
962942939
705025457
141963030
550096217
477919023
756677621
133568312
678960423
87404757
28866065
71102699
117715990
933955686
390519336
770774690
810790445
427680272
539709457
80170361
84279070
949767711
123820495
894633606
770530885
675330809
174681822
168236176
859167506
595616913
162083793
898238288
98190209
74632419
950761140
95405335
545549745
505686774
537017651
906459221
873110704
941683943
506910633
925702482
227684022
46967640
592849209
485915585
338690678
295301426
649104218
467322094
806991656
843848041
833110496
809833554
124681641
365895030
12281324
249576624
246691829
369714191
870264147
690477454
553703727
594096129
929912202
736782211
618113895
78942966
946703360
752818467
352737862
358196406
384580663
534294608
231732697
249997649
395939198
27145632
526583547
604111080
763826348
127262662
296560809
570451098
956614997
904914086
446402881
171650256
66246044
220757768
872655192
313074177
315648872
156533351
809211345
171754276
436138377
855852017
617951065
570019546
777426575
794977251
220791010
299959555
758593035
101433171
431874032
641826343
889146009
240704341
13113175
850099264
516978234
61024614
267010611
236215599
228828622
677729729
323974632
431366076
598932116
23482449
754952203
187802787
698094759
66444421
76932215
896982363
675025800
564663938
232010164
439459786
5561679
466950002
636369540
152678600
714199705
26822712
362351673
891986626
570077475
403366321
341016190
550146058
607957163
355082613
638770643
6534837
528439113
555711905
71519838
377217191
189925614
207548230
767962670
531644589
328625694
823293778
50991815
220096469
251155078
121103117
196043528
367016783
372949489
524398421
493915302
544890868
196734942
748367923
780505745
358665140
64345200
890035467
301674998
821885267
343806272
148135045
727218592
988623142
634130604
77672344
375034165
772978163
78950691
489205523
648956560
922160499
543287448
468494404
549614517
801499613
118548817
572650316
695826012
719531818
558802798
411276494
313518516
432476462
464602310
465823171
593525836
534575834
579714390
794096651
235502091
38978277
336124153
195358663
846931800
229474882
23741765
526829272
436567505
17281336
762023916
548588228
305223937
124851716
615879911
383677740
107964212
15163357
357425958
270113808
426611784
704855094
961740045
110715619
203992450
31059084
908033680
35654556
635339275
185114618
15947251
126451071
542343433
853019077
301183166
351297459
340728563
425491447
723741012
341844991
602728020
984737151
846465320
310249904
821201320
393017157
51697957
716048260
329123059
223116115
460426591
125219174
419062536
216946757
752099943
125561197
388641986
28532568
913489207
58993815
474456209
705123426
335697519
809577251
695982957
656053936
770142851
319578554
702836790
525902259
482564495
702210984
440361116
652305536
151742919
575597292
143968601
685094161
346034429
969706174
52466701
92198361
393301011
672545740
698221972
694211327
631612530
873156395
72861050
181527754
632363735
785526942
454766234
223420290
276356811
700621679
541911838
994406553
702073195
137123570
423488337
262774989
91206059
4738550
183732278
914621153
912132267
931515318
841904877
400279128
538662642
695582607
973103042
982551325
473936832
746684510
702535093
521169854
290462594
500104906
69934713
847251399
517826578
768390813
18819504
597693070
355654556
426582635
904201635
858552871
105349879
338977222
520614507
40418268
539937245
483326244
2802512
480568182
139764367
18370784
232273813
67510840
131272354
673124930
211159340
122531294
801555436
338615297
288954137
106485869
826955346
227794678
619079118
567580573
613120374
261033836
738563586
551310107
229647322
366446966
823562070
104369717
608044320
842438306
299125825
901129495
618588007
373698836
332763320
615907193
444349166
844662598
152945715
299302435
25842702
767452672
830369270
447540208
313308882
199297938
332476271
444278119
219507206
400421735
65898559
408425925
95998949
499275201
561715000
710914747
178180001
327875609
723787168
878418764
298833800
439838113
470247350
952303539
96984085
616026072
233541833
943993295
112391658
183319347
466259886
82452215
8983007
327423267
312539665
16256308
782044162
240042774
671047028
595477076
109731129
467449586
641674685
364185247
385100793
979494172
249066062
191400863
722804216
451310032
781653033
97550373
579478936
657151804
329217642
231502914
941784268
509405511
450379110
20422467
790369583
647369429
173627463
442252571
504409259
102509184
515060842
334158234
78077961
432455143
582677779
255699462
183182841
105211025
790634201
912078639
953791083
37515700
52264547
168176688
679549849
13365982
921351951
393340709
91520427
23265785
143134805
397044751
646809353
184894343
778412270
296101313
513246683
579281835
183038964
322214308
454324033
393907129
805704352
862043163
968364312
383348194
355505267
132197210
727449813
258748279
673926463
104026586
4903288
498706792
74983572
298488754
40335539
698471447
334155808
611247324
650790706
96044823
130246228
149502847
949533037
305422488
225423414
462964377
438586725
672225518
524378542
736026219
83666405
291177096
972689340
934286012
611444904
256793490
398857232
853707027
836548831
226467866
110809895
662640170
332373832
275247018
581024977
227851742
955178422
314754991
100659980
913502593
716493273
17493053
971581385
284939115
343446332
207885035
555200375
904323003
66853249
146777349
451320785
933296433
545925791
807951118
716434914
88495495
981179940
689827173
643526099
421556408
111899315
855284803
880938444
841791877
485933397
275899503
454857650
93105539
7854865
983735560
916766876
154838387
995830190
58274342
854441768
983864193
558105323
23133925
791313996
80006133
75818757
836947437
353268583
199001017
646350459
166569250
327025933
944109197
885843081
638323154
70072612
842942581
755878013
771603996
179076325
310179566
173315789
140413979
997172558
744872480
142034944
479581055
412386538
578305715
272187978
816782419
547566995
372320673
454226335
845002102
718107812
150602286
146428371
25636526
952981127
204741353
746785237
959935132
88303299
600178914
314801424
40478348
563417092
585833975
426945277
642653757
934070039
748708292
910611965
496118386
465990927
10423943
621532237
420335677
556603538
212530534
743188721
104042933
568159598
445435451
142196152
86304163
76732089
884579243
758412731
639145923
316743592
620104933
899898775
317342374
396332232
602683547
452982997
433992368
603821343
445886536
654224787
671127226
69594990
391815038
481639092
525260419
644814988
893547641
926946584
751415553
600240879
195782994
665357757
335115871
664932341
32635822
366562898
441559828
325048838
292464967
634787940
394857610
862247923
161498673
44895622
929571337
310104278
912994253
742059385
950281200
751985893
390885554
943890237
391970610
400756689
249015402
79030696
610303895
103719770
330312001
130945691
619595760
869513034
365089370
816648642
14853167
899956689
251680420
896400338
261379490
597397819
457737137
23646768
914940340
526814880
119758793
721952133
886574204
675756375
315460745
279190730
758796484
77261216
627613848
32476835
956914654
23030904
830829931
706450657
891974944
41005031
502868823
509129459
86960742
888423191
269237246
332644914
898536576
475631792
50526578
411829092
599649254
219786552
706028207
733400611
499496623
843163464
623304775
127913948
705676528
32016147
336986077
39359852
543004566
1524360
972652631
362703643
165010330
625233510
358634167
364460825
69689255
331700556
333110523
285137892
473831613
391546660
785693144
210162313
907052248
664665051
640989812
148047239
880286407
207168764
616040280
57404104
432136728
721136441
241347064
2292860
197140190
98908652
29353936
98016376
183511280
66091994
361753378
746676909
177209593
786480856
351459220
912945190
95192759
474484260
69559763
287037855
134609186
418671060
728723739
710426540
136983698
943924681
33632620
55002513
793315846
77888674
283193168
921012760
333666087
507206610
918020099
59386696
625193624
759541908
148549215
461600811
862937773
249309678
44955620
497874717
625256017
836507584
287388441
519862365
619087823
628079716
671442826
406828681
326205789
710950481
733111567
443065875
652179346
405429433
439021538
108034612
904491471
267401043
635728654
499958368
264616988
83303891
77803135
616900951
670326420
688346942
91787646
798739330
492767778
603404109
416989975
276339182
150664902
150655292
351773158
722860283
67180110
513156144
569920878
268069375
507340709
806637769
209066130
891965679
894451180
104255556
27852415
892625157
951270213
423473211
764234000
516878374
44124592
74053560
594818967
375476032
680804793
892403546
702966803
294000362
424920912
40156104
168457130
101905258
25342044
146182663
490203883
843217803
423450208
903185326
560179980
364326432
271679082
401158554
724707476
997034062
514082457
85170678
153945963
343017732
339593744
752810115
522564129
185712913
543819136
182064393
946866085
391035994
347961012
30306375
630114807
720164829
515457810
672876684
329445080
584612005
465693445
72628466
537917724
682081864
250694895
54022625
610557906
125921933
819810595
953864594
462483860
916372548
498180896
896628964
995545518
302720029
177342700
90888259
795967122
967304140
48695163
544975543
703852623
184805125
46038076
412539659
83948273
25614736
711713353
994299706
144489228
360292486
67634346
75325276
491222071
118484871
127676046
281224827
115132330
566481463
241518110
123983643
472854049
563194637
936186438
16925759
877912971
128241074
748887863
98065021
958335612
283635438
386472533
64646764
4497066
410001390
664669799
683403527
971590838
285626002
821958664
310951419
645307833
880175052
942546496
878598820
484458621
327447580
80055657
641001654
826792598
904140316
964955980
224696956
779905622
980923446
456048060
872974575
530161632
419407904
410183549
265649163
331288825
918419682
164190959
426819303
167649873
895397465
992373494
71091632
536068070
93916535
142397129
983796887
440984125
536051732
23530447
190263457
288574835
772377791
156446770
211561255
327492436
409962771
450076690
148131589
544291415
375745219
619075277
149427747
93937282
766558022
245626633
253026206
675591271
249328838
511755461
807476041
212855689
336687971
895636644
309165890
467640330
898912891
505198740
124553868
476732349
56624606
971602823
50072344
751441311
758930034
280314383
439719575
511295224
340975249
17261587
566857548
811236307
398921812
167489547
497981164
384065948
898186248
717582961
841359021
275363236
701105243
867628387
53486967
663392347
593779785
381825392
818136184
442198676
270374955
515821616
416679460
386849284
412727190
538418119
633990706
778854726
516287977
879227784
697019862
774403976
9234031
349088511
324881502
908727932
838170953
476475902
92344016
543198734
230736600
546996003
423507824
316100169
55479522
577235146
609808740
296964789
979455408
304154098
781600577
980024538
601813767
250117970
547126406
815111517
299104150
470452786
55525361
68208168
629509103
597974134
954434196
561606048
468798382
435822438
292902394
676593548
216969196
242296530
600477025
560726219
144613691
566520311
784484819
44575727
290986759
298314981
805442928
508943239
815321575
632481185
702729334
73897236
143630380
125433289
349988565
254281080
521162542
194966456
35909801
714059329
766069962
94690032
809830196
192943370
311157310
995541631
28639681
713889852
13373079
397551877
932764885
989372212
279367759
519858360
80572779
67712614
669173190
451790322
913422265
336660190
344939058
364017704
588816530
32906847
528088310
940930476
769086526
54808385
126711978
603456420
730959472
394454407
751039141
567721784
728698790
106765408
610679750
461566713
50945906
413486920
461314260
12622100
601678743
842998392
439976528
994513080
45904496
483141367
894594127
451944949
536746099
36537606
58233613
667826095
364699492
581872052
640662955
696980619
978413842
605619651
291757658
934335405
863614875
514947237
371585264
376986797
282655543
935176105
341887848
356052170
874013212
402997609
133479818
141012521
964779234
624918517
76121375
391211606
369947057
84794528
12623087
519647520
223829310
70404777
318686576
163762220
28554440
658228204
949525276
798488471
223023834
844102658
572697746
693451010
703790640
253465788
458616525
568878514
819955566
786621429
510083718
874554363
701880919
619570388
304827424
685041613
533280853
688545424
79131594
401054612
401685895
803483475
551945461
26806088
427422586
734758375
747912985
697007025
705493084
357331640
877122381
672790743
694496623
56624607
34770616
48239194
634675292
158616096
128599154
378397350
50347485
366803454
213151884
76127864
94791029
332003257
801303714
878880398
333402248
513499928
757633805
150576543
292306898
19290677
753480599
611411019
493830561
147498105
783702482
515276726
971031097
643422374
391355166
131729745
117298448
43786222
33561412
962065150
543354347
230732308
489302415
776038342
552250616
76420548
601191858
365453020
976774078
483424705
41556713
307951030
342166180
184256929
249069277
686900579
808842471
898115290
431816665
848067462
95840665
527608014
151540660
59839340
269575843
328499226
97349354
961722428
562090869
422708826
973103815
791122650
314701500
431854989
752406709
925740582
824844781
291832620
520472770
499820609
133896611
265149066
938562753
388069875
437666040
338615268
422223083
7848720
48607116
865402756
718822259
213766716
72229387
635457064
614772333
168764170
313272514
208883020
990350389
713449256
981066729
320230593
456680947
528314766
445377591
392619243
255124410
469852056
664611703
680576926
335677922
244655884
991400948
357967656
833059595
706173702
642193039
433155228
58358316
247738548
86533611
753910881
864664757
85611274
598968506
93620156
982004618
311062552
186274908
290709832
225452107
531008307
366655068
72657171
557486240
145516659
89460167
95434424
426044709
922357661
168788919
875851424
875535446
763125950
182216470
906181791
203156459
472390770
11425734
654807523
837231963
120918460
165844361
477322696
491237744
471027281
341103577
968771788
340703160
99033279
668146309
971696110
490170861
76631859
959037309
38262124
199771603
219225522
198470728
158551400
3630219
247655761
474379015
927833466
98606919
825855676
81535800
773981542
113466341
115609899
917061089
65655442
971179654
762255246
278258235
201400185
249856731
288534949
399816801
201697226
978799887
579837977
940983125
539405545
737641454
959090915
756715980
636236537
25908928
937315405
182613126
398369814
732007932
123263068
560340947
643118543
90156427
599144997
952786830
466102752
930614281
368489538
169142692
551800478
42227597
341497102
290201630
437843673
768858232
7878715
519294310
663753843
340358739
265088379
135241893
748213173
899803876
594103061
81565109
63380431
249744598
967451441
157277357
856228418
828629607
9966814
320513900
389521212
39348841
977343131
528738431
753388511
92306199
702185107
7359204
806214263
530947500
68881201
127829643
107654194
979329020
861852249
242855533
31389420
859684158
396935877
645741501
51929751
312416707
653018332
737234080
857838543
635036351
686558013
36389568
12485261
508333310
500295771
439935458
476945401
754049374
793464847
805922531
982337308
59425700
995367797
40230181
812819300
145858048
179009161
820516879
14969070
227618864
233979328
248285379
557673956
102044612
595750322
793965582
706684575
849917835
457865662
856262412
55943294
83940972
266921561
873178642
50876028
56783263
474801070
758692053
832999025
594819301
30360471
672638515
204665020
324764484
370578534
263477030
524653281
479741196
661161939
747654494
655460569
39492832
58846494
459157970
76621231
308420186
205474338
585343208
634919586
706224107
637249244
406891425
512365033
475123733
537940861
692191160
416248112
387643449
329640946
123580239
36653032
249016894
992544051
544156097
293047239
95369386
523964858
689288574
657320705
525979969
482850695
333793101
31825500
320111031
192156793
502903929
914847844
804245305
700430698
945868335
62789951
475167974
895715624
421178699
161820797
156275781
608968131
549641217
25534761
742478639
95834229
510624408
26947600
458944560
127712928
159329009
670091436
968271060
669307975
147156530
260740551
568611458
13322851
189129666
767028666
843575852
981565087
591734111
913489658
949932713
107395747
349236753
725648338
868729212
272138892
462613579
225824748
116293849
214192240
720825068
862972160
707496645
801266593
623764492
700449199
448980692
33755431
435021930
248430011
132099883
76117017
93299013
494681991
518602924
798233339
238274483
976934740
306867302
873436050
410630220
927671148
912693828
467857911
617031100
156637822
119855436
446537754
361088080
290018052
341595406
157713418
332843423
503391016
667109246
154302700
196961267
510599736
905205334
694746726
379418189
617293476
662702768
280365079
8659543
946283586
17500955
21336647
223876114
955185886
20986655
123300858
650551932
200944078
895498556
111870191
735437077
84247842
482743102
711799103
690699146
66524304
407768705
221437536
604135641
127785131
43412871
987678152
589936980
659763819
493775039
647356450
338102641
260539127
393174554
586929336
610520880
401394694
722552110
895914287
130969547
281510
249402001
618192780
406849527
135131251
936677794
544655295
739649388
661620572
220141350
452005351
164354245
306278713
270456117
389357975
97447023
546701031
262288668
357561741
971321039
221260787
561451193
180667669
338129807
19607966
455289603
964748208
772000610
133448268
509777361
130798876
13237941
775402443
798604884
977934977
412872168
259742981
39493801
617680793
276329783
539999109
500492908
819342262
377933946
569452638
562811552
954719294
230638521
233229389
560144877
921208428
114649709
652067844
98370388
878908603
461986945
888567648
114968587
132650650
269711062
780697683
5394944
643286405
64949644
661839488
703301192
411567100
129964527
484607655
841751538
363791862
901321919
26278574
19955632
176018989
306813672
973430264
560273830
36859990
65501969
165763616
263181189
617039704
264668284
9488630
281258193
79661597
845575795
237860443
135514109
534799530
420646244
960778882
270053454
699502202
776955105
553730374
848067197
512568699
618002556
321471763
132767691
953329382
475420638
111333793
976374643
644169694
714579752
27356529
408523689
605447524
946535489
2597168
547662000
782671096
27393890
515262697
15648352
50030503
102392601
363318403
253602295
35113306
19443053
999908035
895082347
914939446
203303704
31162925
660815893
249981256
368603169
771743411
689765500
862289502
261054132
554265309
409031097
331928726
580408646
377548683
170020490
359615869
590998528
719975836
709290976
453604240
200033395
936287070
980825326
807797740
647270889
390538016
940701326
314628119
260770156
715960803
193004970
903433132
598830423
319353616
266337580
683024354
554809834
627591622
994036359
181753993
752399193
137571221
275100851
82157710
712549203
628393782
375702447
173650260
612459107
889006988
894964885
605300726
339511241
198149078
31682278
458522492
34587469
830515534
785001464
62769905
971176591
316900845
525562758
332486676
590241152
166633942
103572413
534379629
169873074
4330105
805571569
50985230
78030484
799057835
130137186
69136535
45134719
587990898
146998795
554468169
807792726
54492913
933466559
537654139
264478487
464394609
366205688
754587567
170758874
929977721
407654188
19264071
117047371
144088462
751729962
406729081
724939556
534122411
153566601
101551650
268775291
110565382
229660295
223592806
807888790
364353715
448159039
510493002
825754922
536443435
370486562
422028663
139710991
321446469
310649641
906873049
102468993
32382350
46873568
815616625
141558405
216680923
901345805
989061493
103208692
545701994
212943607
236800584
548609407
540587330
240017151
372067514
10832066
899825365
73701156
672888871
92427946
103013869
381362144
641574194
9779456
668052506
762674448
262879936
113681032
191944773
386658781
239959588
93269107
650277218
761664810
545572628
80412894
54004728
446129805
204414083
373305682
302931076
833229574
104319453
574917221
220416019
358371611
101090782
16474324
311866773
215322618
800853329
667833581
753844549
857493405
248206848
385879052
166606752
135380881
337268446
366408177
228042928
75725192
884124597
637848946
983135903
359316221
556618779
130930239
382132003
578058966
320927444
16705846
970455701
798072755
714837522
434317887
784197270
788209749
332701587
667289384
555223390
714701779
900680094
956186886
187616079
355485241
21908148
387631563
521717413
241326593
875503470
483317545
785312264
54287074
945204761
575476473
384135947
244485338
572232200
891770118
228189684
409511531
411776722
995075859
869318506
17299232
485141453
674384639
407059844
656731776
190330283
64723632
89049805
645200986
287306958
528960217
501258825
346547845
896741581
777969481
669265782
209001066
737801217
894785074
405793869
892962068
827005696
645979210
568781601
178576230
119853358
217051851
22373579
436915285
80511644
736111760
400181833
177408958
134521997
404418582
857955348
738320308
655406638
567009076
301086755
324298081
752336117
21280318
264766483
825000456
586809975
224761137
135707813
405848450
588982568
384938920
446382779
491621407
971869995
103584327
291760048
181912369
300420729
344685206
185577802
975890499
442311094
579398690
975165509
183828429
367105270
236273512
462255415
639662642
46754512
822014883
209135715
74797349
787598542
812748472
651111731
415262627
738951607
551821539
285298659
797162937
118631041
192516407
429404298
600334910
617082200
579565892
871841397
274003577
233020736
358669842
245021913
19678385
42809780
767450526
380806821
287596010
254510694
44433222
219434971
563320652
337473367
31233902
303623535
999899542
502786816
550358059
442931920
462316857
22045854
387311761
964882912
2007864
801118153
574113553
745822891
529002064
112989233
554004961
985798079
587813362
611436562
81630150
351706141
204846099
947188204
140923346
412485691
292150926
454542716
174602081
118151204
543478600
23977228
957027546
560363303
155142303
711260276
729217679
75277743
634391637
840807024
720904268
143367466
319362795
340034279
431824994
603037829
248065854
50332476
411573472
184035591
965632650
776714373
946548301
790755707
905068787
100057632
259335962
474824648
426002073
34954152
396579008
748877227
376996424
954128171
357026393
746748805
862784357
705817504
624921259
358395955
838271948
817363930
467986976
692841995
467950726
29432567
374055116
671934900
789402718
558707396
65718774
17695889
2623028
226539521
823202949
684081812
75917086
63786029
287531255
253527894
5188820
271503291
145418935
281176254
887742512
338497615
606937821
572338112
952152724
131234004
135643079
8434523
32758378
674463767
34724646
866910564
256182154
873068129
336854228
780668103
864380122
683229902
985900456
182518283
214305190
559175057
545899214
548406469
981286341
72892606
742788770
574744725
237409914
888723314
381966559
54620318
155253644
754927837
651567407
402654819
63063459
21403529
751132770
805418174
774039186
748070695
815459231
950355087
730387789
971647965
978298719
524004094
921675289
855435009
286654491
545226791
263820070
519345841
799427382
251617439
528758440
664137456
1741991
52739135
34417853
626664454
6346246
202568377
859743605
9331835
247603784
641397361
656735512
45607599
171378157
230337933
185595623
234321142
264134148
331558969
568885246
323794056
545454630
771092232
884317472
25069975
950556911
672903487
871587917
392160026
818178232
609708655
814106678
869284617
147188596
570748527
986537804
743859131
683585580
836195054
897526393
623688308
255810723
30705023
493041615
545409532
535575417
65360011
54337009
990301070
746883874
978836549
826633389
40597743
25541420
322270912
19334910
399942985
385220625
707124461
985604302
651819920
776389999
723065778
541171897
450414116
763847927
856556035
90652120
835867241
174339956
808251589
195504765
535787306
821121685
561291478
651409219
307006007
11446132
255927057
557717698
644599875
87660331
23321252
431840847
244118812
788249906
480645614
944390699
448079424
936726930
271008941
141086266
129357234
424921031
891501977
422777463
113457882
75684654
43744506
22067357
854523154
557988381
222075825
761546665
332402311
603862945
67881867
558661326
49092235
481390683
413610759
94307999
266873314
77442511
968968505
113805766
697119143
669536561
498180095
948354293
777900545
806016639
342063993
345217225
75709640
256927420
384917125
329776348
72731382
85550527
648121297
744682467
37913192
452967798
107788879
316291144
796898151
462637266
198450084
206650869
716022479
335174771
867345895
74310563
17806815
963662160
190772913
549036772
803675586
31393486
527621323
639754976
145488473
900710069
501372006
574308124
24837006
52619016
948586119
569158812
786061345
465398926
271857630
688622216
141272672
84937685
432556702
720930226
758767622
208003598
133316144
349744555
908052184
226782844
439601847
438433383
688674947
206967450
831493223
882298997
913445961
591654348
601646669
53825808
725722448
167788470
485952584
944247561
597726469
604975454
793030361
554800348
895981455
729652565
992534710
179923335
387182781
596567948
53558083
323137585
42690929
421907050
642129514
380615831
780548806
949694311
463978760
523415719
37455896
641162840
896300350
237769538
920582603
475815562
200910179
61777325
476718100
489935492
94530119
980031835
547807808
526734750
659725923
476712282
112907438
40255029
286314116
693027961
274964130
963190498
832225733
368774116
87715313
270420358
105095124
148652633
570524244
621615375
313448693
518426343
850398491
45055241
507961216
706829336
943165855
916416372
756605322
116444235
417352420
674780784
72520580
982626457
640251698
737064203
185683251
793632139
231241427
522651474
182382439
288586016
48645915
984778501
82785739
115588780
870864507
636591582
838513491
524980180
374808352
297612271
417102367
270115100
24411494
399191577
620027836
108326605
540599789
624142711
104740770
975251790
407543302
87461110
76218292
95495890
914011772
38757761
787687166
397691594
225595370
616995684
674823124
983486441
270664367
278971905
754892632
121752330
731330845
366934049
504131924
92915825
819488768
291437522
602122671
221116494
453449313
424786419
53290660
697460297
582777533
67551101
126746532
945955919
2332588
702132367
778396351
693523034
273549883
98185133
287476382
196994938
280783393
575395663
206703092
913663862
271602669
430160314
778357773
992529419
386405997
257808265
381514977
85651555
735179596
270743441
20349775
936820034
42936367
865298715
61085164
817710984
515037190
95835359
836872038
812887943
776508137
903373450
347763549
430750103
714666965
486786622
833219214
945139498
144247451
344869051
66226685
180380449
755546359
387696091
165442917
595388970
152982516
916043053
551169479
834296305
171271213
84667844
293856044
775981599
604778969
433943104
238186533
573843875
723232444
787459803
662313558
352985134
704661916
778983390
372884662
866779586
305976522
418030626
631776362
2448319
284880662
81230758
695650708
393280130
629652500
147109074
521303536
886200121
783020960
92147805
847030704
593875901
943901419
911725176
107491057
889409807
902966915
927585109
250236833
693840084
536739549
254241547
747150394
396645352
440747868
48023814
433541372
544551091
755808381
68636087
151479149
410233239
900641954
511539964
303930922
77734392
382181694
500913605
624186263
142413636
459592241
878561778
696472641
812025346
467301435
757305321
878322630
905462766
686786449
198743463
590366280
20049534
574306943
537509084
260321514
131023653
128270187
367359186
430919438
459424161
90873609
522381056
358485486
606828721
414404425
621895728
753947740
979487786
98851499
609811842
520544981
947014779
346089124
868557991
48429112
781126372
600329614
886834
698529617
331106536
549926878
526139121
978268800
920523313
372245984
980817920
386365716
775796364
474944927
232542268
127159571
868174570
96810760
275438816
668101086
589459155
301643965
96360395
112347725
88621715
76370018
511166080
977910520
407590932
408255652
41444463
988281739
245260208
757060188
290894858
306722222
682948133
439818723
516599155
198130947
948251058
277476976
437268459
706229238
674896220
96552020
448244549
737025048
807991002
41672804
580541774
550052422
706904748
372241420
35497737
605191943
813235460
126326980
525254603
60421981
385634867
83638265
769135308
549696136
943498018
568254069
41934964
616076916
631577192
551118569
920934663
506670017
162362878
324285667
973125184
347023900
58904279
66508631
294146756
744620207
842749298
677970982
14675078
98634183
111962625
201544774
390646379
821408983
466453544
213237786
499243773
768372656
70798031
903401203
133258271
47195628
692697775
331073358
345601398
71435435
451626685
627249460
988012859
734836157
538708309
175043135
729912912
612137760
148011173
294107607
115102527
