8000
6438
6822
1820
7333
7860
6581
2487
6118
907
3411
5432
625
9024
3586
3025
4192
3199
5419
5633
8871
228
5931
8701
7556
2965
7600
4587
5666
8937
3834
7696
8407
9834
5576
8315
7778
3368
9760
7871
1648
355
7465
2589
7519
2148
7042
7478
8153
1510
3588
1641
8455
856
5651
1243
8531
2465
1028
3244
460
1711
9432
8365
5939
5109
2014
6790
2441
8768
6921
8600
8263
6916
5465
9161
9545
1127
9512
9912
4107
3476
7373
3471
6052
7296
4201
1768
7844
9496
2552
6487
8252
640
2712
6250
5357
769
9337
6590
155
1675
9185
1002
6203
1947
3720
7390
3686
1196
8663
3610
5970
592
1363
1097
4911
173
1117
9280
9895
1497
3590
5742
6033
9090
2371
8100
5349
3862
4204
9336
76
4389
3757
5721
3862
4042
5871
7130
3233
2547
5646
1271
7693
627
9118
5770
2021
1038
2648
3312
4737
648
2276
9717
2759
5527
6239
2295
101
362
1611
8273
3097
5494
9032
9039
2727
8918
2138
6579
7563
8040
5310
8203
4803
145
8069
2018
6296
1756
2329
4566
8100
5326
7194
9391
3562
6011
1082
4662
43
542
5453
6310
5918
8527
1019
7072
4273
460
8808
9205
8258
703
8191
7399
1733
5014
5063
7944
7443
1894
3269
7979
1156
5958
9288
9837
6381
4801
4151
2543
2670
4253
7504
5142
5068
9383
2483
9681
552
467
1649
6864
4180
2401
8277
8619
3467
6459
2301
7485
6820
1620
6419
5302
7473
9641
5338
2762
5714
1474
7741
9929
6130
1273
3732
4336
8049
9196
4808
2923
1649
3720
1568
8151
572
6607
8378
7731
9013
8892
9139
7064
4539
3185
3308
2998
2566
6353
2961
7499
8110
6682
3962
8268
9760
7289
5258
6396
3944
447
4545
5768
926
3119
1734
6524
1487
8905
2512
7035
9713
5098
3199
5043
6391
3178
5017
9314
4916
5665
2472
8220
7759
3352
9813
9382
7819
2104
9459
9233
4470
3023
3515
9392
222
9370
3649
7392
7273
6610
8343
6837
2452
2137
8499
3688
5960
1739
3131
9526
5849
2919
7576
9743
4805
4730
3179
9845
453
8594
7583
4300
5566
1950
271
5991
2022
9924
9792
2177
1617
7611
9927
6910
5358
9629
4933
197
9766
5711
3172
6579
2432
3369
5842
7672
9569
7434
2048
7397
1034
9747
7411
9746
2770
5624
7129
9900
970
3932
8652
8805
8124
8496
6179
263
3183
2680
8678
2929
1000
8415
1210
3641
3358
7859
6449
9069
6467
9137
3909
6624
9022
275
1158
8619
2481
8344
8426
1734
3211
2489
1693
6477
4968
3851
7534
9381
7969
1002
6393
386
1799
4299
4078
2826
8467
963
1762
3026
365
6733
9761
3884
137
8294
2461
7317
967
5261
8243
5395
1445
3476
2752
3359
9184
2747
3476
9537
2248
6170
67
4455
3848
5085
6178
5188
4163
9532
4138
8331
1350
4729
5878
343
397
3978
4970
6763
5574
9266
6890
7285
9569
4294
3226
5124
5454
4457
1948
3554
7581
4827
8281
2773
8431
324
4831
8544
2025
4030
2683
9332
2835
5520
6614
6052
6392
6948
6333
3338
5562
5587
7453
8834
3644
1128
6356
3833
7880
4191
323
333
5379
7701
2720
8329
3319
1140
8636
6963
5280
4298
6091
8196
4688
2470
4519
6383
253
5646
6443
2297
2065
9075
2411
559
4972
8511
7883
2442
8290
4796
6943
1989
9291
7538
3045
2675
9878
7588
4208
4278
1290
4536
2827
9242
573
2205
5440
8691
2409
2821
8819
635
2303
4098
5880
30
1817
5690
1771
8915
4194
3776
6116
5125
1484
131
9222
148
9844
552
5357
2442
7502
1632
5849
2632
4942
9015
4581
5695
2331
2809
3864
9308
1399
3955
7460
9650
4605
1875
5858
3674
9629
7096
7117
8047
6440
4102
8082
4238
7539
4117
7012
5731
1402
3212
9564
2293
6523
1045
5224
8400
2165
7480
2945
8303
2046
5507
3873
3651
4738
938
6212
5889
7668
4879
8816
2431
7251
6168
2531
4015
6320
9852
491
1014
4000
5936
1859
1608
6199
5698
9701
3455
9673
8974
3396
7179
8160
1517
4107
2391
8880
292
4296
2545
1985
3656
4707
8290
7110
3667
1172
1235
6238
2662
7490
8616
4206
2706
4513
8345
6151
597
8318
9745
1641
9537
4970
4633
8972
8658
6633
4725
7161
2503
3079
4986
7482
2931
8981
5766
938
6283
501
7757
1307
8997
4506
554
7397
6362
4016
4859
5064
8810
9217
9956
3216
8066
7414
6068
1634
3852
6743
8941
5150
8637
4614
3056
1224
2978
3186
4700
2299
6891
1412
2043
1826
5635
9307
2172
4593
1361
9928
9871
8548
9444
1930
3485
4262
3721
6007
7238
6384
7019
9676
4304
528
7293
4376
9913
9788
3727
7594
7201
4268
2215
256
6350
7782
9019
2764
1843
9723
2268
8358
9531
585
1592
5356
9829
2634
4994
8534
9428
4820
4383
828
1613
4605
5178
5977
8540
6246
1910
5766
750
1074
7558
4607
1403
1959
4669
1763
1295
7105
2428
7869
5010
1198
8432
6216
1769
7139
4271
3426
672
6275
4893
7477
4230
7378
6837
3539
1149
3307
4609
9517
6775
5461
6258
9639
2283
2725
3127
835
3843
9980
3183
1890
9078
1066
4403
8559
8039
1018
3537
2704
5619
7104
7013
333
9398
8033
1876
3472
3534
6312
3148
6189
9032
6731
9523
9890
5716
4569
534
5146
9848
229
9399
6881
3250
8537
2421
5468
8124
396
6474
6008
7805
6239
7880
5391
5555
6153
2342
3443
1113
9133
4813
2417
6321
2345
9954
675
6268
9482
7747
319
7862
349
9966
1391
9069
3731
7944
1241
3777
4740
7735
6530
1412
9598
6719
9420
3150
5945
4063
3694
1249
2673
7431
4161
7993
2780
1588
3038
3539
9379
4530
4208
5222
9217
3072
4532
9554
8530
7110
514
2282
3823
1859
2905
7262
2507
2174
1251
5899
3546
5414
6138
626
8485
8261
4080
4455
8574
5686
510
7827
520
2061
2158
2318
9171
5758
881
6325
1798
592
7760
5542
1730
576
2206
2982
8456
8336
6297
6196
7697
7697
9126
1383
5568
3286
3998
6321
4669
3250
4183
7214
2944
5222
3234
2000
9481
9285
5105
1241
8206
1503
7739
1449
9506
9691
1302
113
115
8532
842
6519
6361
8839
9911
7410
1613
9648
7692
9294
8240
6932
7460
3757
6293
6163
400
6263
2652
6516
1590
1512
2205
269
66
5837
8837
8050
1575
5412
2330
94
4804
3616
4291
7915
8371
1987
5242
6605
5065
1695
1357
6621
6068
1643
4735
6346
3823
7492
3241
5890
3482
9107
4013
2152
3679
9006
62
8377
6373
8493
3298
1152
9434
874
1109
6667
226
2521
3495
6180
7310
4031
7328
6867
8470
8613
6998
868
1615
1489
9927
2178
7368
5378
5978
9867
321
394
399
2341
3636
1845
1150
4877
3675
1183
293
1565
5612
7437
8063
4573
829
689
1007
9082
814
3673
3772
5846
6017
3609
8686
7503
9152
7902
3717
4433
3550
222
2081
6025
8542
5576
9140
9751
2632
975
5066
1503
257
6390
6591
9452
2163
5551
115
180
8551
2352
1761
6723
3640
5849
3292
7416
8412
1475
9898
2335
2810
3186
6026
1304
4317
9403
3234
7672
666
9239
4025
3668
4497
2448
2743
8097
6846
4662
3146
4130
5808
3395
8503
4838
5539
2989
7950
8642
1339
6715
9111
8900
8877
8941
2655
141
2460
5794
9349
8996
3065
5879
7969
4992
144
3919
5704
3473
3778
3813
6275
5997
12
2944
6060
515
5444
9615
8369
1411
9906
5424
2129
7960
876
5802
6178
3536
2704
7988
7073
4728
6910
6950
6190
7211
6974
1596
307
3595
51
5580
3084
8375
202
5296
7101
4565
5327
4100
8702
4721
18
3570
3547
8791
714
9278
3039
9085
1901
3095
6691
9650
880
4044
3473
9016
827
2174
8625
1442
1719
3128
5583
424
9613
5568
5311
6025
5307
4556
491
1567
3858
6384
9916
3600
2161
8772
6122
3336
7259
9515
1162
6808
8929
4914
8786
314
1595
5106
9435
5626
8733
8625
9413
3069
2749
3507
5216
3666
2221
5822
3777
4206
8402
6524
2739
6582
7383
759
9102
5398
7551
6959
3916
1261
9166
1439
3195
9246
5091
8352
3006
1049
5845
9516
9068
2038
5908
1611
2595
9214
1830
5940
1911
9093
8034
8096
6352
2746
7878
7910
1448
3119
2447
8534
9035
2758
7068
6040
8796
7721
2488
1323
3393
9301
1778
7300
268
6514
8830
7212
112
2188
7699
5262
9972
7640
8150
5591
8265
2298
5934
9163
5564
1051
5687
2189
7806
4420
8500
8634
5183
4936
9929
9571
2462
7148
4405
8009
7968
3406
192
3413
6944
4312
3178
2510
9251
3132
5793
3263
1486
5362
337
1602
4904
3933
4849
36
3940
7634
2374
8332
2434
9835
962
1200
7346
8684
1407
5041
4571
7221
98
1139
9295
5479
8360
5939
8705
8861
1812
4132
4912
9572
3426
7054
2479
5
9290
3968
2794
1190
1729
7133
3402
1048
4742
8766
8568
728
2905
6626
6394
7372
3569
7421
865
1412
9100
4555
2681
3128
3305
9584
9739
7198
8927
5516
3963
1628
920
5029
4659
8924
5399
5725
1592
9523
1744
4159
7231
2586
457
1893
7713
9840
2709
2064
2445
7092
5854
6992
2353
5865
8330
7800
8596
5679
9224
2481
9332
6242
6641
4197
8399
5782
1556
4529
8051
7552
7454
8088
9037
3876
7095
94
1995
4851
4378
640
4448
9869
177
9828
6365
2459
9040
1210
2872
6574
8754
3623
1701
1230
1022
5568
8924
7816
4100
7886
5419
9344
7699
8219
5670
6901
2185
4719
4131
5614
8626
1508
3936
7498
5370
8098
1655
5573
5331
8492
586
9792
9600
2666
4375
216
7318
9776
6831
9223
9080
8615
4272
6574
6992
2220
5108
6129
9359
6514
538
8394
8368
8294
5687
2706
4234
6474
883
4918
917
280
3678
4812
6885
918
2177
8699
2703
5002
7677
2681
2816
556
7080
7536
6808
1577
2939
298
5425
6906
811
5474
1257
1101
9209
9614
7341
8062
1670
7512
8339
8941
46
5798
9711
1961
9631
8912
3335
2391
4188
2112
8698
1095
2948
1296
7574
2331
3840
7308
2659
5313
4930
8959
573
7041
7076
1186
9112
2612
9706
7063
8851
5016
7615
1021
4712
8636
2876
7328
8794
660
9227
2551
191
170
9416
7054
7125
1523
6461
9601
4010
8643
8773
5093
6396
5269
6894
6059
9336
2304
5306
4998
8204
9866
7239
7321
7888
3747
4260
1531
5350
4085
9576
5429
340
912
8878
9038
1508
1848
3995
5753
9697
4304
2820
9588
3980
1411
9028
7871
9708
6451
5167
4248
9966
925
4740
8220
8689
8283
955
687
4242
6603
6791
4360
5298
6086
6719
7059
669
9621
9554
1788
1522
2775
1988
5269
7008
2287
6292
9146
1050
4906
1918
7074
1207
6137
9267
7900
3430
952
7283
9885
2485
4678
6663
8098
1486
667
9481
2560
6203
5049
7
5430
3195
9700
6148
1284
1115
484
7362
2316
4004
2797
7514
5380
7607
637
7650
6113
5392
4212
4772
2064
6300
8021
3751
7832
9162
9569
2033
6694
3853
7153
1129
4342
48
1201
4416
6982
7179
6622
5744
4872
416
9370
7290
7084
442
5744
2459
6537
8476
5675
7791
5267
2188
8832
5629
5840
1024
598
7422
8237
3459
7770
160
3532
4009
3136
2060
1262
8235
1005
4735
2991
1550
4435
161
2306
4377
7984
1045
8430
7593
4970
9462
4884
3886
7991
1069
3665
2438
2055
6220
3931
7292
9883
9787
5365
8959
6461
21
6497
7673
2510
7882
5698
8105
6305
2354
2899
4004
7228
7054
5224
688
8270
6688
7358
2306
6099
7070
8140
5618
5498
1123
8904
5249
2841
7227
9068
8411
1576
1386
756
3775
7199
2025
7694
741
4363
6359
7813
8440
5509
1583
2028
9895
9231
4258
8892
484
1424
3887
6320
211
4540
3372
7701
4235
2364
1288
6248
1075
9255
2946
4071
1926
7368
7256
4057
9359
715
2647
2097
3730
44
869
1479
2489
7986
7729
5044
8852
5437
3376
3412
4983
2548
1145
9922
3110
8055
965
1636
3240
7536
8690
4339
7918
2665
639
3474
3077
7109
3787
5714
6038
6526
8256
9088
4525
7619
4909
5539
3114
1643
5541
8710
223
4123
7433
7843
5177
32
5562
5479
7894
6410
9871
1068
5747
6622
5412
5165
701
3195
8422
4161
2168
2819
5026
5088
183
2840
5683
2962
4719
8440
4539
9976
9589
5580
7359
842
8859
3629
3812
4504
14
6570
5371
3307
3169
5830
5539
84
6152
9831
9160
3192
4845
4446
1662
1591
8387
8952
7971
3561
1632
2672
3971
1954
6292
7941
7992
3796
2348
9302
9523
4501
8537
8977
1716
3388
8865
9618
8085
7426
6428
6875
3769
1353
6806
1160
5584
8565
2331
4577
8555
4570
6214
8184
5540
250
941
96
4881
396
2965
8690
8103
3528
4128
3113
897
4288
916
6633
7782
6098
7077
1423
4377
8772
4899
1455
4438
4011
8346
6655
4885
8435
6042
8880
4337
9414
5949
4981
123
3043
5303
1091
5374
2558
3970
8054
6866
6007
4981
6175
8646
9006
4435
3630
5736
8447
9240
4421
1458
2276
9683
1678
8867
3685
9964
3358
1475
7644
5010
4422
7206
6131
3685
2277
7093
3837
5769
6081
2712
2815
6694
678
7465
7242
2821
9395
8305
2708
2552
2060
9489
8683
9480
6712
870
9308
5627
6971
2921
7097
3234
8574
2578
7273
7655
6334
8223
1320
4928
4933
9163
3955
2249
2764
5042
6966
5609
5708
8839
8389
9236
7000
708
226
8831
2752
7292
7985
5304
5638
9570
5332
4499
2412
5605
4647
5173
7991
9870
954
3819
9907
6227
9465
8183
8618
7888
9721
908
9090
3987
9345
9575
1592
5280
5332
8810
1027
8191
6245
6412
9243
8563
7038
2844
9496
278
8477
3460
561
5955
7171
1321
8824
6873
6173
9062
3165
5554
9443
5811
8329
4326
6075
1386
485
5450
2609
3657
5030
1863
1009
6467
5255
9386
6378
1584
3880
4959
237
8505
3437
683
3707
7870
6897
9936
5493
3133
6764
7773
5283
6848
6769
511
4626
5703
836
6859
5563
3717
5793
6239
1268
745
9461
4296
8495
4816
5766
705
2676
1553
701
4624
9113
1671
7816
5497
6743
5083
5392
9443
1839
8726
1150
9586
4240
661
9760
1251
5145
3232
3008
2430
751
4393
4615
4164
4389
4678
4536
513
7771
1123
6448
1007
9495
450
350
7164
8400
6765
8723
9927
4538
7396
4909
4287
7484
8505
2170
4
270
7538
3201
1625
1574
3870
1099
7987
3412
6884
8353
8360
929
667
6819
5698
7724
3902
5391
5340
9129
7094
8816
2499
9143
2245
7676
3158
8608
5500
2116
9365
1054
7386
2079
7214
3130
3994
6788
2844
4193
290
8895
4793
5712
7804
9772
3795
4414
1739
6076
4908
5164
4914
6719
6816
9763
4938
4891
6862
9089
6167
7556
7142
1479
9812
692
6021
5692
1996
3051
9231
3002
9100
8890
4187
7076
2954
650
321
8282
8838
4488
2265
7664
5020
2324
1805
8312
6400
6187
3001
3221
5552
5854
381
9343
4979
3010
1945
3847
6934
378
4621
2632
2334
4428
1149
2684
8555
2017
4730
9881
1719
2586
7642
5347
5288
8652
1200
9125
4947
4217
2222
8707
3432
4706
4197
1270
3523
7959
2493
5439
6837
3389
2137
3548
5961
249
1322
7402
6033
4012
9741
1722
7744
2378
6860
6767
9458
9324
4913
5409
2008
3821
5805
1461
140
4974
3190
7249
1616
5640
1285
7040
3891
6896
1252
1690
5622
8387
243
1324
3823
997
4514
158
3785
8668
1924
2994
4733
3329
9837
9063
3551
3818
2756
256
8029
2599
9036
3785
718
2140
1461
8204
193
2760
6909
2986
4431
6320
8880
6959
2686
3415
9646
6795
4194
2960
9765
5519
1601
4921
7150
1428
3564
2794
5140
8278
4438
1865
8622
1111
6299
607
6654
6822
9048
2952
1549
389
7650
5585
7004
2139
7140
6189
6861
4968
299
3873
8891
2812
2325
9907
3806
5973
2572
2348
7373
9956
7969
5353
6769
3893
8474
4223
1601
7702
2726
1371
7848
8948
3067
774
997
8798
5066
9117
405
4024
5369
9586
2730
8207
8660
6578
3890
5268
5547
7011
1867
7932
7535
3497
6287
218
2949
1943
6388
239
5375
9634
8679
1324
9752
3417
8822
2880
7104
1191
8971
7039
3182
9018
4120
7101
2371
7506
6875
5417
6504
8546
389
232
2460
371
9984
9466
6020
7936
4268
566
1202
1427
7978
9821
7710
2924
4300
845
1463
9091
7163
4118
2267
5160
4211
3060
2952
6318
1535
5781
7311
1438
7883
5030
8821
8570
8556
5904
9814
2862
1661
440
8739
679
6720
2737
4017
2951
7932
3315
4467
4625
6672
2659
9881
2104
854
7826
9183
216
7581
8513
2302
1401
2675
4725
318
9619
5665
721
272
8862
8389
9611
3057
4376
1680
5177
6486
713
8872
1970
1427
3890
2052
1442
5537
6154
7200
4936
9663
2125
3190
7838
454
9789
6891
8212
8236
2203
1006
9494
1868
9475
1137
2112
5190
4526
6968
4953
4735
1568
7111
9271
6376
7678
5229
8464
7131
2139
9863
4929
7571
5356
5390
1838
2809
707
958
383
2419
8075
3779
45
9639
5718
9920
4795
804
6446
1787
7804
6734
2333
3175
1278
4023
1240
1259
498
5501
4690
2676
1994
1181
6460
3608
6215
2872
2199
6894
7201
742
9009
602
4196
2877
4882
6031
3649
9192
2536
2207
1836
7416
4335
570
3005
5845
9445
7192
8091
9065
8306
9232
3492
5372
882
2008
4815
5634
1772
2311
9994
3827
1985
3309
3067
2683
8998
6487
9054
3136
9397
2506
4656
2049
7456
7316
1107
4759
4580
4884
8970
616
6966
6246
8897
3398
5365
3993
234
2464
2650
3397
8935
3248
3955
3739
7260
7510
1899
6091
6888
1632
5075
4149
5248
4941
2998
935
6486
1595
3649
7586
1903
8447
5886
5452
6254
7642
5464
9285
4040
6546
3912
8652
743
4014
958
1424
609
8386
3355
8583
7349
7098
5112
8400
3517
1210
639
2038
5183
4080
620
3147
1491
2674
2318
8803
3047
1637
2955
267
387
5635
6334
7196
7022
7856
6460
7064
3834
7720
2138
2252
9270
6564
2217
252
5089
5777
5313
8092
973
8103
3455
277
743
415
14
4521
6803
6798
663
5474
1757
959
9185
7609
1459
8000
3712
2486
5120
1355
820
7826
1494
2939
9454
7023
1902
8816
4947
9954
5806
1340
2951
9575
7715
7600
5778
7806
5727
7925
8574
4595
9871
2617
210
8573
2236
9816
7948
621
6962
2718
93
6751
2549
5390
8862
3479
43
1122
66
6884
3279
5325
659
386
2291
82
9632
3612
6304
3071
4263
4236
5493
3391
1146
8885
6860
3169
7848
9889
1219
3995
4877
7423
1804
8448
7403
1784
2032
4269
3050
3577
25
5373
3010
7557
8840
270
3688
3532
1679
117
2475
9990
9438
9350
7643
7055
8052
9444
7477
2593
2580
5672
9696
7510
4884
29
227
1081
2554
2944
2149
7687
6547
9150
5953
3092
63
9994
1908
252
1911
1171
3224
5327
6888
488
5469
7221
7788
4707
9130
3787
299
5198
7779
4394
9225
9094
7725
3728
3106
5940
1145
3833
9353
3443
7579
4429
2633
3841
8087
7176
7236
4598
1497
6970
4016
9695
1721
4083
6358
9099
6494
6003
168
493
4688
839
454
6705
197
8677
7775
5575
6810
9800
7568
1784
9268
1919
6592
283
6505
9321
3231
8614
8856
7593
2943
1002
1276
3659
7514
7138
6750
5000
1544
2438
434
7764
596
7152
5550
6762
5668
9885
6368
6445
8386
7239
9143
9599
5594
2130
3062
7458
9728
7515
1819
5748
4104
9621
4209
4123
178
3536
2866
1228
6161
7948
1355
8588
4261
7211
7548
7728
2683
9862
2860
361
1563
7824
8648
5646
421
1317
4700
9651
9606
3365
9281
4394
5286
9162
434
9029
4059
4772
1121
9909
4689
5741
8055
4977
2601
7873
6517
6109
9975
9241
9620
7163
9975
2285
7597
2498
6614
6498
9722
2174
2603
5469
7425
3741
8379
651
4753
6131
6515
2142
6990
5643
4427
8904
4827
8389
18
5761
781
6064
1344
1717
1117
855
3476
4312
5967
1672
614
8267
5580
2177
5503
7056
696
2770
5003
8695
255
430
3316
9485
4324
8519
4310
4882
7262
877
3419
1424
1924
1677
9776
1659
8145
5001
9098
2707
8807
5258
6706
7402
5579
8279
9253
7763
2166
4700
1711
6224
4591
5380
8869
7613
8389
5196
4555
7869
5757
9336
5825
4620
4678
6987
1971
9488
8118
7581
1196
4027
8637
3320
1926
5129
4856
2368
8547
3466
6989
1071
9581
8289
141
6382
5238
4297
1385
4156
8163
7468
9587
422
3154
3942
8296
3425
4212
8213
6831
2550
7912
2690
4756
3982
8782
423
5101
9753
6191
3051
3375
8313
1131
5299
3143
8516
79
4976
9099
4496
2146
845
7613
9036
4046
9206
6628
5671
2171
5630
5737
9651
1873
8673
8315
5847
5153
4240
2427
751
7488
1080
2172
7316
5868
6582
9742
9784
974
9982
6424
8602
3787
330
6386
5022
173
7616
9179
416
2778
294
6313
1858
7807
4559
2519
5299
7570
7776
5479
8871
357
3411
6560
1055
426
8882
1632
71
1142
9410
6987
4001
7497
2418
1398
3585
6169
6125
7710
7436
2063
8983
8477
6668
7309
2858
2373
6994
5117
9881
9797
7812
8282
4835
7759
274
7610
3234
4442
7760
3226
3313
4412
1393
7934
6078
8901
6512
655
8302
7969
6163
6316
7965
7957
6566
9847
9273
8821
4884
146
6030
4109
4202
1300
2205
4519
1831
8727
9064
7364
7771
1262
1949
8817
2788
4051
7050
8179
9080
5545
8210
8343
7555
7082
2081
5701
489
5273
6596
8059
6979
8793
5283
7650
2600
2061
5175
2249
3660
2030
2995
6705
337
9188
6029
6101
8841
3843
8341
504
8359
6034
8944
4189
1841
8709
600
8943
553
3209
2233
10
5446
3386
8359
5732
2397
2083
2542
4317
8492
6223
994
9706
7581
1241
9729
2558
3446
1933
6925
2319
9753
6091
8391
4317
7173
696
32
4071
7544
3515
8037
1346
8922
6975
2821
2254
7675
4791
3856
7690
7205
604
1185
973
839
3204
330
9013
2194
4445
4944
6613
2870
6453
971
3642
9973
1440
8130
4940
6751
2874
8997
1473
6421
5296
9202
8450
7681
8715
1613
760
9706
9922
8168
3564
8647
8997
6492
6055
4075
7374
5638
1461
528
3361
5411
7724
9595
6533
4216
3701
5554
5225
7807
6176
6607
226
9291
71
4319
9710
6528
4941
3473
6764
1302
2268
3322
2032
922
9907
759
1238
9591
2024
2228
9245
9911
1473
9465
9468
8070
1846
3529
9950
394
4589
4615
1940
6144
8987
7037
1005
2452
1417
9326
7039
4996
720
1773
1215
7862
3428
4881
5798
4683
5344
3663
7155
6975
7658
3152
7329
2044
8951
880
8116
3023
5856
7078
751
1592
9082
5933
9758
2458
7193
1924
3528
9259
4712
6398
3484
8460
2680
2090
5972
6857
3978
1978
4469
9406
9383
2455
7609
4878
9364
8548
1302
707
6052
7099
4080
4072
5875
2410
9376
2848
2223
9380
7881
108
497
9732
5314
6402
1746
7856
8559
2150
5466
4459
9230
2405
3192
2448
2749
9676
4523
1269
5885
6939
5955
8202
8924
9304
5409
1906
1896
9540
5138
294
1451
5205
656
4340
1337
3606
8067
358
2054
9278
7750
4827
7325
828
3178
3180
2361
7762
1774
5851
1728
9092
8716
6664
919
4760
9853
3223
5663
127
7632
1531
6054
7495
8770
6665
5733
8157
6496
1751
4749
4104
2651
3934
4342
1220
5653
7590
3627
6119
2411
4961
576
2310
8811
4510
9882
5563
4698
9871
5954
1447
8871
3019
4131
4635
5003
1017
3637
4668
725
1487
1990
4865
1574
7929
1244
2417
5704
2948
2015
1610
7499
7845
1976
7341
9525
9135
343
7653
6511
4298
5549
4501
6003
545
1369
1225
7071
6777
623
5678
8529
6943
6175
8074
2528
9800
4659
2526
7834
2400
4688
5725
1139
3377
138
2525
8765
9566
3506
3128
335
2987
4490
3038
1681
6539
6365
7824
968
9448
5534
731
9380
8050
8724
326
7426
7088
7949
8096
5783
2124
7281
3627
8339
3348
2874
2025
7405
5671
5879
2281
4108
5978
3088
7671
776
3270
2236
6919
3611
2286
2803
4778
1950
9943
4347
9098
3120
4572
2950
1636
8253
7675
4098
75
6653
4001
5922
5896
1189
3440
5786
3136
4460
4048
9937
3849
5416
4973
4092
4023
6174
5224
6335
1483
9146
5091
9775
8311
6389
2669
6276
5294
8346
7122
1494
1994
3882
6202
8045
6123
362
3011
6935
4694
8902
5350
7814
332
3530
4650
8680
7617
5840
5276
4851
4461
1840
9322
162
7902
6725
6628
2819
9647
2686
4837
3928
5469
9798
9734
5490
9047
1569
146
414
8006
9260
4703
2832
4696
6076
5179
8241
1090
1819
238
8527
4719
8034
6354
9435
5589
7927
4420
886
2753
3425
5878
7350
6554
651
7236
5622
5493
6418
9246
2674
8085
5520
4271
5826
5406
6673
1693
7112
6410
2033
9926
4894
127
6840
3611
8768
6930
5304
6684
9635
7895
5418
638
9630
1597
7044
7699
1692
4794
3954
7963
502
1559
7195
3469
1860
4526
6765
6333
4464
2514
2055
4969
1860
950
1375
6533
7001
745
9922
2715
7825
5078
6598
8038
3708
6077
7128
4347
2939
5007
4914
4553
4188
9046
8206
1340
7916
3211
9250
3282
5176
3201
1640
5147
4592
5588
8167
9428
5818
2041
2865
7527
4776
4920
8106
3910
2717
8421
9542
4587
1635
7478
7182
8569
3731
8614
6706
8114
449
2675
5698
9518
8303
5349
5231
4008
7652
9623
2499
7275
770
8160
5022
7873
9130
5672
9648
6866
6565
5509
8026
4182
4026
4575
5529
8962
6147
5422
5075
953
8292
3636
2555
8491
8041
8357
1511
5863
9798
8011
8341
1227
5853
7486
6538
6380
1526
2082
9507
8428
1251
7789
5939
9736
3800
7903
7918
6966
3391
9948
6781
6924
8897
7984
6275
6105
7621
8058
3337
9284
1806
5573
8825
6205
1290
1344
9459
725
5303
2393
2688
8412
8942
6112
7732
3001
1909
7046
8826
1964
5551
4124
6751
6311
8317
9642
9992
9546
1625
6595
4472
4866
8886
7434
2010
6554
4177
9137
4394
2583
3515
532
7619
9235
9359
2220
6198
5094
5960
7875
6223
2449
2672
7483
9493
1840
1219
6434
8927
6632
3501
7436
1426
8517
787
7503
4523
7501
909
9797
1657
303
5752
1899
8661
2918
5303
6509
8304
9268
3623
9005
6637
9828
3090
8625
8694
7899
3681
7427
8112
3045
4956
5046
9932
4419
9128
1334
389
3385
2394
6425
1849
1735
9303
5204
7496
8621
498
3864
5383
3786
8543
4584
2818
9350
9796
9336
1060
3252
7595
4278
676
8296
7217
793
9441
2414
5504
622
3369
6132
2979
6113
6648
313
17
8900
6057
7665
9009
922
62
5556
3850
5675
7835
7202
4870
5466
9513
1471
5777
1767
8292
8127
5381
5083
3821
2106
3647
3293
9000
8134
8834
5125
8224
611
9537
3224
1673
6844
6654
533
5314
4809
4311
1475
9980
246
7587
2321
9988
5941
9716
8207
361
8023
8013
9849
241
16
1679
1732
8375
5109
8828
2799
1992
3778
7052
5355
7664
8258
5729
1106
167
2434
2152
9967
531
5060
8000
5831
5529
3538
9200
4706
3557
4415
2602
5482
6844
3079
13
8007
2792
7255
287
9674
6228
1540
5702
4427
7544
6885
6296
4519
747
1121
1702
8384
7124
4012
6526
8700
9742
4995
7198
4928
7348
9234
6465
9830
7081
2888
5576
7008
9212
1626
2082
3742
5552
5647
6905
7709
1597
7276
362
5327
1806
1669
615
8788
2712
8209
3585
575
7416
4615
764
1778
923
8538
2306
4764
5393
2934
3025
7113
6845
5644
7456
4466
6783
1256
4297
2888
9334
7226
2324
2031
9505
272
8001
5720
2200
1677
3426
8531
188
5782
6016
3714
4259
3063
4493
2919
6212
8496
7987
8044
9314
6730
4937
2773
7432
2857
3374
3558
7675
4724
4052
876
2073
2480
6089
1120
8575
7930
9407
2899
8472
3766
4628
3670
3532
4503
9127
7447
2477
9838
153
3456
2694
4605
158
8225
2182
5748
4403
1871
9101
7379
2971
9919
8711
8624
1948
1133
2390
1109
5844
8905
3350
4918
9957
7822
8020
9303
7075
7652
4216
3471
9940
4650
2042
863
9472
4819
1701
5182
8214
3016
820
4623
4248
6416
5657
3715
193
7316
2722
2824
461
5382
3751
1997
5424
5762
8747
3342
2420
6770
7463
3941
2063
7605
3314
9901
3324
3583
1520
6096
1521
6513
1730
9443
1350
2918
2121
2758
486
8719
98
1194
34
7751
6789
1733
9440
5505
4349
528
2823
1792
5615
9928
1275
5273
4004
2640
493
9499
6575
1888
1697
9942
8317
4052
9919
418
9831
2730
173
8730
6622
5468
7975
1831
2457
2493
2908
5324
7956
4455
8229
258
3761
9709
9533
3038
1286
7365
7670
5165
3412
2248
504
8532
8234
2883
257
785
4219
86
1421
9204
6643
1802
9606
1739
2977
8229
6118
8537
674
229
9406
9200
3326
3532
8266
9171
6696
5900
4898
1049
8796
7527
9287
1813
6116
4265
9365
4807
7713
447
7579
1720
6805
4306
2115
8870
1979
8093
1898
6108
9009
444
9993
7976
9714
1108
4456
8631
6697
9047
3394
2770
2616
6078
5473
4447
4306
7817
5096
4111
9833
5887
334
4945
7878
4539
2675
9629
3379
6096
4103
730
6514
7445
6656
3638
897
2951
8700
2027
2096
2377
8378
3088
1697
9055
2995
9903
1991
3159
4601
3717
6273
2297
7974
4191
2027
940
7264
8558
1279
2920
226
9055
663
6086
7712
1880
7241
7174
8261
58
2121
4928
6433
1177
66
8089
8044
8892
9155
3870
4489
1674
4695
6095
7842
6291
5911
7454
5749
4089
82
8532
2307
4231
7927
4149
9430
4869
1099
4931
2254
9968
8520
3304
1051
3431
950
1384
2474
9343
4349
7638
7866
5534
6148
3578
8374
3051
7801
503
6137
3440
3076
3278
1026
2610
7126
4064
3660
3122
5261
1531
5318
733
419
5731
3611
4009
8456
8851
6221
1000
8996
4618
4022
158
8783
5630
1232
9363
8458
59
4721
2532
9222
3090
7125
3514
9672
3398
5898
9612
4294
5318
6711
2972
5235
9968
8129
9118
975
5321
8866
7091
58
7855
728
1779
8563
9201
2946
1138
8364
6343
6894
5299
506
1092
1149
5031
7627
4582
8833
7622
5262
5976
187
3884
8941
5406
9061
5035
9231
8861
7040
7058
9253
6296
8081
7891
7620
914
3726
2069
1061
3732
6744
9991
6343
4835
9001
8491
8151
6269
6170
8377
1959
5925
4895
611
2230
8180
1815
4012
3458
395
8617
1165
9836
252
6616
6551
7611
5148
2012
3620
819
2795
5886
2565
7041
2979
6878
9345
1789
1476
100
9602
8754
3709
8049
9011
5724
6358
4460
849
1244
6956
5445
7550
8931
5392
8077
978
3362
2590
2687
967
6963
5057
6996
5525
2395
9777
2101
6408
2178
190
5843
8044
6199
8382
2874
5715
7993
701
2397
3854
6356
7485
6371
785
6702
6648
6415
1687
356
4435
4904
4062
3299
5640
6655
5865
2486
3897
1169
5223
4801
8998
4829
1364
8312
9371
6226
8996
4364
2219
4774
9812
9764
8008
2227
4479
2153
2047
8368
3361
3674
9778
5443
2978
2976
3143
9399
8693
4298
590
9699
7042
4900
2078
8582
9296
4298
1231
8074
7143
9130
9503
5568
3847
3753
9284
3193
6324
6728
895
5393
1523
4779
5052
9556
2292
3763
4030
7826
5869
5625
6571
8077
3842
5990
6731
3204
5622
3270
1707
9913
5600
7499
5698
4644
3315
4205
1377
5654
7103
5705
4817
6273
3637
3895
6618
4168
2107
1407
2367
7456
294
4858
2686
833
714
6481
1620
2309
4208
4408
5042
447
3587
1817
2037
7589
2
4407
6072
3162
8848
7580
348
8968
4278
8968
9706
6126
9562
8575
2404
3103
3714
3736
2926
5308
4717
4664
4913
2052
4772
5034
3205
6236
2321
1788
9149
8849
5907
3258
2328
5840
7368
8692
2642
5738
4900
5883
4879
8363
446
5557
656
9396
2413
8113
1021
54
9766
7242
8214
2978
5927
612
43
3686
7718
8122
7972
4492
7296
8945
4038
5259
8818
711
6508
9454
6526
6166
2252
6466
3115
7350
8187
2475
5345
3890
3217
5710
2089
6830
1974
5929
2710
5913
4159
2607
5978
8244
5379
1297
3985
399
6022
8120
1416
4631
2431
7397
5823
7967
9175
6373
4454
9674
3669
292
4280
6534
9096
7547
7022
9230
6796
788
5724
7239
127
3034
3546
837
8696
4125
2617
9228
8209
9943
4680
3252
9118
5775
2371
1789
7951
4822
9308
5098
4620
2435
9369
4629
7299
553
8198
9610
2236
6579
8053
6562
7626
9717
7915
4318
8104
7617
7954
3857
312
6620
7518
4217
918
1887
2793
2501
2772
8271
7783
5356
3364
2636
5593
5199
4308
3235
4461
8340
5118
9826
2904
6756
8508
454
2772
4182
7928
3580
700
2667
5198
9358
7540
7465
80
2760
7439
665
5948
8227
9313
4643
2618
4192
8802
2926
5628
2681
5768
3884
6498
4752
9784
4858
4387
7949
4271
6999
2404
1210
8110
7652
6558
3216
1389
1694
5303
919
5890
7878
790
9518
703
4699
3084
5310
1930
9505
6649
8612
8209
657
1605
4244
1072
5842
8096
2879
52
8876
2898
7284
3854
1923
9051
7605
4137
5703
8785
2120
1194
7776
6647
3437
3668
1019
2079
9568
2408
315
3365
9695
2999
3165
7818
7138
9701
492
7077
4053
9866
8864
5274
9021
1319
8746
7550
3883
1003
213
6177
2957
538
1507
2297
9748
9048
8172
3972
4105
9307
3298
5588
7082
618
6885
3276
3861
5434
5860
1044
9610
4019
7867
3629
6413
1932
9510
8774
2041
1744
4027
5905
5377
4843
6302
7796
8197
1630
4607
4655
4512
1807
6858
9887
658
9979
5476
6278
5230
9870
1631
5417
6601
7868
1759
7832
2053
5892
9624
1043
2365
8210
313
2405
8146
5486
6276
805
5970
2967
9526
6636
8548
4516
3030
5927
2104
5291
284
1212
386
5449
4768
4862
6458
8582
5674
7899
7606
8617
311
2726
7307
33
6062
2897
1525
2950
4600
1122
8171
8878
259
7334
7076
7219
9542
8718
8240
2675
3523
7738
5336
5944
863
6178
8946
2606
2733
8176
5127
7956
8495
316
4906
2107
5714
9010
3675
8251
1339
4800
3576
4634
9365
5692
1585
9811
2131
2985
9300
5003
2127
4961
5400
9264
4249
2400
9038
2030
6002
9523
1642
7087
5050
339
3187
4106
3205
9682
5368
5073
7306
3212
9181
1155
651
41
8970
9635
1086
3130
6395
8541
4519
1192
919
5477
191
6178
6582
9335
9750
961
1969
9692
3059
8767
4093
5940
7024
2205
6220
5037
7982
5789
5522
3323
4153
2871
6891
6125
4030
1300
8205
3088
3600
518
5767
3440
3557
5913
7429
6005
8708
3783
8299
2765
7969
5406
9757
8698
5216
8567
1202
6477
7160
3436
5974
2243
4225
1895
2154
9866
6541
9489
7948
5579
2138
5398
1188
1844
4189
9350
6555
326
1674
9265
7309
2600
710
9938
2036
4239
4052
8694
4429
1533
4255
5754
2009
9007
9574
4550
4247
2317
7754
6521
1686
7064
4527
5034
8545
2632
1030
5911
9994
8928
4272
3986
1703
2572
9758
8568
1869
3842
140
4290
217
8845
7087
6
9055
5487
2178
2021
2006
8453
6512
3703
417
8897
6657
888
6985
8582
8475
8761
7571
149
5581
909
1932
7930
2059
3398
7159
5728
6103
5681
6071
5525
5333
3955
8454
2756
5969
6572
9267
166
6700
7374
6825
4224
7959
6665
7545
2615
7601
4306
5878
2414
8894
3095
1317
6745
2627
4313
2778
9321
2176
9896
8329
848
8176
5789
3630
4453
8367
2403
9866
8667
2499
146
8222
6456
6460
9236
5202
8504
6037
5442
478
5627
5896
4143
1690
1212
4435
810
8592
8731
3102
3859
5892
6637
590
6032
2991
6870
9366
9509
3448
8016
6935
5355
707
1753
1822
833
661
364
7848
3392
9392
5259
934
3490
4886
7929
1395
4592
9780
4644
8208
6685
1852
6791
2425
9808
185
9453
6733
5833
1642
6711
5057
7358
7724
6425
8985
2865
8303
7447
9631
7046
9402
8278
8278
7397
8174
4782
1167
4392
560
9770
1276
4385
3153
1307
8964
4536
3190
5016
2851
4646
5544
7388
5760
9311
570
9223
9383
1315
2122
4833
4544
163
4974
5293
6406
2311
1204
4552
2895
9741
2734
4479
6204
8757
7727
1439
3723
378
6274
9879
7395
216
8934
6750
8407
7435
6764
5826
495
4423
173
8334
5475
645
9683
4499
310
6281
7317
647
2499
1963
7119
1625
6205
9439
7452
4932
9091
3580
5133
6011
1244
4539
5519
7217
6074
6061
5144
3984
1601
5644
9619
6370
3322
2091
5809
9219
2496
9220
6996
7767
6631
3575
7394
3686
654
3112
3026
3700
3506
420
1880
978
7792
3930
5013
9352
7583
5857
3505
4770
1956
8334
7471
2441
9188
7278
4658
5750
9771
6174
6619
8532
1086
83
7849
6710
9963
9253
8548
2797
6516
4170
8979
2584
1685
443
7490
2731
2424
2333
5822
3117
8533
1263
1385
1353
8010
3747
347
4264
312
8495
7796
4401
4398
2120
6063
8106
1102
4987
6646
929
6321
5603
7801
1332
5409
1857
6460
1095
4725
7848
7081
9740
9446
3294
5928
2735
5533
9977
4734
607
909
860
752
1451
7265
2087
3808
6514
2059
2361
3948
4423
8212
1151
8756
9573
8760
8436
3168
9310
4669
252
4624
5850
4761
1324
6839
9982
9345
6053
2616
4578
2343
4183
1708
8004
4740
6753
6795
1741
7983
4695
3596
4882
6993
2777
6706
2400
1323
5719
7382
2979
9394
3568
8354
1861
9090
338
7373
5241
5615
5343
1741
7179
3142
5464
8147
9173
9486
9775
141
5089
3853
4675
7383
9317
5897
4531
6747
3842
3124
7614
68
7126
4875
3275
987
3750
8575
3494
349
8168
6115
5525
3974
7154
2986
8339
2973
1143
6073
2982
17
3636
4398
2243
1962
5294
3029
2436
6314
8276
5558
7522
9849
3496
595
7276
8148
7253
8590
4291
213
9645
1478
771
8225
430
8019
7886
6298
8166
3445
1948
1550
3435
4413
2509
9114
9687
850
6266
4095
8600
6569
1241
3535
5268
6085
9536
5408
2849
4596
6334
4521
1693
2127
5430
5021
1842
3152
5541
3410
344
7998
9153
8130
2535
198
3977
4693
4142
1222
4305
5306
2407
8059
4316
7349
7677
5376
870
7354
6487
3582
413
2903
9681
5938
662
3051
1178
3336
642
9572
5669
5334
3121
3510
7352
5460
9470
5788
4588
7477
7847
2344
5117
76
9630
4863
4688
8830
1254
5622
50
6752
6602
9774
8866
4538
680
38
1305
3678
6788
5265
8570
9460
2799
868
6002
5790
6722
901
328
3734
727
8693
8508
908
6621
2179
1709
756
601
9912
2808
1713
524
1519
9929
2461
213
6488
4938
347
2610
9868
2018
3425
3846
5566
9397
8901
8850
4550
6224
798
4472
6584
7586
4007
8350
1962
9737
2822
7037
521
4685
1289
8268
1309
9978
3282
2964
5124
4536
1244
6420
3144
7480
5737
6083
9956
9633
9334
2713
8948
4752
2750
2362
1375
4288
7177
3297
7367
9739
5610
6553
6036
6152
9953
8524
3400
1447
1032
3067
8037
899
276
933
6454
5235
4726
5737
4054
1840
144
468
642
5010
8882
4680
7889
2929
8725
3365
2015
4790
7135
1401
6670
8412
6847
1323
1869
8711
4316
4325
9819
9785
6933
9054
6001
2580
94
5477
4083
4693
8668
3497
1277
8619
9919
1950
8376
6988
6793
1568
1070
7055
5721
8140
2780
5451
9125
4204
9056
4509
9149
2926
3691
2183
4065
3400
2078
3749
8659
4747
6804
7739
7857
9950
5340
3036
3632
4880
2754
1311
5896
5750
8009
5602
4540
7267
5323
9597
8335
6444
6802
283
7477
9296
7979
9588
6679
8422
5212
9991
9745
5234
570
7090
9465
8926
3276
7372
5907
1312
8845
4882
9400
522
1470
26
1372
5214
8499
1655
4415
4296
9719
6651
3339
7297
6018
2802
7203
8869
6845
3980
8410
1091
2832
6219
7005
6718
7794
1609
7035
9524
4632
3053
8610
8411
2460
5810
6685
2233
5631
3710
3648
8309
5623
4309
7905
2869
3908
3720
8327
2152
9463
5934
771
2378
3669
8844
7442
2949
3554
6067
42
3851
6795
9968
7953
1238
4711
3090
6876
9934
8418
8435
7181
3329
13
1217
6429
902
1872
9081
8047
2379
9634
2418
8231
1117
2301
4343
4089
6880
2211
8048
5744
6245
5165
1910
4237
3003
9844
5375
4307
2494
6654
3217
9014
9870
4437
8675
1004
5381
1408
8323
8875
4618
9767
496
689
3027
473
7565
5321
3259
3181
225
5387
551
2811
6127
2392
4597
1877
9781
737
8035
4920
5835
3865
517
8550
9324
7841
3128
5702
3677
9598
9828
3417
1512
6298
4232
6767
8968
7746
5299
434
4697
8131
4131
9386
672
6386
6738
9561
3018
6190
3321
3730
107
9185
5887
7063
4546
6252
8842
9049
6890
5949
5304
8299
3113
746
3991
846
6144
457
4750
6961
6196
2616
7818
9844
8913
8850
850
9563
2551
4788
9925
5418
6526
3671
7014
3206
568
4047
8963
8694
2396
1500
2514
343
7238
4354
6427
3507
3805
819
5988
9329
2507
2208
8903
6133
3515
5299
7303
8092
3354
6592
6582
9129
8307
5676
3456
3148
9488
6043
9342
2968
6078
1548
5881
3182
7693
9341
1223
3987
8866
5610
1006
4962
1563
4743
4483
1787
7364
103
4832
1815
130
8270
3347
8593
5339
4601
1652
2132
2306
3625
4941
750
4202
217
3568
9288
8603
5357
8078
9227
7763
1779
9571
6822
379
7626
9546
2418
3634
6689
4504
8408
1583
9448
9367
8890
3732
909
7836
9874
2597
5149
6532
1298
9084
9257
8029
6657
357
4040
7430
2765
1013
3361
2954
1956
7602
441
2674
8067
722
9908
1592
2448
4490
741
1424
9983
4582
3836
1249
4424
9554
3204
6969
266
7914
4153
4016
7430
6956
4985
5824
3278
3341
1458
9537
2342
8172
3790
5553
2179
5436
6595
7102
1904
4557
2598
9856
2238
3545
5369
4125
6651
396
1310
2110
3449
7898
9595
2234
8931
5699
4425
9357
5590
4237
8525
5267
1393
4451
5156
6082
9181
189
9868
4705
3751
9910
610
2277
3351
1078
6904
8208
9740
6995
6897
9686
8469
6088
164
4016
8386
8886
3730
6068
4890
4912
9359
7215
3626
2545
1886
8636
1670
3210
1205
5097
9843
9327
3178
3564
7127
1699
8060
4733
7498
5484
9825
5483
1982
7194
1723
6227
9321
1150
4428
4345
2381
3023
9898
6810
8561
3721
1656
8570
8167
9572
4048
4709
9784
6916
7757
7949
7766
8500
6786
7829
2684
2410
1014
4083
6214
9706
3252
8885
2951
7050
5320
8130
2640
1060
1954
7901
6589
955
981
4187
1114
7446
7556
514
2408
7993
114
9611
186
436
226
632
6851
5070
1041
1223
289
7383
4421
1248
9140
6980
7904
2205
58
9252
9326
2193
4303
124
4508
8686
5084
4112
9883
8892
9192
6429
685
6812
9518
5419
6571
2531
9221
4800
8289
7881
4482
6642
8858
5468
6059
20
6423
7447
7034
8003
2658
5358
6682
3930
7878
5494
4857
7079
4914
6139
4930
884
2992
3920
9332
4689
5441
8075
8237
2070
5103
4873
989
5130
7403
4131
4173
3418
8914
6480
3846
3561
382
1675
1928
6740
7406
3568
55
3108
7303
9171
340
2395
5737
9062
2564
5465
6125
2832
2022
1224
8283
557
4461
6812
471
5643
3148
4402
9867
9412
3591
1211
2110
8054
5504
4461
4396
9799
9659
1646
2726
9582
4924
7727
6992
772
5191
2035
9545
2420
335
6968
7720
6998
5692
9795
2082
1384
9289
652
6958
2078
8212
8876
3686
9051
682
1974
564
8877
3823
8351
8837
6449
4774
9907
8807
4904
7478
705
2368
385
6593
9143
7904
4003
6120
6992
4563
2627
7811
6941
675
2495
825
2939
3171
3544
4844
6385
9191
6225
3239
2456
6824
4144
6923
723
5762
3251
9834
403
9913
3456
948
8537
7516
271
1846
1407
2994
7825
9653
4828
8513
7943
9931
3759
6707
3013
7494
2824
9917
3921
7050
8553
6280
3623
5999
30
4382
6912
8919
2998
3865
93
360
4526
9686
6220
2673
8079
9336
3226
9315
6899
2649
292
9724
3734
218
5193
3825
8163
8612
2085
7409
2985
1430
3853
8493
8219
149
3074
747
5263
2091
2110
9879
3353
8614
434
5554
2022
6168
1516
2585
9717
3335
4320
9112
8357
7642
8095
2926
6157
9806
2802
7994
856
1511
9372
7274
8078
2340
2515
3486
9983
5797
378
4815
1936
9180
5267
9844
4134
99
1587
8216
9239
3083
2210
4496
4945
8758
206
6594
8253
34
5730
6988
2453
2529
2136
892
2109
3830
7621
9341
2392
7890
94
4629
7770
4806
3100
6897
6440
5635
4702
5605
6085
6765
7061
444
7893
4989
2318
8710
4248
9957
7238
1680
5945
2221
2915
6926
8586
8288
7034
2458
4661
5664
513
6670
1069
8951
66
1229
8941
2376
4998
2440
2581
612
1246
3896
6261
3208
1662
3
8362
5020
3489
1398
8054
1790
3521
8698
6564
1779
6570
5704
6735
6512
6144
46
2267
7752
995
4902
7556
8151
3572
5781
4675
5805
3107
1552
696
5130
8729
4434
2889
4903
6476
6554
693
1064
9268
3097
9121
439
8997
2205
3717
6961
4651
2442
7971
7861
1614
5571
7397
5530
5
7202
5136
6353
3408
4817
2044
4379
5150
5098
9265
4674
394
6749
6164
1206
8622
3634
402
8250
2159
5132
8076
5601
4884
3122
2650
2859
9851
5151
9456
2604
5364
941
7918
7381
3949
6259
6220
6682
5110
3595
3729
2881
2786
918
4738
8316
3444
4821
3352
9887
9668
2323
1661
4826
80
2576
8944
281
8380
2107
1947
8037
4684
1519
3536
7948
4278
5532
357
2758
9064
7120
2650
7358
2481
8701
5296
5732
6413
7867
2606
3737
3723
8252
5077
8270
5486
437
5332
3657
1319
3272
287
7004
464
6491
5064
2767
2270
1144
3311
6786
2703
4809
782
2488
6756
5820
2189
2637
6510
5668
1995
4573
416
490
3103
9849
2748
7737
8175
2417
8746
2377
4327
7044
6511
5380
2246
5024
3749
5822
80
1581
1027
4446
4363
3041
1304
2269
3815
4360
407
2933
6809
6652
4311
2051
6535
2186
8287
2009
5877
6306
2851
6637
2222
7655
3294
2743
8719
9558
2193
2649
9715
5380
6459
984
8430
5881
167
8853
6785
6519
3958
8739
3948
9077
7269
7750
9425
5911
3785
2195
9821
5538
6725
7343
9995
4553
2378
3837
6694
5434
9010
1270
4863
5086
3032
6593
6409
9714
9962
6997
2623
3816
7180
4856
601
5665
9763
8081
6687
2982
7115
1206
2375
8814
2828
180
6068
6224
3439
1891
146
8693
4600
2037
5917
7083
3077
2243
6268
1272
8000
4327
3443
5590
2968
1961
2326
6078
5204
4307
1208
9195
8706
974
1795
6935
7718
1994
4580
6264
3841
6945
4175
4546
5770
9988
9194
8787
5329
1445
8503
6290
723
8106
154
7321
1303
3640
8313
5603
5488
8923
958
9148
6550
1379
132
1086
9223
1268
691
3773
1486
3323
4043
4247
6298
7216
3219
2161
278
2009
1635
2816
4368
1556
864
6477
1580
5284
3368
9834
723
9378
944
1527
4404
9993
7657
437
3106
5225
3371
8106
5221
3439
7541
3333
4253
1665
6120
6772
1241
8570
7336
1865
3402
412
9077
55
2280
8626
3151
9344
6856
6492
631
9732
1044
3594
4771
9418
3738
4241
9258
6535
4780
1684
7576
8102
3410
8870
4832
1850
8041
9082
8958
2279
4180
6189
3699
6048
6479
3215
1177
8496
7820
9671
3589
1414
1261
2136
1031
4455
7629
7269
6817
3114
202
2483
8305
9260
6307
6378
4756
530
9564
2177
9755
1302
4451
7277
2039
2418
9324
9404
3524
4819
6423
9350
2816
9042
3948
7207
234
6289
6742
2252
3408
5326
2325
4876
465
9916
8736
5304
4209
7494
9850
9576
3092
1382
758
7554
673
7672
4185
5086
3303
5329
751
4768
6917
6082
2794
4238
7987
210
5062
7895
8612
9769
8224
3392
678
4912
2997
