8000
8219
9554
4782
6798
7871
1317
3998
1112
7258
5334
4952
6992
3688
8215
5865
2326
6620
51
3324
3696
2256
6425
2450
7765
1093
9114
7229
284
5089
4176
6933
4304
8307
9059
8646
9207
969
7028
415
755
6244
9239
9769
6115
2869
2636
5779
7218
954
308
4243
4499
3277
8717
4834
81
5072
1878
8009
2926
4523
1768
4739
7845
8541
7960
3861
4007
3367
6530
3379
7692
3985
8756
6605
3112
3923
6505
8369
8352
6063
7365
2004
7749
9771
7605
3713
9001
4302
4628
7901
694
2865
8581
2971
3344
9053
8766
1623
8059
6843
4306
522
8479
1458
8142
6372
4098
6838
8485
91
4651
8880
6281
5831
4054
6900
9778
5106
8957
8169
1871
4289
4798
9811
2859
8102
1726
6212
3060
7060
1175
7144
1140
7100
8326
9800
1775
5928
2692
6572
3028
3083
841
4933
3102
7932
4605
56
7930
6030
5387
6356
2567
7802
7538
7492
6681
7098
8888
910
5722
1437
5558
6817
9167
6401
2316
8691
594
2288
677
1489
8586
801
1188
2938
9614
8702
7582
4078
4696
9311
1716
2601
3304
2199
8582
9464
5224
2566
3281
5457
5772
9533
8295
5829
6161
2902
5957
5217
6378
2184
2790
6055
3461
6748
6813
1036
4555
446
482
6948
7048
4370
2773
8182
4291
6490
2187
9269
1239
6163
1910
2891
2357
5875
9743
2320
4960
9527
7265
781
7881
8019
712
2954
1666
1901
7593
7381
5984
3331
8125
2023
5910
4802
3277
1322
8750
5933
4116
3072
6718
6480
7031
9377
168
5685
4704
7702
206
7678
2676
7543
3011
5942
7028
4344
1471
7199
2060
6238
2025
7766
1328
5542
9338
4263
2143
6406
8785
9834
7056
9781
1058
525
6619
4345
5889
1977
1855
629
133
8671
9612
7625
1718
4793
9295
6964
841
2844
1819
9897
1836
8098
3685
254
317
2052
7581
6377
2102
3245
1082
8048
5105
6066
1114
9021
6881
8324
3434
5470
104
6395
7559
6211
5728
4580
9311
5970
1321
500
2391
9073
9608
9425
4127
4298
8443
7812
490
3101
2884
2641
7623
8705
112
6947
9564
5445
6638
2733
5582
358
7181
9225
3256
8486
2868
4203
916
677
3569
5474
732
6760
1041
4410
4966
6638
3549
6746
1219
3815
8352
7051
3155
5279
3801
9685
2519
3769
5007
4276
3067
3508
8877
3238
3614
7846
816
2175
6668
1306
4445
3745
5010
214
4742
1263
7303
6935
526
3501
5218
1092
6167
1871
8958
7846
555
9575
7536
1034
5373
8962
3983
8127
1634
9074
8889
5285
1924
9258
985
3246
9327
6390
8020
435
9185
3659
6959
7831
2514
4103
1368
6215
977
8630
8398
5250
9635
6052
8401
5413
9805
3133
7592
3083
118
49
7587
2979
6153
9694
5111
6323
2381
4098
3637
8427
9811
8657
2303
2632
9704
6739
5839
5368
3036
2672
6744
6849
8482
975
4256
5758
5809
3996
681
4662
3037
2374
656
1835
5091
3074
3988
6356
1214
1289
4105
8597
1881
8903
6112
4226
7092
8619
5105
1250
5595
9779
5507
270
3041
1154
3224
2030
452
2925
52
4618
1706
7009
106
6321
1724
1857
8226
2207
9181
2648
9592
4936
2224
1977
4236
1329
5030
6007
8817
3117
2721
4616
4433
6800
9242
4905
5385
2035
4924
3231
1293
9991
8018
8190
5077
4320
1878
1335
2947
1624
991
8414
6135
9459
6733
8802
1107
3743
7338
8855
9628
1667
9942
9782
6225
1304
2234
6485
9572
3899
5041
305
8722
6867
9801
1572
6404
5370
6227
1185
1433
6002
9352
5547
6121
6786
6255
4284
7186
8881
2613
3429
37
8056
6059
8485
5001
7935
9164
6311
2651
310
8050
4050
9822
582
7266
5233
6991
1618
4585
4488
6350
7727
3492
2127
8716
6978
1661
9520
6438
5238
3670
453
8020
1594
851
4393
6219
820
6378
7677
8829
3232
5438
9994
531
9228
4981
7769
3195
1005
5213
3714
5147
2558
107
2504
8984
9833
1186
7264
7605
8137
3885
8298
9794
226
3703
6528
6682
635
6166
1427
279
690
2472
9358
2716
9167
9226
1412
813
1712
6771
6189
9086
4970
9255
3997
1305
798
3004
4841
3266
7896
9238
5952
4413
3611
876
1201
302
5575
7280
7341
3214
3357
3530
1898
2487
8951
6041
2971
3716
5660
5159
8769
1807
38
1962
6433
9765
1818
1868
830
7749
5895
1013
3999
6795
3016
5179
4634
705
256
3274
6041
1826
8922
9058
3886
2215
1591
6101
1449
5514
8079
9619
7353
9686
5948
9398
2013
3073
3587
5998
9255
8255
8316
6982
7408
485
1484
4149
7389
1436
486
4881
3772
4325
6539
6066
754
2860
4059
5215
7732
8399
6638
8755
2693
3524
4795
2814
3136
8598
8989
8816
1311
9875
8382
8590
4409
7707
8572
41
1119
1925
506
8335
9151
723
4881
4855
5310
9947
3447
8492
1968
2700
2551
431
7863
3473
8822
9698
3707
2218
7910
3846
611
6087
1410
9184
6858
2696
3960
7209
709
6702
2355
5942
2876
8020
7042
4339
9322
6785
9142
8460
5003
471
6251
4749
8928
9886
1392
9650
5746
6258
2133
3267
270
318
5209
3542
1870
7931
2545
8646
9875
2258
8628
562
1390
9541
9346
5213
5131
4408
36
3440
3784
1329
6514
4329
1646
2831
2795
4404
3096
5693
8937
5179
3594
1727
8832
9063
1347
9339
4382
4141
9835
3332
9076
4847
8831
7966
7524
2029
6422
5073
273
1842
6900
9362
8242
730
4331
1625
8166
217
9308
3397
1026
7707
8745
645
8811
507
8319
3772
8401
3829
7734
635
1692
579
8836
8965
4406
5548
6646
7607
8489
9397
4444
1430
9794
5001
1628
3157
9739
7527
8602
8343
7032
1632
2234
6156
2949
3183
2123
3307
9888
8238
6410
3508
5642
8623
1568
5929
3744
384
9105
4679
8057
8625
9105
1215
8644
6374
6971
1815
5870
6201
5622
5802
9375
8365
1647
7715
9423
131
9806
8860
2231
9086
1345
3739
2651
6632
1481
2178
4225
9804
6704
1011
312
3799
3461
3983
824
7345
9595
546
2248
3100
7662
7413
2605
9821
7427
3651
7113
9734
4992
485
6724
2098
2506
7260
969
2397
3999
8302
4608
3948
2692
1372
6855
1605
1077
3034
8517
6633
9615
2753
8986
6349
898
882
1155
1952
8065
3492
6391
277
2327
2418
996
8325
4102
6065
9132
4315
6374
240
6084
9926
2492
4181
5100
9616
5995
7326
1115
6219
3565
1386
3267
3096
5991
2248
3069
6857
9447
3366
8602
7688
1057
9628
4356
9447
4856
4048
4021
229
6931
7066
6296
3315
7403
9402
9303
7318
1067
3400
9695
4129
5213
4791
2633
1349
5524
5887
7841
4075
7745
8067
2910
273
4870
5744
6091
3620
8562
2390
907
1786
8957
5907
2089
5299
9664
3510
695
4552
3762
9261
8567
8604
8768
8985
5421
7189
1677
677
3209
5307
4937
9671
5821
9325
470
3793
6925
7894
7583
9659
5119
6330
5559
8331
3740
7158
6021
5192
5808
6410
8049
9002
6237
9430
8615
6335
3742
3349
1334
9670
1638
7959
4772
8871
9574
9144
5460
867
7859
1423
3113
9415
754
2299
9203
1619
9447
4830
8833
2715
2564
7602
4478
8737
2617
558
4842
8479
7222
227
3966
2706
4220
2301
383
2102
4369
7337
1288
3518
4736
3885
5025
3469
6362
1985
4652
994
9240
7449
7633
4187
977
692
2928
7211
9088
5640
4330
1032
8584
871
27
3793
1774
9837
8847
4841
3961
1476
3641
6100
6600
2050
2685
2634
2924
2229
5941
4507
3603
2259
9336
6954
6723
2079
6719
9133
3907
3703
6155
5959
7102
5366
3389
9513
1903
7847
5070
1266
8956
9152
4846
2873
3251
2855
1658
1889
2425
9302
9849
675
6789
8095
1231
1671
1230
6450
5727
9345
412
5969
4681
1604
8855
8729
2681
6520
5294
3671
1546
7423
9752
8461
473
8549
2985
6276
9670
1291
1201
8581
5046
3064
8348
6556
4448
5862
2510
8733
6098
5914
2396
3428
8814
8463
7478
6980
5541
118
9270
5059
9185
5208
9435
3182
6330
8593
5103
9477
8033
6675
9437
9800
7708
6054
4728
2796
9364
3154
4517
2655
9507
7692
6857
7201
8068
702
300
6973
5115
8491
120
7535
4304
6622
8013
2121
5015
5732
1544
2226
1209
2059
7005
2830
5932
3196
858
8824
3685
8324
6951
7382
5877
6384
5773
2732
8676
5373
1244
1997
8115
71
7567
9374
9105
2582
9826
8848
9167
9633
3552
6417
8071
2876
2152
6506
6390
3459
4465
3430
3157
2987
9323
6725
4736
809
9043
3013
6387
9304
3349
8603
5267
6169
8425
7152
3610
3738
4136
9289
7427
3657
4732
8162
6305
7156
5176
1798
6389
3432
6726
3074
9523
8867
6071
9744
1792
9566
7396
1069
2749
9759
9825
6577
8925
895
7463
2017
2970
1590
7520
7774
6474
1135
5606
3807
3556
2502
4523
5448
1520
617
5757
8962
8647
4390
925
7849
3109
4749
6647
9359
9304
7483
8834
2896
5435
9029
7947
3638
311
7222
5906
3627
5899
9862
4878
6117
5142
6565
8588
5017
6789
7282
2785
554
3612
3781
1133
5406
3980
3937
5728
8464
2991
6407
6115
2344
1678
5554
8981
1306
2923
1987
6249
1517
7258
9196
6741
9578
9677
2342
4711
3550
9097
2692
307
1990
6019
8576
2224
3500
2913
7578
7211
6571
5521
2549
6354
6669
4863
1445
1187
5278
6596
5187
4301
8347
2954
7705
8829
3027
2439
4551
6658
4551
8036
4148
6713
9326
8847
6969
6228
7267
4956
367
4505
8980
2332
2529
7106
7196
6535
3287
9915
7846
3570
180
4488
3501
6008
8545
2870
8424
6495
9189
5054
6142
804
8712
4872
7259
6003
9562
4399
2798
2784
4570
8147
8638
8577
4108
5780
3158
3522
370
928
6870
7443
4528
4240
8032
8202
651
7051
6781
6144
2965
3475
757
4306
5000
7320
8078
384
4700
6122
2153
9365
425
53
8147
5197
3149
9276
3007
1852
1656
9688
7202
4962
6227
5587
2957
3502
2358
4195
9526
4530
2773
1791
5425
1034
3513
4683
4776
9619
4623
8240
7737
9852
3589
4427
9959
9241
92
9351
7192
798
3559
9328
8219
9542
3022
6091
2239
2532
1775
8348
2333
6133
9653
7670
5117
7890
5197
18
9403
9508
667
5145
141
5143
5786
9601
4912
4488
1892
8016
9029
7355
1154
1894
4494
6670
3956
5861
5961
8289
1705
8364
7977
1365
9677
6844
7923
844
1150
2151
4581
7553
108
8813
423
8188
9676
6144
603
8499
8586
6729
2545
49
370
2779
1677
5968
3401
5142
8330
1370
3586
6698
3269
6099
4449
3526
2670
9647
642
586
565
8577
8178
3439
7315
6528
2410
5245
4
6234
7283
1468
1415
2980
8212
2620
2328
7050
1949
6962
5960
6661
5640
6611
2882
6516
2986
4549
4740
9085
6129
2483
4046
2252
5675
2316
2043
582
922
3014
634
6449
5166
6824
8534
8864
7061
8725
6780
5048
4846
7952
799
8497
3518
274
4928
2113
251
4744
8138
3449
1420
1580
9967
2175
9001
4053
6575
4925
9818
9966
3876
2108
7857
46
5797
8112
2080
5771
8672
4845
4850
7813
4174
6123
5895
7729
5159
3219
3795
4824
3722
4186
7440
354
955
1173
5574
9782
8888
1709
2344
1521
2635
9760
4106
9569
798
7989
8737
3933
1752
8405
8184
6450
777
9913
6406
917
7300
5873
5195
7174
2745
4470
2753
4641
3291
8904
1803
4505
3682
2503
1974
7803
3515
6431
2922
7427
8033
427
8716
5456
3128
8271
5429
3362
3326
5444
4360
719
1817
8976
1187
6503
7327
1282
9738
899
3399
3199
997
5551
9261
8290
7668
6747
2047
967
6805
4419
489
640
3279
4991
4530
3553
8465
1514
9582
7359
9432
4391
6236
9646
1649
5943
2985
6881
9306
1037
621
4232
8174
8995
5272
5495
4436
6335
4943
9743
5536
9690
4419
9497
8782
2886
2786
7115
6887
7203
5892
5613
2854
28
1361
3523
7389
6064
5187
8173
8674
4831
3376
3950
3055
3153
4004
531
9422
5153
6351
1190
6861
7546
5047
8567
710
6882
5772
3446
4738
8542
7989
1953
2493
368
6190
4572
6162
8689
4683
5515
8098
8528
4744
1101
9
2065
394
5714
2647
873
7870
4624
3741
7567
4840
8274
6802
4992
5438
4365
5000
1804
8588
1951
1464
8809
738
509
9690
5379
3530
4933
7419
8125
8625
2009
7578
7713
9909
6237
2874
1413
5278
2646
2072
1941
337
358
4723
1353
7449
9297
3521
9710
6014
1976
7016
7068
5337
5691
811
9165
6581
1403
7800
7462
3698
6438
3410
953
4049
7258
4954
2028
7422
3954
7666
4031
3666
7604
1141
4385
962
4226
2984
3254
6973
8885
5917
5996
4150
3579
1098
3710
7483
3230
3968
9710
5159
7320
5066
1863
5894
5145
1275
6522
9687
4045
8561
2511
9889
2941
2789
8099
1372
705
261
8800
6790
8122
1336
6794
1940
3458
5361
1504
1123
7759
2510
7143
593
4051
2987
7451
3709
1521
9957
7135
1565
1070
5717
9223
9175
5828
790
6643
3472
4682
4467
8867
940
8675
1203
3456
9424
2880
8372
8641
5989
3822
969
1264
5009
6357
8754
2518
4983
8784
7261
9210
5629
5351
4491
9189
6553
7189
6139
9658
4651
9654
803
1681
7449
3903
1319
4591
4718
9843
1612
2
6659
3480
9543
918
4587
9607
3511
6363
8704
9094
5290
3547
8758
2821
4644
1411
8193
2379
1721
2801
2237
2261
6262
95
8634
2928
1776
2641
7677
3773
8022
1865
1433
2067
7684
669
4333
8155
8580
1032
103
5159
5832
5296
3133
2316
1262
4868
6910
6681
4060
9396
4921
2306
3519
6440
7854
6120
3399
5313
3936
1354
6670
2936
6186
8863
2986
2402
2535
7655
888
456
9093
6533
1077
4977
8343
1349
3173
4241
2960
3802
4994
7614
9374
5672
3739
7049
9684
5211
2165
6080
322
1049
4067
6404
9391
6144
7458
633
2779
3096
3201
6655
5777
5201
1086
2429
3515
6317
3308
9400
9146
2429
8477
2532
2092
3256
3050
7986
7416
6087
4952
4987
6348
6253
1086
1881
8467
3553
5248
3687
9644
6777
2366
6536
7686
9032
3421
3728
5403
6514
9522
8954
5273
7445
4554
649
7018
8277
493
6429
9637
5621
3486
3250
4444
312
2743
5905
3171
8750
1350
4868
7484
8410
9736
5955
4796
8784
4122
261
3814
9892
7898
5420
1916
9912
4104
3223
6876
4415
2918
8564
9898
4617
8467
1756
8699
5483
7660
6555
1354
4819
9303
8506
421
6485
407
5927
4298
2503
7381
7998
6100
9405
3198
9836
8309
1128
3756
5135
4440
1876
8629
7242
8356
3868
737
1567
5186
2660
5236
9613
3139
636
388
4141
3408
3363
423
3527
9006
8866
4998
6318
4037
1638
7271
8300
6903
280
2969
7670
2830
4254
2419
1580
3713
3084
7021
3095
5632
6460
4028
9474
4818
2654
2092
4734
4713
6149
7553
5770
1539
7176
7753
2630
7356
6016
6098
5458
1442
4292
54
1718
3471
4334
2424
2347
6294
7802
9217
3685
7235
5141
2819
8278
2950
4973
8038
9289
4473
4310
6124
4754
3399
5092
8962
8452
7446
2866
599
7619
9779
8434
9264
5447
9244
7437
4927
2046
7639
8425
3875
5793
472
2085
5898
597
2804
5202
8834
7810
4740
5364
4009
9246
6528
7854
2402
5172
5721
700
5069
6551
9267
5967
2311
7490
3655
5275
1582
4926
9258
1528
8330
3026
3798
6889
7106
5657
4150
6204
9798
8959
5993
4470
7490
4326
9957
256
1628
6823
786
368
7283
2589
383
6175
1838
2394
7502
5432
3160
118
3923
8727
2881
5012
2709
2912
9464
1496
3034
7490
9901
3662
6704
2272
5144
4536
783
1051
913
3768
5606
9328
965
5798
9071
7910
6900
3905
7113
1719
6810
4270
304
1646
2194
1324
3406
3290
7224
7906
7889
8970
578
9005
8661
3209
9268
9258
435
8942
7900
1832
4409
529
5456
8948
1531
2334
2728
2141
7741
6090
2170
1162
9753
3757
2505
926
8102
3349
7970
320
8503
9547
6229
7210
3257
6535
3483
6036
648
1694
8163
7096
5656
1858
9992
5081
4578
1884
2881
5582
7377
6657
5969
7962
5840
3999
6268
8200
9523
6331
2017
7550
6171
5098
8796
6032
7151
2249
6794
1999
2633
7157
4836
2862
4742
7376
9044
3971
2574
644
5524
7576
2356
8339
3728
8549
3546
5982
45
9376
9792
8738
5541
481
2592
7819
338
5382
172
7130
3303
7894
3232
8546
5329
844
6829
5890
4138
4284
8317
4839
121
7392
2167
9046
5973
6986
2450
2317
3732
4931
1175
8873
3554
6891
1099
9802
4054
2845
8894
6413
7324
4270
1114
631
9378
7620
5531
6020
3519
5477
883
8332
1150
2974
3278
1858
9219
187
3251
8475
8020
209
1634
5955
4218
1872
3184
1515
8115
1295
4421
8827
1366
5017
476
916
621
144
2829
2122
3909
4728
9366
4629
1445
9928
2632
8120
566
6958
1898
3705
2865
1356
8758
5611
6660
1315
223
6937
1815
4633
6454
6482
9714
8020
6232
8598
9612
1655
3699
5019
2871
3491
7243
9719
9186
1888
5558
5866
4843
6616
4319
6066
4852
2679
4035
4635
1759
4721
2437
3189
8422
6910
6210
8591
3901
7970
2393
9690
772
6100
3767
6528
5451
3111
1783
7307
9734
1716
8879
1418
9429
9277
8664
5055
101
5365
770
7633
361
6306
1031
3408
9351
4594
9629
9604
3584
1466
5937
9090
5783
697
1106
7503
3450
6423
4827
507
9744
5834
1864
8908
2465
6254
628
1536
3453
7009
8084
9510
8967
167
2052
6955
4623
7960
275
7532
8641
682
372
6907
7886
1227
7347
5023
2564
3363
4000
1329
2378
6494
1610
5776
6575
4726
2218
7373
3390
5012
3385
1204
2696
6982
1500
2697
3681
8770
9084
1442
6651
6575
9502
1478
6063
3232
6836
9729
7913
666
9483
2708
5785
3603
7460
4592
3545
2121
2502
9696
6296
1342
1916
8413
8606
9815
7990
6486
8993
5773
6278
7754
1237
8087
1702
8794
5631
2893
2914
8976
4062
9830
836
3382
7271
12
9830
4352
1747
5761
9305
4649
8914
4309
4256
5370
2769
3816
9175
7608
4710
3280
8425
110
7830
6090
7096
8798
6141
7157
5088
3518
6001
9127
9131
8339
1012
8942
9317
8796
5992
9004
4293
73
1563
2500
510
8415
38
5379
4344
3329
9381
9914
4444
8913
3068
6497
6069
8234
4915
5925
1838
19
4976
1784
5709
2095
6530
3309
1601
3506
9372
140
6445
4285
4036
4502
2725
6976
5143
1507
7337
3958
7909
7342
5741
5801
4787
4330
3121
3682
2099
2404
7058
7468
6305
8278
6589
6561
9319
2650
9211
6008
1234
113
5407
4017
7844
1416
20
646
967
7038
7884
3264
853
6950
9221
1005
471
1836
7091
776
8196
6177
3225
757
1094
9027
8343
9622
3060
3840
5931
2480
7588
1325
8985
6635
7505
391
3678
6636
9640
8548
5190
1647
7330
4474
561
6439
5313
6580
92
9495
2928
5136
6114
5275
4690
8688
1497
490
6605
4258
5125
4927
1465
1387
4798
9387
8608
3544
7153
1929
2881
7276
3657
2157
46
7636
9556
4668
1846
417
4095
5571
7396
1765
5472
7944
5602
5999
8261
5867
3467
6924
4771
1589
8390
882
6093
8919
8976
2303
2187
8289
6918
8772
872
9463
3844
9725
7120
2175
5920
246
2853
9827
5803
7275
8544
2420
6369
9182
380
7554
5524
5692
8916
5550
1421
2227
9848
6185
3650
8755
9169
8467
5339
7614
5868
2420
3089
1349
6939
5515
8630
1028
1796
6148
7153
3623
8564
8509
7071
6613
302
8725
1331
8086
5802
9294
5978
7363
9543
944
1718
7846
5108
3704
5851
574
1276
1912
2213
731
6501
935
6766
8808
1542
6709
2233
1454
5524
4011
933
647
6039
3138
1004
6555
5785
5874
3135
7308
5328
8746
3466
7372
7576
9374
4881
3528
1844
8299
1023
5588
5213
1788
6854
3837
2268
4437
1092
4928
9845
3787
4014
4781
6093
7807
4512
3230
7682
9019
5190
7147
7679
7061
2173
2443
2186
4599
2024
732
2070
6064
6624
7880
6522
6105
8328
1990
7015
7215
7383
4326
2943
701
8282
5188
607
8679
2791
6124
2421
8812
9644
4718
3223
4459
2820
9577
6773
6458
758
4682
2375
9868
1024
3846
6830
5728
7154
3246
6732
5531
1200
111
7574
1907
1622
8255
5716
7050
8708
9088
6796
1739
6289
6897
4445
1809
399
1565
263
3164
9698
3928
7566
2262
9925
3934
2892
177
2457
7669
5915
7036
7038
4657
8619
8864
2737
6510
2641
2215
955
3722
4651
2028
5986
4012
8170
38
6596
8470
7868
7107
7974
4023
8799
438
3818
6159
2626
1484
4163
2784
3318
2939
9507
2037
4071
2259
5908
8738
1158
9901
3527
1715
6940
8866
9726
5106
5284
3534
6799
3921
3821
8672
3065
3836
7087
8674
2533
6663
7913
9211
2411
564
195
695
737
6340
6123
7494
8965
5339
8924
6170
5072
536
894
7399
2076
7662
8482
7763
2603
5905
2589
8334
769
7584
6730
6334
1577
1838
7407
9829
8021
8213
1288
6549
6999
1864
2638
8686
2622
9663
831
8006
2483
6411
3924
371
2577
7794
180
994
4697
8400
5720
1107
3584
7936
8699
4118
5444
359
2702
8438
7207
9814
1100
7818
3902
6502
3802
824
6022
8738
7715
6626
8691
2794
8355
5761
694
5845
7510
8633
3332
4908
207
8121
4096
8279
7501
8321
3419
6940
9868
1810
3359
4373
447
9146
8829
9904
7339
773
8992
7420
6044
5080
3972
5078
6410
4692
5804
6671
5530
2387
423
4006
2987
4337
6531
4639
5991
1144
617
8702
5833
8994
9349
9576
4864
4154
1023
2369
3757
3610
6682
6988
3184
8980
9535
5707
5677
6352
2856
7242
8009
2699
516
2397
2515
254
3761
6621
9087
9982
9952
2479
9823
9726
2168
3696
7043
9368
3478
2251
6327
4191
8364
6369
4257
7145
7624
6160
371
4301
9569
3165
639
996
9611
8433
2467
4785
6260
6624
1359
2036
4912
7703
4362
832
2219
2719
1205
6108
8247
3557
4895
9835
3089
398
2465
9771
7190
2693
6162
5678
3675
109
1435
7178
8972
1534
7778
9582
1706
7041
5966
2221
5772
6602
6559
3762
2133
7327
4200
5175
7610
1369
4130
673
7435
707
8807
3530
1876
9520
5092
6295
9149
4632
7578
7011
8691
8855
6726
5537
588
6285
1602
3258
8019
8474
1633
4646
3615
1991
1056
9089
3668
3299
9160
4594
205
2703
7528
7447
6139
9292
2569
7765
8149
214
3208
39
1799
1771
7869
4037
2519
6406
9290
3082
1331
4152
1670
2012
1549
8529
8065
9954
5357
8110
9704
1974
9229
826
5706
2237
7274
3287
5028
6366
3408
5332
3149
561
2039
9870
8530
234
171
2719
2931
3700
2594
9371
2815
8521
6052
3091
832
2089
2033
7187
3284
8048
3787
9622
5325
5872
6453
735
8665
5393
3884
6932
3035
1405
9899
9831
5056
2105
6954
6091
9916
1800
1344
5924
8029
186
9697
2287
1340
3792
6365
788
618
5813
2072
1820
2381
5293
9618
2211
3914
8335
4710
6716
6297
9944
4700
1249
7133
3710
1510
4124
2029
8717
1489
6440
6902
9583
7613
2384
6851
3393
2960
2109
4492
1200
6924
8281
2043
8499
1211
6380
8169
1311
757
9632
376
5897
2104
486
2509
8426
2894
1520
941
8174
4782
1954
6637
8860
852
5112
6213
1107
6724
9444
7109
9917
6091
8126
1893
6744
9206
6431
4383
2071
8587
4084
1209
6594
2910
7471
9160
4667
9340
8030
2123
4392
274
8893
8694
8130
5979
5312
2049
3476
5633
7361
4944
9799
7402
5277
9268
6321
9178
2393
8530
4559
1123
3065
3347
6353
9259
9184
5137
6224
466
3237
5951
9946
4443
1971
8288
8228
6455
2612
2260
718
86
9327
7436
8504
2888
9142
4685
4180
9333
3023
3131
7400
8410
6856
7000
3480
4231
7466
9195
7477
799
363
7089
239
4447
2303
7061
845
111
9327
1186
940
1197
2622
8871
2228
9939
2728
2734
5523
8288
890
3565
5490
4231
9045
4780
9613
1928
6851
8208
7488
7295
2585
5157
911
3047
2900
6500
3478
6313
6256
3773
9505
130
8873
2861
1930
9932
8971
1398
7532
7612
758
7720
5172
7820
7754
9628
4797
9514
4553
1927
4638
4314
5659
4295
5007
8673
3425
149
8829
6808
4560
5609
927
9208
4779
52
4159
6366
896
5793
8055
4686
7471
3220
1660
7378
9748
1712
9953
6033
2974
9801
4052
3299
6765
3609
6088
1127
9228
9587
9128
5145
1237
2227
4937
9921
1737
8029
5584
7191
2432
2437
6017
2462
3504
4929
3790
9961
8149
7750
2740
3909
4038
1782
6142
2895
3334
3911
1820
2998
1089
9259
2464
7683
3341
4022
4960
1137
2753
6128
8794
9689
4025
1006
9295
3832
6290
5681
6801
2995
1660
406
3678
8098
278
7936
9701
9120
9293
2170
6930
5425
2495
9850
9088
723
6160
1971
4929
2152
1704
2619
9712
1890
2267
3251
5913
9954
3399
4032
2509
3560
5803
7367
7439
1858
9535
8491
6345
7590
3938
4226
1
429
968
4765
6133
828
3688
1157
579
7523
2299
7550
1441
1574
7177
7625
1190
5828
2170
1601
2776
5145
2684
9654
6963
369
5201
2087
7251
2213
8763
6106
2531
5775
6653
9896
5128
3715
4455
2041
163
3926
6503
734
4492
2829
9665
5725
2047
2654
6526
9521
4375
8286
3894
5051
9484
6100
8997
1570
6364
2445
3974
1870
6413
3769
9245
9552
223
9184
445
1601
8630
705
9963
6715
9257
6256
3267
825
3642
4876
265
4160
7801
8273
9800
7713
2063
8831
1948
3683
9782
1937
19
8226
6404
9308
3666
5803
6170
7237
1081
7836
1925
9940
9335
5782
957
5405
3975
4391
151
2733
5046
8529
1766
3343
7817
4619
3718
3754
573
398
9054
8731
1432
1766
6134
7744
4976
6891
5313
823
7547
1742
505
7850
2853
1290
450
5929
2813
5324
5808
3387
7758
2586
6493
8853
1425
3192
460
5065
6469
599
7556
4063
7141
6381
6679
9831
8932
9746
5555
7024
2636
5297
7899
7992
1198
8268
9529
4334
6447
8921
4712
9326
9339
8158
2116
7950
1213
4476
3033
9502
353
172
1775
4106
6030
3959
4470
1721
1727
7270
5041
3994
9454
4273
5749
2809
2225
6616
2693
1689
7226
1669
4803
1473
7842
3118
194
3729
1977
5238
2547
6724
7631
4954
8425
1439
335
7422
9858
1218
7126
8268
5057
3086
5149
1466
5448
3232
8743
4242
6748
3316
6575
2560
5022
1455
5045
9989
2191
9550
1379
4818
7994
1634
4685
6899
4123
6512
910
5797
254
832
8017
3113
7958
5905
9111
4552
4228
306
379
2940
2468
6734
8287
1610
8051
576
6828
2185
4995
9550
1872
5909
778
4194
9618
2736
4493
3094
6365
4585
3647
3729
1815
4219
7380
1029
4272
3237
6316
5911
6558
881
7248
9578
9642
7835
6766
2756
2088
5093
6612
2862
2805
9212
8225
5590
5490
1440
4757
1972
9775
8361
5014
7010
6461
5662
7689
8770
7518
5153
1389
3029
6401
1285
3085
4942
6526
7334
9238
8314
284
1212
9714
1442
1259
3865
7381
5248
7271
3636
6481
321
878
9851
3360
5499
5794
8672
3085
5675
7556
8876
7140
8354
1733
1421
8164
784
147
2850
9120
1315
8114
6814
9125
6574
2627
9061
7023
5332
2324
4155
9098
9753
3381
1153
648
847
5601
5901
6179
7779
4997
6021
4436
524
1640
7497
501
7188
2651
1531
5432
4136
7040
2533
9341
9110
21
6726
1128
9844
1949
6072
5583
2934
335
689
6446
3770
780
6125
6641
5044
557
7079
1468
3072
3106
1570
1012
9422
9982
9614
9187
8020
6831
9233
8530
7259
9463
6167
1367
3407
5835
6500
3108
5941
5861
4765
4936
4459
6091
850
2994
2613
403
5737
4460
9517
5158
3816
7532
9350
1482
8845
1418
3908
4257
2870
2442
7534
2131
8523
593
9727
3253
9465
7245
3294
3933
6514
8820
5274
840
5654
8100
3106
2263
6122
1997
5867
7501
4900
8358
3090
4126
2192
1979
2162
3670
7518
3311
6116
5761
5526
7845
184
19
1940
1938
8759
5733
8372
78
9211
9937
9111
2740
1645
1787
2145
6660
6453
8422
9132
3437
5035
508
1109
8692
2905
2516
7633
3691
8591
6979
2291
5325
3088
5270
1292
152
3211
2164
1429
6629
3050
1011
5213
2654
1833
518
711
3582
3129
8339
3952
8408
8625
1669
8828
9651
3211
3033
1976
7827
9442
3368
3718
2328
263
2507
2667
5168
1410
2744
8931
7238
3097
3383
7002
3576
8795
6499
7819
9371
8113
3814
5511
7002
8324
2550
7603
2835
6295
4008
2487
4487
9130
1303
7079
169
5275
6200
2880
8520
357
1442
4120
9002
9228
8886
9623
8214
2695
2792
7323
67
9194
9475
6428
274
3784
9782
8522
8074
6688
4023
9040
1251
6177
4221
1238
3656
5744
6647
709
5651
6451
2980
1753
5141
5951
3917
8902
5249
9231
4507
533
3901
8502
7977
8642
2
7418
6504
1082
1865
3857
5483
2763
4599
1571
4236
2925
5645
5844
3545
7002
3807
8219
8050
7838
690
4582
7110
505
2072
4894
2286
2689
4672
2711
6387
3080
5046
2648
6291
2713
807
9157
793
3850
7689
5561
3144
8848
1999
8949
3663
36
5306
7741
5005
1114
5539
8363
6814
1641
1360
2264
8204
4198
9538
4227
1189
2369
1979
2697
4725
1778
4703
731
1987
2418
3300
4569
9894
8487
3168
215
1274
5706
7320
9331
593
6718
8527
7087
4549
6938
2576
6426
4742
8352
7796
5191
954
4906
7057
6844
6030
6986
563
1327
9702
4012
400
6354
6424
7006
4993
5757
3243
4484
6909
3703
1350
7729
2799
6127
5919
2786
4444
2068
6916
4902
1281
3747
2707
4127
6742
7542
6431
6343
7188
5548
7270
6079
8377
8875
2158
548
8391
2572
1823
2376
1050
1897
7034
4228
7789
9472
2319
5792
4859
7288
9313
285
9405
8217
1956
8163
8584
5651
2857
9829
9874
775
7775
1880
7732
5138
579
5845
1233
4463
860
3770
9678
7283
835
1052
2191
4191
8805
8048
9372
4589
5211
1157
5456
5387
2337
8626
5182
3390
5800
8524
6283
3952
9842
5769
1460
9464
7610
9950
4707
8292
6657
8213
7122
4017
5497
2562
3305
9896
9612
5363
3866
9989
892
24
7031
233
6847
6556
7226
5589
6965
5238
4681
3018
65
2277
3587
1487
7562
4775
6130
4682
4611
9442
2169
6182
8728
7710
5051
1823
172
7810
1895
3168
5519
9476
769
716
5584
4967
3975
2081
3088
3126
7342
4514
3266
8532
3588
1052
2306
8464
6821
4413
8364
8090
8618
6820
3977
4299
2363
4517
97
1001
2878
6649
5496
5743
8299
1660
9376
9927
7186
670
7747
9709
1749
4453
8534
265
2845
4013
2691
2706
9682
2840
2727
9538
5939
526
6711
255
7189
6059
9616
9625
5033
6502
3479
7903
6452
7793
629
7108
9246
8635
1210
1009
3309
4947
4141
3049
1097
8785
139
5166
875
1710
1536
4203
3220
2355
4614
7052
6827
6362
174
4606
1609
6944
9489
1357
98
6290
3324
3534
8961
5540
2661
3264
5401
378
9218
3996
916
9662
3323
5379
9437
3773
3601
8378
6892
4512
5892
4955
7058
6620
9077
5990
1037
8088
3826
4958
2215
6544
1097
39
3949
2201
565
5596
5997
3718
9991
7677
2359
4995
7518
5641
9968
7017
7168
6929
2300
5782
5657
2274
3532
3853
7165
7738
6674
6271
6264
9111
3166
294
9648
4405
4612
9297
3290
5034
4445
4301
6533
8214
5019
4484
106
5266
4415
8347
4878
6480
1534
6213
3057
1877
7917
339
2061
7772
1906
2412
8741
7718
3415
1720
9896
9257
8708
6451
4562
5116
2105
2383
3356
842
8017
8379
9533
8001
4653
4908
1732
9569
1512
4875
7853
9905
2132
8533
2375
6327
1999
9102
9400
6035
9764
8110
4456
2503
3538
7624
2580
2105
7518
4580
4445
4366
2839
5920
5149
3235
7838
5547
8065
9062
8698
2239
8817
3266
4425
9345
1846
6109
262
5256
9327
8922
1820
7334
1874
3626
8798
6213
5106
8363
2226
1063
1481
2568
2430
31
7635
3857
2393
4399
807
3543
8201
2870
141
9219
2975
2926
7903
3345
2248
674
2018
3089
356
764
9831
4138
764
8065
915
9328
4193
7192
4033
1966
3455
1871
9786
3800
130
5698
6126
7843
334
2231
6213
7004
7868
6313
5465
4365
2059
690
2932
1673
8783
8271
8684
4883
1474
6197
3877
887
1038
2105
579
8882
1109
3510
9504
705
2041
5460
4905
7193
9927
2260
4083
8340
7038
6164
3219
916
231
2095
2416
6317
3452
9529
5746
6170
9850
923
3255
1753
2639
5383
9077
3504
6060
4848
9103
4209
6925
3954
5005
282
4480
9068
3584
9524
1172
8482
8682
6351
6581
7516
1587
9615
6852
2724
5485
7526
8877
7676
9882
225
458
4610
1498
721
7008
9142
1166
6694
848
9113
5611
5717
2949
3543
7465
1877
5067
5497
9326
13
5945
3545
2194
5587
2663
9805
5893
9519
6897
8733
2991
9008
5783
3919
3785
7552
8664
4688
8592
824
6513
2451
6540
7318
7920
7892
5923
7519
7202
3591
3338
2394
4119
5994
8865
8452
3806
1280
3697
5981
6424
4509
3442
7219
2184
7586
7422
3666
3289
5842
8366
2338
318
3062
2388
7009
9682
4903
6359
7375
529
6030
3798
280
2939
3583
5875
2649
8753
7032
2155
8503
1645
4755
8507
5192
5949
7890
3335
8841
3376
2474
1882
7653
6061
1373
2875
2664
3288
6299
416
5540
1375
9443
7813
9714
9642
9354
8538
7757
3261
5481
5911
9020
5413
591
9915
1063
3295
9677
7814
2575
2719
8780
9961
9458
2753
7710
5327
2014
1939
1302
9864
7437
8261
4794
9246
708
2109
1027
5395
3299
5327
2230
6086
9242
9064
5473
2697
887
6142
2836
4072
9703
8433
359
3138
5069
8062
1759
9854
2174
9867
3140
8248
1795
1273
4982
3746
2911
5524
943
6003
6797
5952
2386
7985
9392
5153
7537
1444
9616
8510
7001
5496
7830
4016
8311
9535
9780
9268
5454
7016
9763
2777
8938
7620
8798
8688
6213
132
8289
3327
8340
6969
9969
3127
9932
3754
2712
4032
7538
5770
7080
776
732
5901
4616
5466
7088
6725
1682
2031
6661
3836
5356
408
299
4155
9901
9684
6209
6119
328
1664
4325
1241
49
7732
5364
6199
396
6321
922
973
2739
8167
7997
3077
4308
8956
4578
569
3709
3266
6911
9779
3825
1039
864
676
5464
9615
9531
481
8205
5142
160
6296
7504
749
3517
3249
7307
7105
8599
1836
9628
9443
8612
4550
8584
4062
13
9495
2130
1000
5379
6017
6623
6596
2990
2987
682
5530
1178
9826
7493
6059
714
9006
5894
6241
3079
2035
895
6006
7637
5044
8298
5795
3989
3593
600
566
2284
5143
2547
6241
9924
4003
5060
5735
2428
5937
3524
1849
8921
9306
7977
8916
2403
261
7898
384
452
4055
6757
9119
4231
2189
9448
3802
5049
4476
984
2912
260
1940
5256
1487
7243
460
6606
8209
135
8264
5670
4634
5767
4447
1534
1441
2826
1249
9684
8095
9708
8436
5328
855
8935
5863
1318
6786
8000
4301
6336
5249
1234
3264
9127
8966
7835
307
5372
7345
3258
6386
3826
1429
2240
5473
4647
1682
1784
7874
950
4544
1639
7579
3665
7465
6065
7547
5061
8351
9898
7383
8293
2324
523
2750
3932
953
6152
8033
5559
9658
7891
4833
8019
5737
7987
3044
5181
4593
9760
4611
5615
2996
5392
3194
9836
1496
7240
7509
5898
9320
2414
1555
8396
133
530
7268
5784
2485
8029
8560
1158
2212
6219
8401
4580
1238
8341
3154
5655
2999
4154
4806
9446
5049
3049
6979
1553
9911
4955
1460
3874
4488
8490
7942
3953
1169
9556
195
6274
598
5984
2454
2035
6243
2104
9799
9797
3586
6986
7509
349
542
9061
2865
6730
948
1991
3069
4989
8295
9546
6507
526
270
6146
5212
2109
3879
134
8635
8993
8989
8300
8249
8293
6048
1959
6452
82
2865
1596
2439
6030
9966
8528
5887
3260
6724
3428
2036
6883
8665
5232
4199
9506
3893
8510
1817
5820
3839
2978
5669
6811
3062
4324
6182
1425
7226
1137
9914
9607
9094
4637
9247
7592
7978
7857
2285
4755
1133
6789
8053
5250
1609
4405
6502
9921
4150
4740
9924
9412
6033
4424
5875
9704
2430
7592
4052
1942
6512
2174
7331
2473
1488
3439
835
5358
7825
7108
2917
1652
6153
1137
9131
8395
4348
4021
3104
4382
2390
1821
3800
1336
5706
1367
5918
9238
5319
2031
8703
2268
6407
369
9865
1129
8522
4924
174
9163
3657
8411
3586
8293
2032
3541
7503
8262
1904
1798
8885
3893
9828
2971
9873
3347
2079
6481
8259
1299
130
1225
5800
3183
8155
7366
806
7739
4678
5226
1047
9868
1806
2747
8471
6535
4141
8351
3687
6872
9717
1393
5069
3137
7894
2865
4937
4536
4539
4818
5266
6478
6578
7863
4819
325
4604
2273
5058
2317
6972
7263
1175
450
9554
3625
1267
2712
505
7423
6750
698
2308
5619
6260
4864
8502
3525
3383
9228
2909
680
4298
5378
4052
5411
6706
2751
9565
8844
6819
8542
4329
4795
3598
9324
1429
5114
6588
332
2501
2861
7146
6575
7539
1142
4299
2157
7794
7912
7276
9469
978
931
7163
2522
562
7439
3864
3606
4595
4561
7670
1966
9068
6940
4764
9290
2956
3119
3723
4017
9425
1267
8452
9849
4138
2631
7360
3471
6698
6719
5700
7396
2377
579
1935
8820
3116
2115
7969
9436
7104
6834
4258
620
6982
4692
9552
7012
2903
5941
80
3190
6257
8657
5739
1328
8558
4859
7494
1176
2334
9362
7807
9021
9021
7398
6651
8941
9115
4928
7319
9555
355
2889
8050
6999
8611
9887
42
3217
9891
3792
9691
7345
7952
5167
1116
6071
1743
7509
9910
9155
2522
3898
1922
3982
9749
9414
7038
6099
9678
2580
1865
8982
3029
7283
8952
630
8223
4552
7441
6043
9910
8367
7371
8597
7550
3388
8501
8259
3256
6638
9610
7406
7477
4098
9416
475
6926
4281
9980
7019
179
9475
350
9
6409
4245
949
44
6302
516
7499
2630
9232
5487
8046
8599
365
3194
5377
8897
5307
7958
6514
960
3121
1500
4857
1215
3409
7751
7166
7591
7245
3530
624
8310
760
6640
1212
8640
2894
7247
7888
1063
9351
776
6698
9334
3163
6044
1109
2297
6063
2866
3157
957
6487
780
3133
6254
3272
2677
4032
5551
7212
7431
2845
4460
5631
2122
6893
9699
2848
1451
3651
1449
7891
9052
964
6333
4841
6598
5746
6282
6207
7627
5744
8848
7379
8954
3977
9102
3602
1814
8685
6915
9563
466
8610
6189
9566
9649
4085
7620
8302
7761
8967
7921
2335
3665
1283
225
2865
7255
7342
9851
39
9701
5122
7564
5624
2505
7596
2123
9247
1093
4624
9877
244
8762
3850
8059
5895
4052
6408
4936
8322
3896
2244
4314
4425
518
1127
7820
8120
6302
9637
51
3557
1753
7708
3571
743
7694
3360
5408
7853
7878
5408
8042
854
2214
4157
3429
472
517
1943
6911
5270
8060
7678
7410
7816
8297
9107
8557
5929
6528
9317
2876
2850
1992
3677
8049
4819
8901
5555
9145
298
5409
3390
5828
2025
8706
2957
8394
1885
2723
948
5803
7906
8529
5402
5545
8771
188
8521
4648
9174
412
2848
6864
1954
5967
4642
4460
2539
8085
873
6605
362
134
3204
6967
442
3003
8580
4785
1197
4367
600
3652
1229
7725
9878
3058
3866
9069
1566
3341
311
6228
196
9047
23
3427
4977
5405
3562
988
5095
176
9008
6577
4322
4144
4967
8577
2547
7755
39
4801
4702
3057
8421
3789
3469
682
9093
1419
4658
4353
4322
3185
2782
9553
3637
7777
4988
9540
5524
5054
2135
5069
7394
9860
5773
4359
1025
7871
5069
925
6400
7341
1007
1035
6563
103
8142
4509
2930
8618
6546
512
4671
1770
1334
319
7130
1671
5033
5008
6260
4223
6349
1640
2348
4394
493
7177
8566
8562
106
7476
4420
5949
3843
661
2117
6855
7873
5806
7890
3437
9795
3702
7716
378
4543
2864
3190
1033
4902
967
6939
4649
1420
4249
1583
1694
7241
2767
2450
6060
5106
6301
3871
8721
8910
4784
4078
9967
1215
92
1579
9210
1123
8899
179
3637
6751
3584
9849
2841
1441
1684
4605
1026
4083
9499
6106
4449
5687
8958
3277
3565
5208
3655
5406
9821
912
5396
4146
5934
86
73
8513
8127
9333
1618
7750
9999
6020
7355
9893
7626
6715
8439
5551
4333
9366
6969
8254
3872
155
4932
6357
6295
4992
5053
4559
1685
4317
132
4407
7147
752
140
7462
4984
2014
6063
5361
1362
2289
4753
1641
4520
8179
7379
3222
8073
1507
1905
5991
4698
6993
5033
3776
4260
6852
1228
3449
2365
1026
5907
6289
1171
4791
2062
4089
5368
2006
3981
877
1602
7126
1070
9504
4812
8293
5338
4757
3680
7883
4121
2893
2581
8319
5159
8123
5774
8233
4181
64
6889
2990
4460
3616
2021
2529
8169
5731
2235
8294
5754
3398
2392
3173
8463
6956
4342
1913
319
8584
4527
1123
5015
113
3350
9186
1136
7970
6035
8456
3543
8720
834
5844
5417
4430
3624
1277
6307
9189
8769
656
1001
1228
5057
3485
7162
6906
5006
1887
1070
2584
3581
3105
788
4764
9558
1290
837
4453
1500
274
2
9932
1827
1255
4228
5918
2715
7136
5376
8709
3132
7078
9174
7949
6106
9352
7073
1691
5247
1134
9550
2177
7151
6999
4182
4778
760
4635
8184
786
6242
9733
1713
3755
6134
9029
1251
3290
5843
1977
2381
1646
6928
7362
4681
4966
5443
4729
8171
7652
2231
8163
7312
2312
7231
263
2340
9453
9869
9703
2695
771
4821
131
4316
4007
2881
2570
1354
9534
8268
726
6272
2719
176
1284
1539
8798
9413
425
1399
587
8083
9388
2762
7908
5781
8059
2428
6917
766
5650
3585
990
5250
3916
1152
5050
4521
3838
5411
3900
5502
4074
5730
4868
555
1027
1771
8680
2427
7433
8661
1846
8963
5898
9638
7388
6408
6873
2280
1684
2895
9466
7222
3473
6744
2843
5219
5149
6904
7261
387
7666
1145
1079
9942
4072
8556
5561
3548
5038
9619
1196
7784
5049
6172
1916
8866
154
7013
4778
4197
2006
2295
1127
6232
4785
1472
4741
1070
39
6084
252
271
3935
9141
1195
8042
3571
2358
1778
4199
2544
4167
8389
7715
6499
6885
2223
458
2337
5240
6366
9754
245
7123
2908
1461
1225
9616
920
2880
1223
4276
5635
3383
3552
7817
7555
4082
9079
1828
2361
4667
1810
2052
1656
8311
8364
1704
1817
5787
7842
2240
3576
5902
7283
5856
5601
8823
3109
708
3529
946
822
4245
4026
131
1672
4901
2051
8908
7629
2596
4854
647
8473
703
7301
2332
6166
7992
4570
9322
3462
1462
2874
6651
9081
7982
8578
2932
6452
1778
496
8756
579
9717
5870
2195
1590
83
1128
8869
8326
8186
7742
2293
7355
5320
5273
7915
7350
6812
7482
4940
7440
6991
6711
6951
4644
5606
5006
1349
545
1600
3735
4090
1748
1154
4116
670
4621
7408
1299
4129
9925
2870
4831
3917
219
5941
4599
5774
694
5773
9349
3721
5653
4776
2268
8537
2038
5794
2357
6656
8614
797
6698
3017
9006
1733
3266
4027
2535
2913
5900
5920
8064
878
7116
5725
7224
2614
3596
2649
6450
2597
7561
7459
3776
5929
9139
8270
2899
7971
1045
214
9672
2962
225
3371
3561
375
4532
1637
9149
5689
297
6754
5582
2686
3665
8603
6859
2121
8058
2864
7187
8588
3096
190
9883
2874
2734
6770
6842
4867
2537
1891
7860
9052
9473
1492
7211
9668
5873
8997
6651
3376
4531
2371
7315
9090
1484
5105
7942
2754
4022
6236
8596
8374
6143
2691
8033
1275
7557
1651
5658
9520
340
3178
3374
5968
9947
1014
4470
4437
9077
7650
251
3767
7614
1738
6478
2426
5180
6542
5406
3281
6612
6289
5015
7539
5580
5079
5834
8649
7415
1480
7790
768
9510
4340
5791
99
2518
543
6552
1254
4047
300
9186
321
45
6018
2603
2018
5184
2750
7903
8585
3307
6583
2763
3225
7925
6723
6313
5507
274
151
6296
1302
2721
126
5394
5646
4928
1155
1927
2312
5585
6897
3185
6197
6025
3954
1229
2552
5940
80
1413
2450
4109
9546
4628
952
9673
8565
2620
9140
5784
2459
1810
5066
6623
6438
8533
5140
6523
2015
7502
2106
3405
178
960
5222
1716
9776
3388
6942
4882
7596
4973
179
3431
5767
5102
1311
1601
1597
7173
5140
4057
9899
1915
9500
6026
3372
723
6793
8700
6131
4526
1663
8371
4520
2622
1388
7737
327
212
3749
5145
1337
2368
5545
9632
3291
6296
7894
5832
206
4718
1392
2897
5357
7365
2686
2718
1354
2388
9639
3991
9489
5148
2979
8862
5787
8702
5189
2113
8832
3733
9536
4339
1377
5861
2789
4534
5953
8177
447
4893
1908
4340
5376
8503
593
6436
4343
9876
1274
5164
4168
4400
5199
5116
8242
4564
4780
70
3934
4587
8773
30
3228
7007
1259
5452
1166
1614
8976
4938
16
9393
9740
3142
9520
4938
6321
8137
8458
6419
3436
886
6724
2245
5149
4224
8828
1795
6562
4156
5719
7701
3911
5324
9811
3069
1726
524
8317
2220
8549
5182
3255
4849
7659
8447
8224
9346
6492
2421
1725
2028
2396
2822
2783
1057
2186
3704
4574
206
10
7812
7563
5641
9048
3465
9079
6482
5720
9987
8343
6121
986
7977
5904
5002
8720
5565
8190
7257
698
7217
8955
2968
3446
1764
2122
116
9439
4429
1029
9901
4326
9279
9589
5246
6156
9815
6658
8689
3395
4642
8243
9356
2569
9900
5244
483
8333
1267
1724
5038
5616
6210
1903
1783
8577
8425
2027
5478
8880
867
984
1914
324
7657
3159
9301
6448
8626
5312
2778
1628
3326
9632
9130
4820
2657
5590
6523
8317
1778
437
1935
6251
5730
4297
4334
6719
6211
7139
5749
2961
3827
439
47
8681
4804
6782
6679
1379
187
708
5671
8442
8969
9482
9921
1404
6824
890
8698
6104
8866
5714
2602
1793
2081
7297
9330
4151
6602
1220
9917
2419
9018
3258
3506
9231
6138
8634
7538
3561
6618
7581
6064
2882
5091
8946
4106
4420
7717
7401
2828
8204
6189
8546
7034
4618
9747
1583
3532
2585
3623
2566
3854
7106
7690
9825
5416
3412
9482
8994
9110
2852
3988
9200
3953
3758
6827
1234
310
5736
6541
2755
1359
4896
4724
6496
6018
3876
8507
3618
1041
6967
9627
1022
1845
3633
1827
8921
5279
2935
8244
6830
8505
3493
1683
4006
7131
81
9463
6914
1194
8869
8580
6807
9826
7132
3031
3239
8353
764
1980
2709
8356
8741
2193
8355
650
6652
4084
9815
2683
4788
5401
5766
780
1447
4059
2812
5637
7713
3030
6866
2813
3662
4445
5920
3766
7822
9912
1928
1387
5567
9383
6356
1489
9271
5884
3126
736
5520
3627
8987
9928
9385
5768
399
6114
9186
4897
7552
8230
299
1244
9486
1898
9710
5669
6485
7270
2111
482
117
4089
4727
6968
5538
6382
7007
2354
3605
356
5296
8861
3270
8742
1835
3165
8109
7879
6627
3422
9901
6773
6071
7377
2688
6938
6599
7059
6289
9464
637
1377
4848
1320
5705
4130
9682
2069
7882
4892
4437
2664
3965
8684
3921
9031
2860
9662
5804
946
8353
5385
9790
1317
3425
9168
7199
4755
7325
3928
6573
5260
9276
165
1892
2275
1075
2338
4843
8344
9569
693
9122
9616
8281
8076
1137
3676
7712
4089
7746
304
3603
5595
4342
4199
7182
5874
7514
9509
3110
2168
5853
2554
112
7450
6461
903
5289
6953
492
7945
2529
454
2365
7590
5695
1624
1217
9603
7559
722
3880
2934
8661
6483
7924
8052
5137
2065
5272
3980
1273
5066
7857
764
896
1053
3708
5851
7782
2153
2917
7980
8624
2054
4251
9217
1466
1999
2242
8538
7917
5780
7136
3996
3775
1202
777
1996
5649
7567
2297
986
2600
9705
9954
9874
2110
5009
9388
6737
7320
3625
7595
7793
7191
9413
4302
8409
6375
7277
8039
3846
3287
9752
1672
