8000
504
1364
3301
2065
6041
7125
8243
8615
906
6197
192
1984
8180
4077
7621
8259
4909
2735
4479
3107
1242
9354
575
2660
8853
8357
5908
2975
2013
5829
7315
8180
4070
5494
304
3492
345
8394
967
9378
1475
1528
1179
8641
7509
4839
1629
7685
1232
3772
7942
3301
2066
5360
8039
6130
3769
8277
627
8517
1293
2424
3376
68
6825
4987
2150
6400
4244
8549
5989
7977
8627
7111
2883
3152
701
6184
4140
4405
4770
545
914
6901
8533
5903
4565
1599
1899
3590
5370
6297
4929
3822
4610
9351
9911
875
931
4107
4259
4922
7586
2341
6703
931
1881
2068
9017
398
6851
2135
6560
5646
8464
4483
1712
8624
2193
9426
9833
907
5015
5415
6275
7615
8101
8537
3213
8632
8198
8801
5767
7449
1410
1094
1921
8823
3353
1138
6384
1161
2177
2443
2780
6110
8675
137
547
3465
9671
5062
3502
5597
584
1973
1509
1460
2872
6318
5636
491
4855
9327
4331
7276
4544
2522
5629
9542
4434
9120
4764
3772
1326
2995
4717
3842
8536
8763
1093
1689
6938
9908
2139
5249
795
7896
9561
6329
8614
3486
4824
2437
1097
7106
4002
3590
1811
8291
2838
7593
695
524
3379
826
5249
9273
8025
9809
7371
8963
9421
6982
4350
5141
7070
1789
4988
4284
211
2695
1177
2290
8572
1755
3685
582
851
6897
7780
733
7448
2941
2441
622
4502
8148
2084
530
5096
9142
3584
7472
4998
1165
3228
7199
482
2044
9348
9915
4097
406
1380
6580
8501
6950
10
9552
3449
683
5301
339
631
2290
2046
1976
476
9925
5641
536
7565
5582
7415
4757
9364
9499
6807
530
8204
9049
3667
7583
5056
9334
7573
8190
5817
574
4186
2900
5538
2339
9044
3445
3548
6726
2482
7215
4759
6676
8116
8942
9321
2517
1570
38
4892
5843
3859
8073
1021
2287
5733
9421
5700
7459
7724
2642
7386
9994
603
8952
4246
6810
7894
2067
4615
9688
7810
3292
1290
4832
8668
2421
7429
4053
6557
5043
1195
787
6845
4993
8010
230
1192
6214
6717
3470
1572
3185
8844
2110
3517
8750
9330
1902
7608
5815
7381
3154
8190
8091
4144
6748
1192
4869
6371
6163
2304
2366
2999
6536
9838
1826
6768
3921
7362
9538
1357
2924
5365
9953
4934
1209
5187
4743
6390
4827
6569
9116
9065
9734
5490
5572
9901
5312
7004
5921
3271
3534
8920
9151
7675
4044
3571
6112
2651
1308
8646
7713
8491
2232
3100
3279
8830
1442
8791
6408
5060
3206
7228
6050
5711
1809
7868
2977
1725
1607
4710
9818
8895
7789
8847
6203
1065
3296
288
4918
8589
1370
828
9382
992
4698
8144
4269
3677
4309
2049
4279
4172
9181
2722
6340
6404
2628
4703
3971
7711
9752
6817
2942
7298
6763
6556
8075
5682
4765
5963
3177
2450
1763
501
871
8965
9004
3835
7327
4868
390
2204
4951
3788
4964
6654
8288
3065
9159
923
9721
2230
3405
9245
5843
1712
5081
7662
447
9099
2786
5406
5389
7640
7315
7732
2347
1071
9828
8603
6632
9489
8393
1307
2807
6927
4579
4746
8699
5548
864
7845
9877
6375
9752
1491
662
8142
2472
5153
601
1235
8657
9661
2049
6883
4406
1406
1384
9635
5057
5644
9643
664
5683
5940
1679
2709
215
1198
25
6415
9881
5065
3795
8210
7143
201
889
8499
4889
8914
8669
665
7597
9742
459
9926
9560
1336
8399
9930
3837
2588
7815
184
106
5470
513
7307
2840
5801
4110
7354
8999
50
4638
6713
2734
336
8803
6634
7739
4040
3515
1540
809
7936
1946
9844
4130
5559
3148
8475
5049
6003
7491
4736
957
3503
2435
4093
7363
7442
2622
9923
221
5905
7989
5588
7129
6911
7578
8716
4871
55
164
2854
2165
6268
9711
7403
5207
167
4547
7756
5801
6215
2321
8532
9192
7325
4464
2368
4427
7534
8966
4148
2537
4801
6407
3718
7637
4292
8117
6177
1858
5640
5138
8995
2188
4656
5073
4905
9605
5892
1440
4990
2933
9265
8152
9832
6110
1445
2262
342
1667
3725
4846
4178
3710
2543
5535
6137
5157
6143
7383
409
264
3038
9752
2103
1540
7284
4309
9983
7694
7949
6403
1262
5975
3543
9251
8271
4250
5089
5729
8805
8161
2024
2263
4082
4119
8701
2820
1484
472
4276
8528
4050
6185
1118
6352
622
4583
9100
3920
9689
9598
6571
9709
9533
4421
7999
7521
3494
60
4977
5100
7721
4598
7019
3508
5182
292
205
455
2639
9468
181
9510
239
1881
7473
8217
1975
4969
4790
9363
4598
7039
6806
4992
3141
8405
6805
9294
6954
7860
2172
4622
3715
9269
2842
4464
141
8389
8127
8480
4261
204
3344
1433
602
1360
654
2005
8700
7501
3126
6891
5420
7375
5325
4431
6049
1846
9490
6679
4938
8518
5545
7384
7091
4660
6791
1828
3864
6380
1378
4860
366
2732
4053
3470
2734
4227
1007
4023
9863
8649
9077
9901
5018
715
2859
7126
5394
4255
4147
2580
8833
7059
4997
6530
8841
1144
2792
8925
6544
9144
5039
1596
3000
4584
4437
860
1020
4629
6276
9698
4168
7188
7856
3955
6040
268
2653
1662
8340
2737
4715
279
8266
2135
2199
5756
3525
8711
6591
1505
4195
8900
7590
9571
2971
5297
4240
9388
7406
2534
4655
9972
4683
8929
597
6608
3715
5511
1542
935
3925
158
8477
1005
6999
9019
8938
3832
5900
5440
1227
933
8468
262
4546
5379
4666
8141
7815
1047
3666
4191
9331
5063
3279
8589
3091
7061
4183
7610
5226
2183
9818
910
8131
6852
4246
2863
4029
8602
7604
9408
5621
3687
6928
4347
3263
7915
8585
5844
3297
561
7486
2335
7886
943
3740
3696
496
6262
1480
3209
7982
9195
8200
2744
5101
9876
9625
9820
1360
5417
116
4938
9326
557
7029
3080
8798
150
7065
8317
1863
2188
2531
7613
4737
5942
742
9321
1062
9015
818
1807
659
2768
3445
2196
336
3778
7401
2829
9843
9734
9324
6872
6653
7664
6084
3236
7313
9881
9591
3549
5168
9217
9752
2002
497
8298
7992
1484
8496
6807
8005
6777
8698
7733
1236
1892
4548
728
8973
2625
6402
3920
7694
1223
8798
1521
3678
5096
5336
7183
9317
197
8272
2737
2219
7882
2735
6717
6277
8514
6119
9359
580
9957
983
4135
9701
9014
1106
2714
3891
7574
8952
8256
5773
7210
1629
7633
4515
7295
5952
6490
8112
5904
8843
4978
4845
6463
545
5874
5650
755
6098
6435
6947
4641
1982
5855
1262
1954
9793
3564
2337
3020
2948
1350
3403
3376
9147
430
1357
4002
691
4143
6231
9329
2953
6607
2354
1273
3
7532
6889
5944
8180
7835
2310
5494
1970
9184
8563
6054
2852
6329
7215
9467
754
4154
9610
9113
5648
6601
8242
7108
1279
5348
9997
9009
3007
7666
2969
8060
4305
3546
2658
7671
2040
1239
7214
8523
9566
3512
4776
1764
2890
5206
1707
7850
799
2166
7780
1345
9512
7034
3870
1668
7503
8287
6597
9580
3443
9893
5909
1431
3562
5316
8149
9568
2479
7080
7638
1742
7294
9657
9721
5730
1195
1998
7200
7750
9118
7974
3294
9134
1858
3205
1318
7527
5469
611
4483
3537
9314
1102
2351
878
8713
302
9603
1438
7138
2558
6689
4436
5870
3114
7631
7255
3620
10000
9691
1779
3537
1768
9987
8702
9404
7590
7040
2892
5949
8368
2852
5501
5096
34
3885
4925
4071
2274
414
5284
9804
4059
9006
4154
5878
7382
8618
8376
2696
5342
1746
7482
1838
5189
2549
1319
8658
7662
3735
339
7052
4957
7173
5884
4485
6299
8315
7200
8359
9184
8584
9064
2649
7612
810
3260
5790
7718
608
1832
1388
6857
2937
3174
2163
4181
440
1841
9885
3233
9714
8398
8428
6938
1973
5224
7904
9228
2859
3466
3557
1367
7889
6884
4339
2696
7276
6891
3027
7427
7401
8547
3733
6417
842
84
1982
3512
2835
3831
5506
7350
9531
688
3784
3949
9728
7857
3907
4765
1169
8904
3170
5212
4726
5878
9252
1185
9654
2116
9103
4707
3010
8591
6058
4402
5063
174
9986
8535
2889
4086
473
3620
8052
9322
1386
1854
2499
3233
2315
8779
1079
1721
7957
6433
3613
151
477
3822
319
130
4652
9206
9875
5354
6921
4146
3813
8811
6109
5503
9855
5401
7782
2590
8571
9434
10000
7559
272
5064
2707
5169
8864
4102
3158
1347
6007
8274
9038
9802
8772
2284
5007
3746
7225
9396
7777
6336
7758
2735
849
5397
47
2613
6685
1172
1989
6471
2979
2707
248
8328
3462
5244
9092
6848
335
7165
9224
6233
6792
8278
8932
6978
9784
9321
7093
6068
7172
7344
8505
7138
7956
3227
5028
7883
3238
7824
3615
7840
6975
8552
4254
3992
6983
7733
7342
2882
2055
3618
1499
1243
3030
9920
5409
985
7020
1883
8871
7613
4287
9724
2881
7302
1307
5416
4234
2965
121
899
2024
5226
5859
8025
4781
7901
2855
9535
9484
6779
690
4044
3659
6364
8403
9447
7179
1535
4187
3152
6069
1972
2977
623
5382
2561
4320
4220
6853
8579
8028
5940
2626
5104
399
6819
4351
3224
3610
6634
4410
8832
669
2216
1670
5509
2125
774
6303
3954
6915
7293
5195
1387
5789
1012
3275
6139
3284
8488
9003
9352
8721
990
2381
3836
4980
8969
115
58
2479
1720
9843
1652
3618
1641
2085
4262
9567
211
644
6034
8649
8711
6616
6653
5830
6101
5795
174
5383
2946
2022
2507
4597
1069
5100
1515
5276
4099
2003
9691
627
8709
2764
6412
4363
5234
993
9435
3877
3276
4221
5053
2494
8064
7423
6047
8559
1544
2544
2288
6066
3196
4987
5939
699
9421
2361
9639
399
2784
955
9434
3194
7278
6485
4443
7868
6932
297
6133
2338
5767
4160
8849
6388
146
5968
3821
4436
6765
4833
390
2693
6189
4402
2485
4961
5576
618
7477
3387
8044
1611
9216
7555
9409
2581
9230
3032
4542
2601
6973
3958
190
4029
8933
3559
1409
8795
4392
8322
6572
6798
9055
4181
7581
7000
3218
5473
3269
2861
3766
5786
8790
3330
8102
3055
7421
9143
4396
116
5049
6814
5676
7572
7565
881
3768
575
8634
2521
6739
8263
4036
3673
4098
6908
9947
3848
166
833
9425
6503
6018
8006
1001
1984
8343
1175
9963
8494
3621
5969
8601
2784
7648
2120
1682
1681
3091
615
6634
2083
7905
7295
5881
6841
8142
819
8018
7121
5381
9550
6101
2591
6056
174
3114
4417
9297
2176
8419
6184
2829
6865
8038
3330
4019
7086
4377
473
1617
5336
6419
7697
680
8965
798
636
4228
7590
7484
3900
1306
1307
7741
1152
7161
4752
3419
1628
9645
7878
100
3944
6492
6492
9120
3054
3505
7607
8779
5019
5220
6326
1127
3048
2261
3195
9882
9360
8265
3465
1169
8383
9940
2449
8378
963
3418
2573
5762
6127
2688
2458
1604
5005
3948
7766
6104
1958
7402
3823
5516
4651
6268
1375
775
8605
3589
8831
8096
6822
6309
98
1376
4119
2869
2247
2750
3330
7040
9631
6317
2194
2922
2832
3248
1376
7926
5733
5297
1343
9119
7746
9769
5583
9624
1305
8127
681
1099
4931
5792
4635
8395
3178
7425
2811
4956
6154
9883
4879
6223
8765
5309
1550
2403
562
3575
2597
4993
7881
6460
6545
6163
7174
3284
1611
838
5104
8120
2802
5169
6544
1108
2938
412
1624
4612
4085
8060
7279
2273
5867
403
3157
6354
1396
1672
3444
9368
5977
2225
7215
3479
4530
5715
875
181
1809
2911
6278
7297
2688
4007
9776
1389
952
2853
7825
9034
1845
7439
5070
4396
1002
8648
1904
3840
9920
7626
6108
7332
1050
9152
8552
5245
4604
5162
5861
7896
1102
2338
7578
9792
5809
1440
3056
1782
4964
552
9652
1031
7658
7741
8194
3904
7018
6413
6053
5236
7969
2747
4376
5864
8478
2356
417
7072
5630
7626
8164
7751
1063
9370
6783
4129
596
5662
3079
25
8113
4290
7870
3216
3283
9493
3364
2107
714
4731
9623
3913
4591
4144
8051
4700
3787
21
8056
9512
7832
5533
6355
9964
8041
6114
2373
385
8888
9604
9743
4679
7034
8929
1372
951
3563
3485
9918
5040
7534
6523
7328
7827
3347
9543
5518
8337
1206
2417
494
5206
3484
6469
5749
6767
8309
9629
6664
7358
234
32
7063
1551
3719
1672
3401
6058
8844
6573
4084
116
1127
5245
1314
4766
3223
175
6640
47
7330
8485
4387
7706
9897
4259
9079
3088
8306
91
5068
1237
7202
9308
5178
7886
5512
841
2731
6866
6453
5170
2599
3297
7912
9885
4804
5418
9266
1101
8290
9605
5710
6737
6922
535
5340
6700
6056
4843
6851
8654
545
3341
1138
6731
7079
3085
8964
7511
2752
303
2880
5241
2620
9902
283
6326
6368
8332
3019
7008
1203
19
4369
4320
8669
9021
7449
8758
7949
7856
4607
8419
4280
1723
2757
9734
9031
1873
2789
8317
6465
486
3433
6653
3251
5040
89
8434
6080
5545
7714
4748
6941
7004
1325
1051
5429
6557
3937
4512
4328
6646
951
7508
475
8091
2282
9660
926
6742
2475
4310
3033
114
81
3172
6603
2234
4494
2833
8814
792
4689
1161
4811
9426
3060
672
5166
9134
1285
135
3473
9812
8650
1811
5952
5551
2519
3069
5096
206
8289
3283
1465
1392
4906
7793
3834
758
3586
8206
4577
1434
1366
6561
6832
5442
3378
5419
689
5652
8530
7121
7494
308
5515
8457
8563
2541
6045
5132
2409
9312
4327
7994
5072
4075
6
2301
6961
5719
6795
2329
8330
7390
6087
365
1470
5144
4431
6552
5462
3879
8081
6205
5781
1869
2329
6756
8297
9151
2310
5674
9945
3764
2500
6297
8449
7901
5571
968
4838
677
6727
901
5955
1388
3882
7141
8137
934
1894
4218
9418
2823
3246
924
6770
8245
9253
2678
5767
7935
1330
1524
5587
4661
5821
4623
9175
3117
3341
8680
9541
4846
6333
4186
6701
8820
4729
6684
7839
1030
4012
4437
8186
5412
1634
2132
6428
908
6631
1026
3545
3973
546
2916
6497
744
2477
5195
3119
6507
2515
9427
5575
2063
8202
8478
8607
3897
9034
3472
7630
1849
8696
9226
5011
9968
2310
9182
6562
4712
5569
729
36
5173
8701
8201
879
66
2810
9114
1512
1950
6996
6561
9836
9142
4016
4292
1346
4453
7457
8007
5131
7458
5811
3644
6569
9598
8375
1823
6587
4553
4620
8602
2002
8832
5237
2622
9010
464
40
8969
3792
6021
6493
5591
8604
6046
4464
6559
8112
4448
604
6106
84
6372
2132
7591
5346
5564
6369
300
5772
6948
8264
3519
4212
2300
334
3438
1357
5625
1811
525
5076
1634
2036
6472
8880
6719
6015
920
8881
8709
4533
9321
3178
5763
8241
3872
486
7794
671
6149
8987
6941
1092
5899
2008
585
5476
2315
9849
4056
8389
178
2776
6568
7562
319
3033
970
9853
6979
6509
3210
6870
5140
4390
4335
1515
4245
8329
2115
8505
3171
3819
4285
8453
6393
8673
4776
5634
8965
2168
4991
6568
703
7344
5373
8693
1043
9760
56
568
4824
5618
9488
3750
2573
2334
277
397
2266
9868
1240
3761
6293
1321
4873
4074
8776
6571
1871
9109
3163
1581
7488
6624
5789
1201
3073
1397
1245
2228
1862
1287
4053
7356
2405
2312
5330
4173
6409
7128
3381
2300
1423
6992
5633
5851
2068
2244
8793
9107
148
8277
7883
4098
2365
6176
9942
2507
4371
8008
7790
7498
936
5897
9128
682
5898
8197
7084
597
1881
870
1118
4380
1499
9591
561
4449
9642
2634
8545
5931
2426
7640
6876
6639
681
4109
5272
7516
7851
5585
5783
5509
4896
5364
5970
6372
7130
1296
1632
5435
1508
1536
9357
3320
156
7849
3758
396
3667
2977
5746
4402
9747
6332
2094
9788
3616
6090
3854
3081
408
1648
5866
9087
4276
1985
7599
3359
7982
8782
5915
8103
3985
7477
3209
7999
7988
1743
7986
6229
6763
7265
1212
7527
5545
2106
8489
1885
2091
4280
4816
3953
7490
7492
5033
4410
4580
7947
361
487
199
6377
4973
735
2806
8719
8018
1617
4930
3439
693
3681
4067
4890
3529
4914
9152
2060
1384
5345
9416
3135
9439
5941
4560
4838
4369
7111
6829
9695
5923
9284
831
8681
2878
1655
2998
5514
5540
6099
8477
3807
25
2264
5217
1628
6126
2730
5939
1797
1130
2878
4127
7974
3863
9278
641
7033
8647
735
9814
5845
970
4314
7475
4201
2116
9999
2166
3402
2560
7682
3754
6383
1705
5054
8983
9981
3174
1897
2879
1397
5456
9508
2857
6642
1993
8546
5198
327
7565
6791
479
8643
9999
5322
5096
9068
7206
5218
4178
2224
9406
2861
6576
6174
4600
9938
348
7467
976
2787
8118
1296
4904
5188
3252
453
5563
6601
1523
8273
3481
5814
6570
6057
5304
1182
9805
9909
5627
7216
4323
608
1148
8298
5054
4222
6176
8571
4878
9784
8497
8907
3833
404
6045
1382
6476
5197
822
504
8341
4663
484
5083
5185
2287
5038
3173
7226
5978
7187
929
9525
6584
4740
3787
1941
7403
3564
3387
4729
3355
3227
3179
7769
559
7862
9453
4171
5852
5331
7519
6020
7887
1387
1011
6974
8689
5719
7060
5179
1805
3642
4175
8029
6855
5030
3939
6518
7746
5768
6803
322
6283
2580
1497
2305
7075
130
4145
9515
9122
6235
4246
6072
4827
1676
3536
3176
8675
300
1650
8497
2257
6946
4407
7664
9663
442
4895
7236
535
6307
4830
2882
1678
9131
748
4314
1617
5544
4801
2379
8507
4881
6640
574
2669
8035
9005
777
6167
9229
9802
3724
9343
2308
4148
4312
9520
680
8746
284
7480
2341
5011
8393
3798
8316
4404
1394
2121
9505
474
6710
4653
358
6435
5400
2736
9046
9062
8499
1683
4216
8513
2750
8109
2141
9297
619
9928
7551
5028
9591
3081
9524
1804
4298
2867
7965
4686
8191
8388
6364
9921
3788
3385
4864
1433
9819
3978
6456
4717
7011
4038
8497
6622
3605
660
3579
1026
4861
4705
7557
5477
6007
1250
9294
2316
6231
666
4232
5915
8092
7001
5272
1697
8481
6275
2494
1163
5865
7414
8260
7055
5292
2241
6595
1663
8139
6759
7949
9176
942
6048
8057
4729
5733
381
7626
4629
9586
1979
4255
2887
8086
3426
2849
2075
427
7528
515
2360
5046
2376
4267
6590
7435
5865
6589
9661
452
9749
6654
8936
2168
7694
4763
2864
1983
5
4531
5423
1305
3369
9446
4286
7882
7411
3204
8849
7330
4946
8742
5507
957
7186
8946
50
2668
9665
6191
9063
8346
7109
3336
8096
3289
2653
7965
135
7735
2803
1223
7581
3365
5962
6595
9247
5428
2305
4115
5895
2314
1201
3835
9204
2952
110
5680
8737
7711
4925
4299
6883
9325
8933
7483
6655
120
9583
3024
2478
1965
381
5992
5315
2280
9221
1561
3881
1116
2388
431
8847
4244
7855
2119
3333
6373
9567
3342
822
2131
841
7632
614
5715
4376
7569
8023
6605
3084
6324
5899
3396
961
2643
2428
7914
3842
5930
5529
5158
8788
4428
4968
4044
5255
1149
3020
5963
8586
8194
6534
615
8735
6281
2762
8192
9316
9227
1977
321
8904
7860
3367
2680
9273
6070
320
3354
9330
643
2392
6461
6294
7507
2076
2341
8265
3736
1186
9123
4011
9214
5142
978
9245
5164
4020
7320
7887
8507
7029
5598
9462
1941
2203
1331
5761
8601
8731
3654
6310
8153
7609
6994
9579
977
6427
426
5972
2045
533
872
8348
4016
4434
1799
1004
2902
8826
6511
1104
6216
5893
6218
2083
4835
8733
4039
2557
7758
2577
7920
9012
9322
3285
6716
6544
2788
1633
3576
9320
8680
6066
2247
745
2526
6609
9473
9684
1674
4505
8290
534
502
3919
8503
1257
6399
2578
589
3121
7245
9590
6248
716
1174
5248
7395
9108
8792
3177
6176
2270
9719
2329
9658
5082
2578
204
5952
2452
6065
5692
1432
3873
6296
8764
1519
2917
8399
1398
4466
9587
5989
5907
5976
2655
2164
795
658
2580
487
7270
7507
2125
4317
5267
372
1667
4366
4166
2295
7077
6804
158
3153
4725
9437
306
2484
814
1563
4754
1207
1685
7783
7357
9801
1447
4953
3567
6463
9496
8628
8565
7774
1809
4127
8826
1239
8335
4196
3662
1277
7780
140
2181
3440
2480
6559
1314
8493
5994
2280
1952
494
7480
3511
8200
2890
217
8938
5777
2447
4242
2717
4009
1454
3056
3756
2428
7898
2996
9526
7577
2309
6103
8147
5574
8029
9218
2061
8535
6661
7958
5882
9509
3528
9972
6406
6914
1489
1854
2906
6070
6065
4269
9958
12
2120
4657
3284
1714
6970
3498
7589
6709
9205
4975
8380
6683
3121
1936
3967
2501
3464
8953
6819
2944
4019
1294
292
8339
9482
5176
9399
2061
6956
7991
790
4967
5784
354
6735
2920
5865
6367
4737
3216
3370
9107
9222
2904
2406
3422
1582
9299
2912
4012
9163
7962
4696
8589
7532
3753
4370
6616
1286
7379
2862
5686
3530
4536
3300
9182
688
7680
2394
496
5791
8255
4428
3011
6774
7426
785
1793
7479
3566
8853
8384
3668
6641
9992
4110
2707
6313
7384
4771
2565
9047
8792
4541
558
4582
2690
1440
2589
9898
4146
2763
5042
8148
2109
1905
8330
6598
3332
1928
1974
6388
6427
3714
6595
6760
7308
3552
2196
8361
7370
9067
8584
9443
9569
1283
9966
3611
9966
8798
4085
6714
1585
8520
4206
3552
7697
1700
8306
4797
6938
8783
6037
2770
9087
3189
4308
9605
642
7699
7297
1700
4097
7634
2468
8401
1484
4345
1521
2838
6673
299
2021
6844
6628
5153
3472
3103
2580
3821
8352
835
1831
2890
6058
1491
6068
8884
3602
4301
3258
7812
7326
4702
5427
5793
4272
8178
8125
7056
8714
8419
7332
4257
4383
6957
2004
1202
6997
5979
2015
7730
4280
7100
81
9877
6308
1439
5011
4122
6457
4309
9030
9694
8992
351
3596
8013
7922
6848
4853
7455
966
353
4156
5073
1377
751
9696
6708
619
3265
2895
1712
1466
2414
6005
8686
7643
9188
7433
6918
5009
8508
440
2180
3134
7252
1730
545
9054
4297
3774
743
455
9417
7497
8351
5589
526
1053
4383
9341
1881
9004
7122
4740
9249
5104
3002
9004
990
9778
4117
8352
6704
6252
2277
1049
5288
8669
7102
4785
3972
2332
5006
5444
7360
6098
9094
1698
4361
9781
2438
7636
6395
9611
2438
1659
5385
5230
3288
6585
583
3405
2677
4549
6353
2635
1665
2255
6154
9385
5078
7572
148
3463
3822
4441
5729
9956
8523
791
6743
5507
8998
8068
9076
4443
854
49
6458
5098
6383
5925
612
5331
8970
8740
8892
3191
9361
5896
2465
1906
542
20
8655
702
4258
3807
9522
6305
87
9895
8089
9602
210
6438
3696
1457
4476
6329
1952
5433
186
5283
7477
1193
247
3737
1293
4728
3406
7971
3059
6325
1657
4934
2392
1346
9208
211
2889
1661
5196
8717
9784
6076
3124
8109
9754
2457
1045
5663
932
4586
2950
51
3760
7838
5794
3381
279
3869
7299
3202
221
2216
8281
8592
9552
9683
6342
2089
8915
2974
7835
1477
6388
6854
742
1439
2134
290
5821
8892
402
2563
1778
8850
3778
1559
2314
8854
1401
3702
3718
5967
8276
8222
5911
9882
5070
8450
6787
6934
7962
6628
7816
8732
2843
3840
1913
1988
8265
6288
7410
3101
4317
9553
4523
6503
8299
1215
7871
2255
4852
5059
6893
4352
7682
2963
8426
5482
2405
7370
3214
8114
8522
7104
1617
3133
1892
8609
6294
2260
7944
7121
792
5451
9305
7780
7579
592
509
9525
9174
6812
3539
3895
6774
8991
2502
138
6411
4902
299
2801
9437
7232
2584
6186
3432
8529
3790
9701
2313
6935
9108
789
3828
7389
4015
4187
6567
1169
346
1815
4286
3816
8526
4478
7289
4113
5275
504
2220
5613
3003
695
8269
2582
1383
8947
305
6617
1164
6256
2008
5280
9216
7287
6380
5698
497
1577
3117
1107
1105
5638
7690
5126
1762
385
2705
1302
8466
5688
4369
4469
8434
4497
2479
5917
9169
1892
3601
9122
6454
1043
4945
524
5746
1739
7698
5619
9668
7801
7425
1840
5820
6795
3747
5871
7974
8721
3171
3273
9204
2724
3678
6528
3294
8952
1827
1696
887
9799
8187
893
5365
2241
4329
6018
3790
4780
5351
2974
2674
6727
3341
2640
8081
4367
8704
8534
3538
3000
3744
6043
3063
2453
1478
642
6599
9195
8270
4136
6238
3722
4576
9264
8737
9309
6365
2110
6233
8061
9891
8900
6149
101
4683
5389
2459
5730
7483
5806
8660
2306
8414
9508
9290
4593
6268
3121
5815
2933
6748
906
4272
2989
6954
2629
4399
6260
6811
1569
7379
2260
2297
2587
8358
8093
396
2682
9278
4268
9561
188
6439
7263
9950
2572
7749
4168
9402
8152
3868
2737
2540
2056
7429
3099
1690
1302
6257
124
8579
7438
2790
2870
3663
5880
1241
5568
2471
7492
2540
8936
7788
9719
9591
2626
9633
1888
4736
5892
2214
7485
4768
2424
6353
7402
9476
8556
302
6330
7599
7557
6659
4553
3811
9435
6995
6172
7698
2944
663
2768
4192
2824
2015
8064
1594
5739
8574
1084
4509
9493
3531
8342
9313
7549
6058
3426
6226
2421
2239
2487
863
5876
7258
883
6821
4136
6545
4694
7879
6867
6927
9209
127
173
7221
3190
1812
7608
4535
9126
5562
2448
6794
8579
7265
9113
9896
3780
6463
3824
7010
412
2341
6547
3405
1835
4086
5822
7623
2096
8220
2413
3499
4719
8350
3319
2181
8418
4925
8896
5876
6531
6823
1419
9800
6653
9317
4606
5395
1369
5713
414
1398
2562
1085
8875
5647
3496
8152
8885
1681
5179
6419
5359
8237
9907
9437
19
6669
6082
5336
9093
1105
9664
5791
9809
2009
7380
1873
3155
6818
7802
3160
7062
8251
6310
7410
7801
9399
4765
1398
3793
8327
9597
2360
9623
1278
5812
8119
156
8328
2109
1384
2479
4523
2449
74
5350
962
4910
3190
5134
9216
8863
8069
3454
7117
1070
9121
7718
789
2529
2816
5497
6553
2657
2354
1325
9175
1523
731
995
5652
5724
7878
8748
6419
7360
5576
7184
7795
8803
1893
330
3280
9724
4432
7152
5797
5725
1330
8439
2583
3246
973
775
9093
4070
4458
8893
4949
9576
2148
8481
9531
4776
9560
3357
915
3161
3810
2620
9209
1229
1474
9470
5622
433
3933
7585
9615
5084
6859
4826
226
3988
3700
6250
8007
1624
6693
6572
6656
3768
8682
2853
7539
3708
1975
1297
8167
9932
7139
3026
6906
2292
2256
9949
6652
2935
7876
1283
8660
4159
2727
439
6629
2384
7981
2046
9461
3762
4467
3042
9041
5473
4556
8738
7211
1407
2835
8923
2721
3351
8285
8304
737
3503
8931
2789
9672
2173
147
197
7740
3384
6718
6171
6641
255
13
8910
7028
5102
2541
8390
5432
1650
3139
7114
2108
5254
9276
5495
5917
2148
1023
3848
7744
2366
3702
3229
4305
8567
6619
634
4823
7619
4681
2807
8910
2843
5175
3919
5356
6380
6532
770
7056
9828
7789
2127
10000
9709
1861
4733
4636
6857
6987
7632
6299
2684
7428
7715
4853
1325
5852
6463
3247
8838
375
1966
8466
9991
3654
5394
6943
694
2523
2922
4074
9340
9149
9251
3657
2584
3165
494
2614
7272
3758
2381
7992
9257
5945
328
6834
7237
8438
6193
7476
3340
38
9156
8822
270
2592
5823
6671
1116
636
5600
4589
8291
7587
7742
295
3731
3345
996
67
8278
9104
1366
8763
6540
573
7280
3032
4039
999
2884
7019
6917
4119
2984
2283
9379
8461
4194
1860
179
5038
8815
8607
8271
3302
3141
622
2329
4726
7899
7709
8641
1556
8171
9430
3630
9977
7616
6659
6439
5860
1034
7018
5045
4340
3096
1364
5708
3806
6718
8404
4768
8042
5513
7454
8688
803
8021
137
5116
175
5299
6488
5721
6578
7288
5620
3754
8280
12
1259
6467
6302
2241
283
6430
1064
5739
3157
6675
2035
9174
3619
8010
8466
7334
6766
2546
7049
7964
5973
5594
5246
7133
620
1487
5161
3187
3262
2698
7316
3506
2945
1475
1130
9304
7170
5491
5920
6336
5555
6032
2685
4363
7009
133
7913
4896
5000
8183
9197
7088
1237
9551
5856
3947
7027
1795
7946
8279
2605
7971
1097
8861
2642
4948
5989
2292
4612
5938
9913
3228
2383
3563
4619
3422
6090
3810
2389
724
1065
2105
8525
9428
4229
7045
6463
4568
9718
244
1720
3926
7285
8312
7417
655
1210
1257
4379
4596
9276
8582
2653
5943
3924
5368
2570
5436
5326
7115
8550
1583
1292
2677
4812
4014
4900
3996
7594
4829
3887
9436
9716
5778
1914
9076
6262
8323
7791
6809
7789
2382
8467
4782
1441
3373
1355
7046
1773
5962
4824
2579
8448
9626
703
7000
5265
4591
1641
7182
4604
8492
6225
8924
5533
7727
4914
8697
8469
1908
325
283
4277
7275
2211
5541
8565
6057
2382
7483
884
2470
7875
3923
3323
7786
9879
1410
597
2867
7625
650
2637
7724
1821
4239
9486
6512
5905
3086
3428
5236
1474
9444
9743
4231
1374
2983
5918
4579
4002
3748
4369
6579
1983
9224
2749
8477
2379
5791
1393
8625
6345
4979
8349
1178
6569
3412
856
5029
5883
2510
4178
1570
4200
3766
4078
2221
1143
1220
6009
3217
4826
9155
2861
57
8937
8657
3104
8618
5524
7527
4041
1590
9869
4750
4907
6007
99
4239
8857
6583
3163
8866
4708
5854
4486
8079
1936
8071
8772
3421
9107
1616
2847
1035
210
3744
6288
7725
7718
8892
6647
7772
4097
7123
6788
1533
532
1220
7068
7619
9293
9642
3928
7271
7691
1140
2067
2629
1433
2108
5157
5839
4976
1145
5703
8288
1164
9921
3450
3385
9503
674
7914
2040
5459
5216
6613
3331
3152
6512
794
2708
2921
3751
5214
1172
7961
4424
9043
3830
4369
428
2396
2568
6428
7463
3589
7909
5953
898
6989
607
6368
8077
9497
6635
1475
7027
4400
5421
5605
2777
5296
4483
1423
9821
1265
2251
6873
6507
7223
2530
2147
9697
2513
6348
4184
6428
4617
3834
2119
7332
6785
8995
9996
9900
7085
3704
7752
1697
1659
4641
7390
3255
8578
4781
4501
3629
3508
7416
6178
5168
8637
5840
2140
9432
9239
3051
1962
8922
810
902
2797
9717
8072
671
9619
4142
8754
5268
770
7055
607
8654
8783
3035
3198
6198
8872
329
575
3487
3731
7618
7071
8196
5317
342
5430
7434
7398
9732
3624
8684
1018
7639
9655
342
7518
4731
9916
1558
6842
1498
7957
5336
4045
3660
2414
1597
4390
6993
8453
7526
5424
7500
9720
980
9734
7456
9357
6083
6357
1627
6056
6147
1131
228
2518
3598
2178
1733
4993
9313
7571
8716
9530
6629
5493
2744
9571
1154
7394
8274
5388
9274
832
8442
7409
3728
9216
4683
7530
1763
8806
4123
5778
6264
9907
7016
1658
9037
9929
1846
2279
5091
2852
7362
1297
9728
8462
9487
7991
8429
6713
6870
381
9959
2430
1528
1681
453
4768
8748
8272
2695
5980
8620
7952
6522
8403
7186
938
8798
6130
8766
4658
4565
3943
7138
8369
4610
7858
7506
900
195
699
6572
3089
3687
628
8365
5333
9208
1587
7314
652
2059
1595
6892
1097
9159
1121
9985
1446
1509
6639
2672
4982
7144
5147
7154
1669
9183
453
3537
3050
5644
7133
4124
7621
2036
8891
9467
612
4884
8643
6569
5179
5207
1701
1759
5829
317
797
4497
6426
3349
7364
3487
8734
452
6859
7260
481
6028
504
5608
1655
2268
3842
3203
2396
1040
2692
955
2026
9420
9237
5858
5682
7438
3805
3614
9331
8854
3655
4169
7032
2506
3233
1233
2833
881
8481
2535
2095
5778
7249
9999
921
1105
4530
3151
7913
1578
1664
5280
9545
9953
3269
5479
4593
2588
9789
4725
1008
5157
9366
732
3467
2857
7881
3190
1018
2909
2451
1929
4877
1365
8751
7240
8600
2179
1436
7552
3974
2515
2067
5694
657
4586
8841
836
8843
6739
2653
3949
9356
3735
3852
2931
3295
8860
2178
5259
2251
388
3346
2866
3943
1167
3012
4122
3483
9892
3326
7221
2247
8806
4985
7245
9141
5081
4136
1658
1581
9258
3303
415
736
1631
1437
4684
8148
6802
881
3126
8519
512
7218
8381
9872
203
5142
99
1034
3255
3021
8105
6190
6911
4289
6981
8755
2319
9134
6168
9969
2890
5169
6560
8341
3748
199
1899
9353
2844
574
4933
261
2583
610
601
4063
1128
8345
5153
6970
8214
9640
7793
8970
5370
382
478
4104
5478
6309
2187
6581
974
1742
2431
7271
1168
9445
8740
2108
7739
2474
7772
9669
5561
5458
9517
2991
851
4659
5366
7841
1131
9919
3966
7361
5923
6223
8586
8776
6915
9339
2573
5827
110
5399
7393
6737
4380
4677
2748
54
2654
2116
5520
1259
4733
6005
9459
2367
9415
4498
2130
5496
4799
5626
3811
9856
2420
6742
5735
5522
6289
7043
5347
2518
1952
8529
1812
4301
6513
1664
6052
2060
2592
2594
5675
415
2081
9354
6597
8233
1660
8098
593
1672
7128
2509
3419
5421
5794
2459
5148
8567
990
7427
74
3277
1891
7907
2472
3068
7171
5842
1035
3431
6518
562
3796
4376
9574
5845
8942
3017
4114
3797
1899
3129
3529
9904
579
810
3530
2455
725
1822
5615
8050
9364
3878
385
1145
1184
3998
1922
88
6840
4620
1086
9508
8417
9037
8800
3132
8804
8339
4096
3270
8322
4510
3677
6453
1049
288
1265
2900
787
4718
3429
5060
3496
848
359
6751
942
5748
4148
4208
8889
2829
9034
9969
9105
7010
5185
121
809
7448
6597
4802
7852
3735
5622
1130
4377
4292
8016
4903
5642
3139
1509
5710
6784
8820
1226
8068
6642
5386
5895
7639
3189
8965
2260
1835
64
1781
6347
6500
4537
2365
8017
5130
3318
2360
5646
8023
412
3227
21
3989
5486
5150
667
7272
4836
9880
2384
7919
1674
251
7965
7938
8419
3802
8003
5516
7087
1820
5242
8946
1464
6976
1561
5326
7937
4960
9438
5194
6982
6737
2349
9225
6594
2613
532
7676
9469
3720
5985
2871
619
4247
4635
3864
527
963
3971
3969
4260
4599
2149
5159
1549
5247
1821
4495
2413
6031
3813
9623
4595
9567
8981
8394
1062
2817
8928
914
1439
3689
3041
3689
3492
634
5974
9535
8258
9888
7515
2843
1483
6279
1275
6973
5491
6189
2831
7366
9769
2984
1486
8757
9655
1232
7928
3521
8369
1159
9451
4157
4935
5010
2980
2349
3097
9008
8112
4028
3365
9391
7407
702
6144
403
7808
2088
871
473
3563
9291
5603
207
8804
3772
8954
4475
6155
8173
1976
4302
7011
1119
3148
6960
9892
6542
9635
7613
3641
2112
1258
1955
3933
6903
8430
5968
5388
4912
2645
9075
3668
7083
6401
8631
6169
4899
2919
3892
3708
398
4930
294
4969
4909
5339
1356
3338
8890
5485
3907
2187
596
5120
3190
9500
1672
9887
5348
7833
6996
9093
6212
8281
701
7829
1564
5374
7838
120
1684
8466
8118
4700
7786
9135
7672
1029
66
7887
5922
3936
1015
3784
6175
907
5222
2167
8390
6742
5055
6818
4094
9085
2993
6700
6712
8134
904
4056
8174
8697
5151
3974
5809
1798
4044
8199
594
5404
5495
6069
7735
8037
9046
9897
5815
823
3317
4576
4822
9043
9777
9933
607
1801
724
8595
4490
8881
9868
8081
4714
7456
7802
4678
796
4400
5207
2974
8898
692
5102
7278
5348
2721
7165
570
9165
2849
5824
6296
8733
5082
3388
6208
1186
4894
4190
4486
2222
6773
9231
4200
6867
1168
7219
6786
2377
9657
1683
5662
3757
9503
7966
7488
7588
7025
1567
3323
3436
9419
5304
8003
5963
6855
3839
1271
8494
9318
8082
8381
8815
1220
2699
7389
8317
3889
6466
3831
6070
6299
3921
504
4010
3898
3050
6364
6822
8284
6202
4860
3945
7188
3030
2753
654
9528
9977
1095
3603
8927
7960
1931
4674
7308
9648
1502
8419
5846
8821
1776
5315
9549
669
5829
7130
8094
1109
337
2263
4431
2045
1850
6398
6618
6111
3168
2699
7357
6096
9933
4475
4758
4771
2947
8236
2922
8810
7129
4522
5685
7792
3028
9576
4267
9044
2195
6955
7690
6728
6857
4627
4297
2719
9855
6872
663
621
133
9054
7701
7847
3655
1779
201
247
2494
884
2869
7175
5445
3487
2054
9513
3617
4635
7243
4268
8512
2191
1590
1784
4918
190
6109
322
8369
3114
3933
7702
9137
872
7118
7843
2390
2223
6452
3458
5405
3101
4719
8045
6962
3573
6338
7369
8383
8359
8325
5415
4064
5510
268
3647
7218
9931
749
5519
1613
562
3561
8142
3961
4750
4992
7202
555
9775
1340
4333
489
6840
6063
3939
5659
9902
6658
805
6201
3501
117
3901
2753
8830
9400
2396
6777
1230
7929
7573
1941
5648
7562
959
5749
578
7661
6865
8068
9562
9361
9221
4653
1424
6576
6369
6283
1059
4395
4738
1213
7188
1047
4015
5425
2205
3673
4512
5404
4759
3263
9908
4578
6686
7621
1040
4817
172
9855
1875
8797
8639
9753
7778
1173
5721
7795
2841
3366
1031
1403
8526
331
9939
5493
7308
6471
7539
8458
6654
539
1266
51
9793
5631
1235
9232
2474
777
8298
6499
5379
3450
1259
1056
9003
6429
7036
7113
4722
5804
6223
1884
1123
5283
928
887
9211
6708
6343
4514
7462
1078
9332
2740
3836
1044
3818
8033
6780
2887
1449
7357
7088
4567
7508
6661
5162
8447
8569
4127
6211
4401
4406
7260
5293
7007
4723
508
7983
9312
7685
723
3174
2552
8619
5318
5014
860
1625
8893
1222
6864
6764
8465
9262
7077
5864
1465
3080
5441
7231
8868
7012
8915
7365
6960
6354
1543
6748
4176
1275
9910
873
9831
5092
4153
6872
9234
6713
8331
101
4849
3931
1780
2433
2561
4989
8140
6875
8587
9631
7042
4162
1454
3694
5310
6072
9053
2920
4892
6183
5987
4138
887
324
6943
3729
3015
8978
305
6491
5122
3466
9736
2408
8268
4407
256
1554
451
4036
3863
8782
2040
9582
6110
1920
1508
5828
123
7463
5220
2214
9241
3623
7281
9874
1232
9524
1209
9999
3998
8580
967
607
9730
1560
3748
5938
6424
25
8114
6427
2342
132
208
4002
2043
844
2818
6510
4480
2823
1900
132
7915
5487
9492
446
3200
9833
9975
4775
5553
8872
3562
2192
5174
6384
528
7061
415
8429
4317
5931
9001
243
3194
1603
6545
292
2616
6575
5871
7948
4643
7660
6382
57
2684
2267
9110
5404
6224
9851
9261
200
461
4335
398
4045
3876
3142
8628
2128
1768
8104
8280
9799
7752
177
2384
2406
2891
5227
7397
2500
6923
6622
6395
7851
8095
3881
2104
8094
6962
4063
2018
6092
8452
8300
2167
9842
4180
3650
4985
6827
4636
3190
3377
3754
7465
480
808
3072
1727
3176
2664
169
4674
6297
1507
1314
6653
2698
8871
8905
8679
6663
9684
2839
198
4459
7211
3110
642
1958
52
1659
4830
6782
5542
6941
46
4571
9897
8359
4010
3892
7589
9641
7158
9034
292
7544
5372
503
7071
3817
8522
1751
7329
2203
1655
1163
9445
3522
3582
5013
7644
3698
2070
8390
2727
2619
7649
1949
143
219
8637
3353
5887
7321
9647
2904
3652
1877
519
4492
309
7904
3693
1282
328
6406
9829
5852
9370
2192
4896
5340
4666
5152
4625
6661
4743
6947
9333
5429
5728
7536
1015
5555
8664
7376
461
9065
3535
6476
1292
8837
3425
1981
7052
9443
6283
1421
5980
115
4089
9286
4841
8408
674
6199
3054
9642
4564
8937
7814
9067
7214
4865
1150
2058
5751
8119
6793
228
5925
3390
5227
6716
1092
6960
7386
5299
8861
9999
3695
801
857
7768
432
4767
3587
6498
2571
8208
1160
3729
7333
7865
4976
3112
4145
9251
3583
1524
8432
6540
7882
9933
8689
8154
845
4356
8975
1197
3772
6735
3942
3465
3365
3266
5776
1441
1096
75
2517
1992
1543
7424
6648
6558
7521
3282
6914
953
2930
8062
3315
5812
7409
344
9144
5263
797
352
9188
9272
5078
3795
2655
552
9951
6411
7958
9076
4722
3681
8388
6812
8441
5350
8980
4439
8177
9608
8538
8354
9465
7683
6834
6099
5437
4187
2183
4248
1172
7442
4468
1335
6080
515
7483
6934
568
3597
1776
8901
3863
6252
7387
740
2304
1250
3967
6644
3889
4674
5088
3029
2233
8540
8192
9903
1100
3449
731
1189
6702
8017
7208
1301
2503
772
9833
1747
3122
5593
6457
241
5314
8279
3731
4929
238
8010
93
8634
1871
5472
1803
1856
4014
8200
9864
6717
8151
8866
2138
7548
6911
2437
7029
4568
9121
9421
3144
8550
956
7550
2264
5193
4558
5028
1756
1980
8054
1389
5694
6752
7607
9595
4002
5808
518
1277
2453
8348
6097
9046
5533
4470
9526
779
7339
2742
7157
8044
4339
6328
1042
80
5871
6121
2599
8927
1002
5473
5325
7631
8938
2863
9234
867
3029
7187
484
8641
535
8007
6096
7469
8787
7181
9830
8512
5332
8094
8493
7627
975
6183
8281
4684
1864
9727
4420
5738
8259
1686
2226
1447
770
6892
5182
3020
4028
9185
7499
8575
4793
1934
6674
8094
6327
4392
1849
7392
5056
3180
9202
8169
1754
8542
1980
9809
8515
1102
7978
4990
7212
4588
82
9293
7724
220
9683
395
5162
5248
5421
6621
8040
5740
7030
9042
5960
7630
5145
8738
8945
2159
7069
1020
7193
8170
5294
5570
7219
4073
39
3298
3016
7047
5249
4620
9760
9690
4382
5208
2069
381
7415
241
6134
5162
9851
4158
4927
9324
6961
602
3248
1713
3250
2092
4354
1296
7495
397
4079
8994
6544
3285
9447
5880
123
9576
3036
7005
3852
6613
2646
1136
676
715
9876
6632
3631
6438
4032
9963
7849
9921
467
8040
3389
9796
9570
1443
6044
6070
4237
248
9838
4094
450
9324
5427
5845
8505
7201
1007
37
8393
2097
2933
7091
2709
7778
6093
7458
4360
6266
2487
3676
9536
8163
5046
6684
9971
4411
5814
6630
224
9221
8032
7077
7097
1817
4956
6379
2912
5350
3510
4882
8809
9216
1251
3146
9735
2372
4569
3096
6219
6045
8427
6510
3913
6298
3736
8477
2175
3273
6026
3365
8987
2458
8614
9658
4388
8558
1469
5888
7637
1279
2076
434
3437
2665
5579
9781
8579
8277
50
6143
6403
5657
4428
4867
8301
9641
4786
7702
1548
9039
9578
1854
7286
676
9167
2857
6716
7757
7578
4922
727
7329
5928
8379
297
2349
9374
3275
5037
6473
251
9302
442
5814
2905
9968
3553
1312
7495
5461
1018
1733
5311
9911
3942
4382
3206
8977
6352
2799
5095
7495
377
7035
6843
2319
8793
5237
4220
4872
7150
2037
9741
8489
8591
1672
8339
7346
8160
1616
2072
5722
2625
9727
621
1032
9889
6861
9253
8489
1833
9964
7360
6530
1720
2829
9307
2715
4001
6922
6501
3568
8070
9324
483
4329
6412
1571
7968
7417
4061
8826
5190
1023
8032
2755
8827
5178
1014
3617
7852
1513
5684
4063
3725
4938
1185
607
4069
2114
6250
9417
6565
5933
3542
303
6487
3264
2169
5522
5603
5991
1066
3115
9114
5757
8924
4048
3894
4728
1427
9628
7780
2139
9126
9323
4348
5800
8437
563
8759
7121
1187
6859
2835
8843
9074
1381
4756
1895
5546
5724
7872
9873
9741
2399
3101
9522
4408
5491
8091
8650
6055
6877
4060
8951
3103
4756
2496
852
6868
6336
2225
6534
5719
3977
3583
4167
92
2016
1185
3840
1196
6332
4374
1944
7159
3846
7194
4584
1532
5627
7784
5683
4079
6781
5909
834
3959
8438
1823
3963
9402
17
8643
4612
9429
966
1201
5759
643
6471
526
4405
8000
4981
9551
9548
3800
5500
5894
1083
8540
9253
3991
3922
4117
541
5588
459
4475
8420
1265
2518
4354
9013
4953
3467
1160
2463
1810
1209
4003
6341
8532
3444
5472
5463
3131
7396
7338
8001
2985
12
1464
4123
6577
6750
9372
9096
842
4427
7901
3974
5950
8624
941
3852
7112
5229
8262
1653
3361
9006
975
4773
1364
5026
4388
2025
4132
1812
9888
1479
7516
1339
5963
8910
1253
8354
7568
2697
248
5138
5200
2172
3034
9597
1574
80
7521
9717
5502
5716
4109
1976
7793
8807
2769
626
3722
7917
6420
7874
5668
2547
696
9883
5946
12
443
5759
1266
1205
7402
4083
8392
6384
1107
8266
7037
1950
6764
75
1720
3573
2787
1038
5194
8659
3635
6171
1771
2147
9771
8590
4066
3691
4342
7080
5053
2390
1491
8888
135
3307
342
4438
4838
6581
2003
5596
8117
8856
1763
7245
830
6776
6030
9272
3309
7313
4801
3294
6879
4676
1799
6116
2636
9485
3801
5869
1619
3025
2461
1486
2872
6237
5015
3362
1158
4274
6330
1119
3875
5804
4566
6849
6386
8597
8194
5444
7965
5392
3841
2234
936
7733
9301
8102
1538
4361
9103
6524
988
9733
1838
3107
4125
8375
1681
910
7071
1314
6205
480
7627
1050
5604
8273
1172
2058
7117
4638
8894
8746
3444
8502
3680
3517
2590
4242
4341
1619
2445
3505
2986
2060
504
3330
3515
3364
9945
2221
1328
7460
1221
321
6528
5500
477
8233
2852
9319
3859
1750
6352
8012
6200
8788
619
9981
1237
4627
2304
7051
4270
1928
7308
4537
2396
4387
7797
3123
6262
797
5214
9443
3610
5776
5104
9691
8188
7235
3359
5341
5375
5138
9792
4617
2290
1880
749
258
8661
5229
5546
3922
3939
790
2492
7331
7544
6435
3575
2767
9087
9318
4561
6907
3351
1194
2563
1409
5095
8045
6224
9135
9162
809
2624
8516
3197
5421
1122
3330
8593
753
3012
5072
5884
7966
6738
5586
2338
8313
3653
9108
4344
7652
4018
8753
5696
504
3638
2342
2816
9003
6936
7529
5203
8793
413
4452
9658
6717
6930
5978
543
2417
8403
5692
2188
4949
315
7166
6057
3915
58
4194
6002
9019
461
2758
8904
94
5664
2000
3068
561
1026
6758
6053
9510
1624
3592
3628
1445
6873
5609
7702
3912
9169
5311
4881
5240
7788
5728
4943
2870
1797
4731
3700
7183
9049
6719
3065
8370
9272
5965
22
8534
1163
9510
4983
2971
6549
8031
4885
4443
3915
2405
4367
1680
1821
9099
7480
7079
8623
890
8301
3188
4117
1039
5728
6056
683
9596
1429
1366
5576
966
8111
7771
4231
4964
7709
8421
6488
2673
1559
9079
1065
9520
2418
5880
3108
9684
7830
2468
6094
1354
700
9582
1261
1530
1532
3225
9422
3725
8707
60
6651
7209
3702
1618
6570
7582
2049
6418
1814
8190
3825
1382
4814
1839
7920
4887
6002
8384
6695
6862
8245
7765
8438
920
746
4374
5170
2341
3866
9348
1501
8217
549
5657
9912
7957
5558
504
5591
415
1360
8330
3451
2287
7467
223
2007
8232
1858
5571
2944
5764
6991
327
2433
1746
6728
17
2620
7863
8250
1171
5390
2847
5212
7465
4355
6232
3709
9586
422
1365
50
3121
1414
5260
1780
157
1260
3051
7366
18
6441
1662
4401
6943
6929
1826
1756
3319
5718
2279
5212
9867
4627
3330
1018
3058
6044
8881
394
6720
1414
812
2994
6317
2378
4208
7939
3706
379
9372
4923
4616
1913
9391
3853
97
6704
4247
1907
6768
8935
7374
2003
7430
2785
2173
8325
6004
8867
6031
2770
7665
8771
7120
8668
8395
9571
6235
7024
4674
5029
1305
5412
6079
5516
3120
380
3692
5300
7583
3201
6992
7602
8767
1214
9755
9374
9384
853
6035
2944
5969
7170
6880
3254
1929
593
2306
2959
9504
2644
6095
3754
4587
4217
547
9368
6641
4894
7252
5847
2849
5229
9108
6166
9708
3821
6149
7141
2111
4439
4183
876
8217
4956
7455
3173
4253
1256
7369
5709
6043
2932
9991
1918
9656
4884
6683
1920
8290
7446
1684
9862
3805
4832
3742
3591
3260
7210
4760
5066
2600
299
8773
3432
2593
9429
5996
2321
2558
613
5486
2284
1707
4191
9672
7936
4650
8992
4348
3490
5786
7547
7651
6527
1094
3460
3689
8893
2480
5882
1993
69
5753
7119
4854
195
2840
9413
1635
9682
9976
669
6699
8132
5443
1983
9156
510
