8000
868583364
118142469
198195446
164708766
853246738
144038813
138909486
566796601
927005014
640557176
94720503
59329240
495269279
11765527
359977888
774406387
575046221
885340895
926533284
34767099
795279011
227627964
92368746
65348531
220056215
678443408
489533964
937890107
724851367
551062511
751840380
811306679
342193421
97244321
260758281
497029521
542261996
483821893
908986269
14614947
873552967
175643723
91143716
731707473
394455905
490124511
669864762
359922752
442051092
142601263
705313236
831130518
242797266
801771114
55674437
250861514
44401127
80545392
945263448
832707285
989124339
431793855
735713250
948504816
70527822
648454054
508599079
172742312
23093466
166562529
894335285
537057657
827201097
76554793
147260111
938818714
741215486
734071767
639877003
7616057
840061981
843715368
923757748
756391043
178219211
964971937
590691242
262398922
690374125
957598621
5838088
280790214
30402669
3801927
903452172
334172722
333714749
981840643
489112568
452412534
423275099
768428475
55926353
814238047
855576873
618500455
509504466
551426622
635481284
976679696
835108122
753631285
54266351
500672057
366847152
669070477
828728807
77340489
142744633
580572050
528869149
606106861
385189872
563343190
884338432
22920625
934887883
130303089
212234105
725026913
794910833
95834495
218613822
726859652
494476209
10514475
69671032
9803657
112367468
419782072
942604038
933313129
785690505
66248052
890916326
571938272
116876394
57914966
619666540
735247597
164465677
90187403
474492670
136768408
605866383
41029510
746897048
75382544
592209271
96619200
443761439
569176967
978227292
330408140
622971035
892219028
295754081
48127829
87825126
622926941
583239053
893856447
266789079
761349262
820063541
28517705
499667782
206891141
26388407
665561965
271758077
755856255
964137757
466456982
881694459
642052043
870852311
2888664
442642775
754836713
616477723
253645566
4129633
818167223
92595169
640234099
38706115
469059878
275967647
34565731
966246544
383294748
487674393
701317782
63711160
41049080
346212316
843369544
673688914
827443545
611840174
351039574
56832795
69877267
557284519
920190971
564127804
630729041
587214829
142909985
227585741
977410472
770392470
174820484
125352985
75250698
805939717
514265383
969083455
144981400
738178753
722103642
593058912
964124294
420387373
912037208
530466388
496663783
637434442
700125818
425191778
59993141
684808105
960968088
279015568
5120928
583732627
645360470
57593981
49678119
780169465
553641560
461407280
107713570
9776582
999885265
796562274
99129551
669989431
706695880
177193916
752935333
148697882
930738729
481736792
152690175
378440808
467900489
738279479
558147173
41545974
742185089
736367610
484504183
242468938
960314829
157715948
478231480
221768151
262173317
354309089
525519906
797797347
10835552
956707211
861403667
840480935
262665020
636561966
42870250
43990736
750148081
2843400
36120745
759548897
18391320
564325616
74277810
316318766
405271840
11910268
704763966
210663342
392326098
839562463
893524191
246104454
345016498
23136249
696372301
982342373
612898710
885304778
287830663
367291165
87942872
861781498
360488346
832440194
435659421
775163354
602893873
460709023
950806144
799284485
853720283
912909334
428887095
514718060
340969386
309792753
361448024
985867661
645116422
262473276
63148505
588984363
864071279
900082340
629258543
65586223
259055723
177024262
240846518
413932207
64117422
791761256
237895913
754843872
558838202
374701322
21000193
840156868
630339016
961382250
798215468
109205665
527518604
558694505
279666634
953264427
47370223
522647668
613983868
725101010
220059917
650968584
694229546
866347112
349441097
652526411
315209834
65711149
168826871
126613450
463192605
306122993
974246556
105988764
505262869
570342425
167690198
844677768
130573650
968971237
79863684
455458679
809958926
618525131
217596003
433048865
561483707
35090437
267039659
66268947
781299830
812189034
494076263
451752133
251400626
212666784
365224586
800713857
611672020
296786478
898704492
503607655
570744064
570575026
667100835
23663468
581904643
905554739
762725934
665808896
628528905
132093281
679824708
415826446
756220466
726084966
978172318
984316671
232561666
884015004
272358210
747759369
900281055
564546270
917083107
135825936
912006370
922217336
278577707
432165045
40220215
805152896
554349722
893971235
996471160
85940906
195942656
809551915
288455758
239738787
578428256
675226453
81931739
706608163
136669523
413084423
255379490
384071236
111603025
303270183
943537689
609125299
326091631
362519988
481580104
676363998
695876363
266386972
870026462
453171781
683153887
937761477
751676864
94712309
176836453
588837048
382901112
318254590
892622455
887868564
673295955
811645949
5868771
370999408
66644837
942569580
153891011
468505414
25289078
183224603
307538847
109636610
604063076
444131207
452909417
98370015
361925262
911746798
202364708
290675028
634166699
126987550
976419311
190126081
371946773
232911200
933124993
627408572
749342902
717228821
58412022
764896401
673022720
92077606
182775944
136914535
179345375
639610226
721181388
997089865
572445538
54599542
260354043
353494826
428875942
718658591
478255098
42876929
789684002
781098787
429231913
263460608
813857626
421118200
119815962
41670451
781601116
26644488
548148786
719132676
611202968
824857456
896449323
663740925
806816417
237365389
321571574
944330658
711849667
949425133
195842346
136788138
436122689
302284212
530241896
136143436
847253607
279833000
651325855
475483021
583863389
358430420
560334027
887444720
318354492
332966071
763066482
680524456
123657035
211957019
434746630
969844749
920914728
448633981
350040107
419028334
88076971
962017378
457436966
747870464
476192385
871046578
192175996
420425638
395317290
401065971
103276980
451065612
685605483
225284553
348499368
318666030
882974665
118388309
45128046
501348895
6993420
602099271
599539256
179403566
140584761
173128745
805706393
984747614
360266236
630633326
353937930
72937977
53932434
137007304
711762661
497232384
293202731
544753739
222489504
43097506
735482997
13802000
449589684
512218097
982342168
989449463
262334549
774427667
330379633
302019495
419815976
74586200
670728220
644961457
655436736
350152739
85243943
798889624
310963278
996491509
227235367
93872146
9313400
708085753
123112332
740601102
258509395
543143908
885659681
783364229
420886292
686834099
626479696
52059799
822310538
946899013
289373160
123623117
831751667
625888307
274782255
129599028
873358014
601096414
311021192
896048433
830949959
462777974
560974289
926771737
234705680
978458534
272124965
461968038
732061798
559703763
888020587
618991077
96049242
257319897
65472193
187288335
107176270
183985700
48357962
647781564
579849689
373636352
352146390
447418722
651527929
326851478
331696892
292865922
958474146
376717328
795783261
901192012
68592345
465900715
633280956
21395998
126882574
410051714
837112011
525198512
483487645
322462654
628941921
462218644
925357106
353188378
485626903
513659915
215206180
331688952
434822369
986535247
36363532
106072235
826911948
114384797
106177835
842336915
946792761
502464231
22259442
332421649
707240142
224268261
29680936
966038505
905245507
178155091
884548731
41334083
101331510
21629648
840968031
345764234
66483667
488351025
111296991
117606428
420863366
854076837
386838303
512839541
893348369
808264370
2015116
519081029
215260435
117468815
4396465
689711906
493251073
741235269
259262068
531083374
855304028
166310231
31660910
734719479
619161768
466991631
719188809
194867115
504489908
747773850
846157317
865196899
404719142
185404628
666379178
518873516
985355899
80380839
726032609
390873511
700278753
45221329
524715013
544398637
281137598
191633349
538533435
216574741
624212089
996233145
275539095
974162625
562581769
481045125
758335307
764197446
910589722
869853392
135682026
306950380
925809848
230030699
290600860
975102103
454637454
96570575
895653542
118976796
495025942
353547285
518548862
463117545
6935027
391481366
208565407
732699140
91170072
800254112
120736029
366622570
713851669
93770326
403843696
531977308
509268097
149241076
99877281
887945722
213137871
80328106
676055309
297030160
557665476
952990525
632851332
99970401
439145945
140057571
197908521
104378470
505856477
911845052
209230559
777663077
476329998
350392930
810895422
453378197
75186709
872126634
614725737
305394311
170400754
670022617
170159284
988467946
467040591
353161184
790944117
929928938
651255302
501944773
663912027
2204510
5260375
580889728
781868302
270670504
977962049
761828469
438859849
537886544
857176168
58776524
446675483
857402529
863577521
755101437
688785089
519350460
780547775
233809645
700372502
483886984
608566810
267284831
391882172
554703383
550037506
237307475
88475080
318648746
387540510
244473292
379429432
661805247
680653535
152106990
64285977
540870346
272878646
176688328
454514015
365379735
356435725
61106541
14957782
404031234
83035292
205303955
379291199
962429514
571823519
343848521
706847508
797345919
564979160
930776347
981496449
456354873
765217123
111579193
97997435
663129744
80812446
749869158
798782588
961128228
174846371
758482273
530537137
40643425
304850225
341106734
337801859
159567377
498238865
790675029
243520420
642080337
165246050
238431781
885633858
391935977
449826357
24483528
919757168
646836669
617513474
482003213
553870487
917972463
67430558
303982200
892668969
736593849
44353096
363580332
37018677
342857966
524659120
737928362
533687467
55096326
565334395
22669122
14584584
631041490
977242835
871999838
965580127
701182016
862286581
888129026
43104267
61051657
585475676
14128632
989692275
173661719
639909452
398200504
994712366
648514254
154688627
948938755
89484549
538418194
104694819
317630368
936275558
514885458
703248590
589929831
670619720
13811229
119093762
692064539
211793658
638899289
483871102
507058717
577346955
892928502
39853622
925989819
750568652
974263488
48578239
197167675
748218809
768610351
828776592
922358741
968723218
691541765
966074723
327033844
206547131
666902874
258165898
220161952
974852031
931925184
919549284
741306841
718403789
76056469
760261411
546516356
501920415
849999788
910185908
988765302
288881587
138309518
977753215
976485658
696301286
937044399
998293568
389168421
515822680
314357940
904514337
855597069
903646627
934343679
801162458
441975968
654473547
12297514
84793404
25269472
329772385
189192263
650301807
954553527
50535972
46751920
519469176
836323889
828799220
381746566
601370556
167582003
130402756
858778272
286961205
886687255
969761577
828642543
776151664
299381962
15680760
949507501
636899350
432236974
258835671
122431502
402830183
6791597
667696872
84358395
851933799
126575579
599803546
631300608
741216875
489937929
616727674
637645003
753406890
139557109
492111658
548783227
737836466
474089881
69989232
541870537
881149013
437514193
820700432
498729457
710140659
488344601
89554417
705875646
61945753
956610910
453589049
287990543
983389150
482308902
102280407
977444654
309168825
55794894
624570787
455055470
505816130
838839034
531395804
524837410
682689592
299489528
279796515
798591002
892493873
872953859
278391429
308664620
410223103
978856576
498179840
599018851
750992884
513457200
90694252
724216428
809808694
640391382
536411363
29636114
62841231
748649365
438193484
272014094
6765163
733870379
320893788
52343528
416986427
26160818
837764823
729987734
226449484
696535792
741978866
780214298
313090568
910023023
406658642
731659263
762516233
972103788
77987206
2072350
603843984
707166899
686345602
800493158
87671334
136681106
989371522
511673850
519979375
862576920
313561671
408694230
591239249
392882191
280025103
111552252
112411365
159039527
233070866
737123699
229927557
29483600
874811225
971135609
170991840
795894814
941748738
456849671
267723146
403033575
64906133
576651009
9171015
563888418
727122
82403015
546010785
280467085
463698764
142851882
39815753
512442740
698448244
131286718
450515432
715412411
608559912
260196056
567405067
189049590
412883698
72349752
780726469
484380039
353568071
597979302
201260783
199772960
886045690
31329322
818413671
880627261
440519620
698131169
935481447
414973741
57954090
953674338
112753192
841663476
384876292
895458857
631363563
631180077
879027976
510498807
596281186
604725254
424473590
758801583
128803738
834930490
132368179
114798682
318077442
483615532
590601811
58548647
826952102
329609458
459782198
159141100
734374629
355307949
221394572
753976168
953149052
413711373
918330269
432476673
44593368
461097947
495905529
715007813
713926482
874877854
327127456
276832441
41511609
958242773
808062828
295400221
111862935
224725599
341482886
720779275
239955216
477838910
83098685
552198463
560211292
106770706
240257449
54554103
180866866
611420255
420910469
504444416
913747643
168857304
910114212
687396528
982486962
457643765
623276286
235942716
226456540
287508491
681596187
557918789
732247477
383031698
876955864
22562450
414053128
146808569
984138035
80850947
453511282
170869587
250745198
516406800
279337983
316526737
185775771
931916707
880181751
340835420
725582757
768634805
967252342
407431639
107702716
208986881
579935213
405872713
794594668
286964962
950483313
627776442
63769215
553448427
439664896
69519518
199131047
52338608
991091681
535210397
107226804
919090753
910184744
141801169
489069681
562314951
707563198
709399471
126160899
716594556
373353188
144269439
983789182
943137052
320625795
222025438
800317442
295556948
535364932
709114090
896228384
785541572
299651509
603555080
174513873
513570322
612805174
564537293
78694433
841126074
359013879
629052083
296981587
612888020
934398585
764994083
710555763
505334334
853650623
552886380
654118380
307407558
763568190
532708974
851496573
918399292
500747183
919130272
75408469
113597721
359019329
40955561
92585593
146425811
422835767
193545088
787048181
211145789
271232233
913710807
342519077
237967859
128952811
807429453
737224137
297852321
363987655
368548846
834954946
399552676
748065986
757449761
821971148
710537731
104294255
222661522
160123429
611938671
444629545
521000708
289932145
46723354
523258255
139728335
279080532
990066181
805385625
848834286
861600909
972322832
141852348
799391952
650402027
918387975
955562774
140211455
891939547
119283751
476893017
107260236
393012043
217102752
118750168
726891029
754976232
159363452
260858001
653070089
7202896
533878349
155111667
48177279
347118859
395126463
52596036
277509583
818295308
327033342
627295171
687854968
108158422
652660569
37033061
462726559
960939710
765605234
804505980
344940723
133077754
765209672
11964713
369884665
440693271
840294269
625260301
191410451
440803499
347648194
264328446
439574173
979888492
85598607
754332748
787151461
580959478
50654804
365265715
147841793
30182775
93498549
138352402
236885684
591880325
681599760
310129093
446308465
631297470
981119972
155010742
755071102
480860127
813295885
931256500
246860180
135215049
232606024
49697815
363682303
882665741
167358778
523892445
369533630
200419769
299807477
928927778
356405828
24198970
140652111
968681270
417035603
285706212
427119643
199222400
26038203
419486631
892392293
875414766
969623346
132466330
684917414
71213024
221678202
688731432
751760492
143670471
494970315
315691292
280178173
445364483
73237870
536423657
738513822
445057970
633011569
70817413
646931502
385640317
24438838
614111539
43858329
278444160
403305476
96526620
107918270
356407001
107703363
617194111
761067200
310730807
333662977
33179217
994654981
666010252
528716440
235278586
70235407
495739981
68008343
396585315
214966442
460719846
852147772
852985439
431542405
666737128
601094732
79933550
516830138
567042288
631629369
99560885
526285007
414341864
591545941
502536026
799116404
292383972
755703475
303078497
673422280
724740422
388331431
666184685
920159154
592078503
785317240
251394971
513049881
438450460
363748721
997741060
460200851
110157188
434353440
111445808
707206123
126066532
268712810
474248861
874520277
197871107
16489093
480828962
257763978
387933495
873080129
348639310
587229436
767017618
124762423
517854100
214858349
981426463
229020174
945308486
72161323
383626608
270825535
635022867
132197868
891840453
61781125
576067831
624179292
402508297
799464259
721088799
143507889
10881295
21558623
354714373
779481691
2000294
998707424
931242636
654309032
66769529
109136438
338025240
94119848
238598447
159560666
816750381
151405032
734110517
442162612
341033659
475360034
675066210
489290092
998022088
644678896
365716577
24205548
955734085
389590317
516853930
159969749
147853131
889973036
567378790
183523379
648125856
453924524
79981976
629711607
798571221
560012941
64724039
526780613
11859274
227800319
751727244
720460185
9694703
975216581
33106290
393690404
841392624
904366560
549558048
34924718
862344987
465569113
236106334
478850272
964388487
281714904
378024800
788384423
97345682
735153056
752465415
384857937
531134128
619829909
230020317
625623987
806305992
810189420
277275161
962170719
12983010
302557030
987194160
458440828
37185575
519991784
844772173
608842090
564705682
903670447
467527015
368803772
366335243
135916780
230510927
753539316
905082975
231835135
16455563
692521403
835515625
705651666
194419265
892021378
28293112
912068403
589356840
683382668
49480506
230251918
208677264
769846531
982344520
144732103
39413636
971486886
442610315
430443411
417555918
20619
306479118
117554747
885499899
428442152
850923468
693364676
334692538
849151812
373598459
144133435
6251176
668073951
945290687
1139843
906102430
615004133
917661952
592484061
706671431
50816997
565505066
996353940
783910856
170829307
980859726
390544178
836267520
68566644
377867290
648507243
570796710
162241272
331357010
879434236
799010194
582339640
120093802
84423452
708394209
243880884
854124946
91151423
28828154
691242047
535867225
59384318
627740021
567306972
708080717
674041606
931842709
37990235
89301465
607758018
232269729
20744079
624482352
59123593
597779038
400525194
824074999
86099584
833488951
147764744
655181707
303984539
94604998
38233273
730372968
440000784
693386393
759351581
822466530
31418371
970111802
158539008
984269615
174372505
780952695
220266510
625186723
55459109
79357797
936771875
811253487
313658687
249129236
629302972
457454475
115334945
365328324
480477935
28802120
156865618
48962722
718423913
772416741
997551959
368611840
333986776
392632407
545456487
675835919
267468172
82934698
825510374
505992260
200467665
246351692
729407039
241731388
898546769
754805570
26889371
890620019
597988694
154010515
842745186
807965561
641822696
968248419
180277100
911406576
47720994
505080082
837509078
774362073
109751707
331696196
869970283
955094120
634961141
480639101
305523542
969305757
611567471
992602927
341731284
338403784
14549379
303202475
187523314
598977744
679358122
544727077
712541592
917261647
866052177
687283597
489897202
425540316
62611864
340672796
4351132
998608748
418700075
920787998
293414270
649007272
918960484
769179398
394061943
143912402
630474109
871078508
702940234
327626130
169792977
675010228
693966702
501619443
823445920
127962773
215781459
602395717
461345085
18145597
472337667
744974795
962971397
981102434
693709167
872105542
363205675
575830648
50597963
751043767
934142395
214503630
977350716
886708424
593523781
890380224
906165986
59171757
271136442
946980003
127025064
779310598
862085520
456194812
235712048
162731042
413998847
275688703
35252777
428320316
129025862
473129393
876676445
122810478
607100494
702198387
388845913
366175503
121068169
72910233
48808223
389145717
997043511
708664065
630625676
66698729
796279791
36568060
819725121
584944367
713416881
145145132
853712793
157289891
87815054
706102469
93952661
293573772
849853021
893873641
968453606
110849400
900690443
474181660
380382378
869272538
552952138
13249562
847302259
307956519
736691167
978124539
104747378
479475869
275113429
694445550
973936248
779931586
73672895
742321910
174967231
993294084
971247
439978042
449305805
969009269
3137517
242753352
469510720
111925491
111575534
235389369
714793771
451801191
263405784
105932493
930086741
850744641
958760623
847891402
61786377
597417067
72880207
219862642
96428279
542193831
496236720
701459972
796842396
960697628
94274347
769072988
908024450
85405630
947995239
857744325
47034176
874736569
209374784
217874359
278990621
824718161
143209208
441611934
446157651
235018677
760359921
992447744
130721303
412939728
582024992
53143594
573552698
671267051
938911916
83455020
865506656
901492921
155573982
212476870
996475951
74237416
884390977
549384201
714538254
865460801
631818562
988570668
574766596
225015209
16673478
418399673
884838798
667271555
580232808
34297576
299808243
6062037
627057288
118326559
562965724
536138523
158403204
369937206
124670267
850871870
794562861
990985899
199285253
296085462
691035527
888587693
406479368
253469762
88928534
45998024
319691954
834494190
386260409
26611664
640475137
722027085
413350555
163372778
395201417
286503165
819106917
591546476
988319333
803678099
553497011
12235267
916539563
719367312
116159067
847954778
880011163
625613262
395959074
556287940
398370440
113378572
305875704
940755198
107832485
137057415
537027392
400822795
647157222
583453785
253293290
733125551
344785857
673942851
595582194
129991513
652513478
428762484
911529704
352897246
330218570
886181281
179651685
887959851
791616649
447386080
207246101
228672916
630743695
534929446
109586861
802758815
228628092
374062498
288740028
745353139
521986349
221988960
541924426
119405233
77167285
344096047
703573677
501540108
452342322
556458646
16757575
631868164
36472799
232878219
193089876
544338223
98960660
122977059
825533024
15492096
609881954
999640178
326815847
69375116
60351794
681077055
55940468
273319088
44483598
46515780
819707570
265700174
446358396
50000593
934228013
851775164
903641638
919236392
410741609
51712513
580114544
253641859
206587546
114970713
982815352
415443077
974357257
737337837
727627912
908841278
231516206
688396816
42912493
710798283
885496994
377877177
139084238
247315921
27448155
782619069
275308452
427385653
111294753
474152639
842360356
940944710
824772289
666791957
641558682
729603829
104053486
663831845
753817733
424431692
378399649
97594289
609835624
16657391
93868283
35219616
765022280
127021482
886880278
807725646
176031635
278745345
93433097
379935098
506042914
378377116
652136505
674834643
758972043
30995322
567658959
115337535
741827445
519269282
815906870
843620424
976710458
961247020
687095880
528917545
102348084
385060359
829881342
327044047
186878424
140263504
473577544
790174249
321875029
49004600
743107088
119235918
928271188
172496168
515942181
489701686
706416294
541769404
965975435
904660555
174741
891121929
269994519
364631597
804027269
254519116
436355213
804537921
110281305
71810616
630954131
120311665
75935422
700331366
739976314
999943009
135421551
608526807
545871821
369747998
735457943
502525287
409018046
936701572
18187183
327973565
641953567
889632890
151451348
774576626
387602735
3632837
41896648
286076916
410695680
270849006
62545714
958667069
173395975
207827723
184848601
874702662
887134936
212867768
494204071
172687246
564818482
153414008
47073144
79917066
30411967
112119594
673174373
880595952
792645473
11756161
256600198
569410585
986027280
303088662
60207211
512730100
624155156
539863845
568157435
285170846
360592977
684530122
903980585
526539535
426271392
796672910
940460181
12927541
510236890
448183468
124900475
21110236
957100248
252162828
265327876
130433393
244178495
829616744
858353927
819229522
593785038
177634867
380119044
928519897
944435550
233173052
503708088
897651644
254340086
691851668
231331459
810872546
556991401
961691337
350907375
476075787
934638726
561038156
84693956
161580670
178121460
974845323
732919704
924545977
134545887
348508533
20862995
172602951
516040174
241490887
570354238
816016737
499957094
133649699
24504196
375072337
529504782
911420572
302729946
558654422
998357520
47177084
837629397
781930053
499829395
651453332
905832933
542882102
144674185
319773731
133821790
439333162
571133162
88367809
140611567
108746084
828480182
165985262
178148792
213869092
940919174
500130143
632624074
16169175
782146570
382279342
450679159
359867130
502152472
866820999
134921223
385782441
565365461
265672325
408377132
959781665
839037086
120887119
971833932
794719072
394190744
440481540
776094342
308008891
495934400
679740806
462373838
252075461
165982208
915286030
268480834
259154098
432893297
451377113
37127410
400152286
653200401
931709515
523144266
939487451
40275906
101864454
11970773
150428110
799177378
958022807
931544115
460906198
756334194
210199931
58799182
290768944
223117361
6286262
435645164
289005084
943953555
623471231
222088356
808418101
560626117
176973129
870916958
219822932
428777562
270507462
39147780
307871134
769799233
965906627
395001419
688153851
909865715
455431934
228325501
273619029
567509367
913145043
485800102
683269880
319241956
419981521
406852355
922801972
870762717
994695061
540043830
748150668
865635432
456560729
872822471
655968592
360732330
861254000
733938242
100471254
902455752
831078910
719685091
301182415
146654913
373447792
774878864
141297617
534599817
882287947
366093605
325226009
89126317
233064339
451870202
21344634
617059601
345755937
400332152
693866992
847367329
422048586
188529252
746307217
981785868
275443557
51821627
287091652
11561001
480334887
555541710
380588063
747907505
698883840
52541830
40432452
793037841
16671869
596528349
10692779
68318128
718464221
793372704
306808332
501018539
2394475
158115333
768847837
705981295
114973233
627662257
487746026
378977909
539037585
341391158
294896610
208169185
892337723
151663223
563336730
138386371
27892078
122230452
559350488
874190098
249267537
617090691
106371704
951090943
568964900
931852936
941324324
483970616
142784219
797601082
782620547
38651549
406389027
971047073
898347361
811999718
688972698
222102708
142929335
489271484
232696560
868383891
714599509
753819577
89270102
150623532
623198344
20699450
109482773
105997216
687941408
499698052
115493589
653793168
21954846
470188961
596324585
744767075
213899660
903024873
310568635
731286779
24060041
563724839
713392821
4279891
275096623
776049894
840655269
447372686
875962123
485170104
93155961
489046000
998835153
84325545
143690672
64052234
197107135
932558278
330683201
887151963
791899960
704333776
560641330
930607632
187470256
955088709
841920729
29534623
73638232
980129501
605624419
329067499
630639400
653103392
948458318
900052465
78716297
663509881
47879468
525405013
113141704
698252035
714727814
288695476
41598262
236808930
817624162
537446789
9127351
615861319
682176999
428772081
850464814
631126410
983256364
842100113
954441210
316741482
759866828
412648369
386354322
701049296
73177927
366087903
513202105
998374723
20230731
586240330
903661817
645214816
104150644
415644211
702256648
101509119
30027897
460412317
143362897
375670662
526801730
544076448
63152510
181506179
640829256
450265307
119345810
309116834
685912834
993437785
269064874
463599030
797888670
464784187
245310788
569610622
485511302
931158582
690959923
842963433
252916531
233767111
396566140
200277025
488610062
840645994
315791152
169841492
743585400
155180330
110928071
994863227
972826754
22906796
437476358
749875028
494017397
325153825
946714652
80351229
382029775
74025190
786597341
87092972
352397678
136071666
393927143
154036721
592426505
737707558
310699127
613396925
187074237
194239511
912127923
50440740
222954676
473204312
994453498
765959518
773868589
445356285
747472128
630600774
432573770
610664467
846125043
618199009
465985736
535241855
342710368
861280267
516839396
564226682
227093166
954695395
404238303
411585408
901120467
438764764
78723746
810172927
346169760
150347633
53444806
93358033
770369039
137479877
879417128
39189121
804961669
396861865
594406273
334556741
814401053
671887071
471104345
28917020
207876202
159927766
331608417
865343376
852368503
517744217
963101738
135529116
632586179
856009593
45975122
786993518
791078057
39324654
155184423
419682416
448241231
578022776
97450324
377093148
50113536
927932522
15818000
687331475
142490978
522098021
806067805
26503454
431560157
715487108
832767909
143644594
269297885
214580376
20830121
363280624
516456884
86960428
96261244
86073760
520664284
816038539
744925222
544024073
859599556
477248045
426000017
293172944
608084986
928605877
398726288
206627410
78762787
848092574
439040982
742407785
357331619
37951194
162632296
961999613
665948050
36532114
810328051
375426344
927526873
887019387
159995341
253038436
17728842
112620054
92702473
580021805
943138145
797751020
545192184
695093320
150751912
724558917
398273820
895467363
346072890
147331131
54885834
221250475
268982639
8117277
121324165
201063447
997576169
913909730
869615041
141107221
345150732
646549598
633950077
949231363
119451864
417279736
600158269
773693181
450806015
344073866
57245359
226789316
341947886
54127192
381621468
754480304
121334123
703109092
102324323
660391068
62702363
863522807
416218481
605786846
136784741
131903221
825226661
154029037
347967087
309039451
400521411
898492344
974580869
166564867
961584775
369119674
835036936
34233059
222122790
790415427
51392218
610189682
646207579
378261572
476908259
165892718
650997152
719439165
1421352
510346763
185102975
255855467
671767397
632968818
522026003
678777034
65192250
6677909
270437406
455143290
203041309
29719455
940590781
478701509
684519316
717264190
357300998
617963650
664757536
651841955
762610936
688007766
778949069
327013320
33880934
122267248
2373106
43150498
837081350
466815558
796164716
429978217
951111716
528207995
813228014
172548990
665445981
536120348
584961292
87070182
60015890
525001623
292702356
320222715
83978676
220188933
754597655
37675589
750338613
865266705
5605930
610590821
686971868
627181592
506594664
451186217
416452338
632715128
675771053
136829749
359592454
52540516
356544419
406441901
202596801
219159678
76371176
454987759
403871766
663433715
419926536
837793118
535358140
13269356
520164664
322632995
54992162
132426906
761694242
879654040
893896507
111597668
846559570
667954258
827659318
898968143
301314180
431305579
912726603
113551740
524801042
961221421
67405065
822455640
220004228
627106527
46152090
229545325
699079214
780632660
804287519
970093959
185300637
153369371
629796941
832328818
330328646
843506857
558261166
20804702
502665197
20920281
285212870
785063814
4560052
531985098
56774180
18725071
865649394
333786679
140933696
135249170
484721947
840125253
603229478
598472177
762406276
978312627
319880939
121545941
41721744
50942120
79680368
214990032
310135722
18630387
830634702
294303103
673051353
961775474
591856624
658243148
102498499
379171236
550930853
337337683
357915434
735127187
129180665
980460190
558208551
540329369
720167816
136885198
517461580
851264489
683735140
224052463
553214783
622562274
533383171
582714647
815144996
121989898
940963608
867858987
599200425
567184271
844484345
816328902
124593665
203673391
871943726
374573798
653029871
521435237
292863597
414359621
367411482
773437971
437573564
136772888
316798192
605851
388345881
685537223
874781760
893393451
284570358
362161904
29481451
679718780
464180066
731688882
538608788
902196085
346717494
810684159
426277087
953828735
624097817
919680739
245640392
704283341
68566295
982237340
437947562
781388585
318359059
890548016
40122436
376406661
593023911
562323483
522862102
382842072
816873867
607642653
151834424
378846646
692891512
39789390
880933056
650659396
391213017
53114502
673973355
880827508
118172926
463608679
141318026
131966799
858582505
709626074
2338120
418000371
292993922
870333998
675065867
705067129
194000777
163919890
768418960
629081138
210886564
207911718
318892567
959796755
309226099
538987133
77187496
110174661
114277421
774238730
623613035
193050625
55387556
799721501
891509857
913978072
217823665
731843795
579098384
416501408
101180784
799813414
90162355
254591857
524133167
687920664
804086255
735502385
801627231
569623507
692143579
271893921
607059916
748139395
628777419
748576975
982358211
137309099
352650694
159453468
992316737
132882097
74900347
786049492
351396493
206039278
35170732
140487277
661822110
243898799
469316905
889515065
111152353
197956020
757444710
834640057
155950723
499505904
444543216
513172559
649485920
412089610
550787273
599271889
178346980
88152428
433127960
88459232
393999654
16670982
459913238
615779579
148141568
830985281
11687373
160669841
754767112
111937445
650224205
31452083
293532191
924318733
365989906
684299043
247413881
764878581
75081202
741236311
956413252
566173910
89416523
87702225
519770670
318998473
37075084
544813936
783501787
610541619
23411356
480463621
945733471
136659724
137293051
695114004
568706330
429405201
109833979
405813781
756604493
390220393
417328736
419451026
988280728
224744775
376183992
333214394
292467802
748278233
936925742
50091875
116767834
308527057
262889684
977001096
886398691
289877086
775450553
336074510
12052809
48893283
449632606
122358400
455455658
678448357
299444548
122272899
731220958
301143988
956042187
566423960
536857982
159028000
698711140
475825680
765799540
850673829
906598375
75070407
617819501
914114269
516746563
867643383
824278667
254701882
802548189
49147113
539712172
646422298
152820753
504360020
697087980
639297261
736929658
415634852
945664788
579528418
737934263
152614850
391055482
483963873
601118363
49339143
39141310
107912887
676502160
225602823
390351397
46122247
87482487
896071314
659152188
139246603
6439354
175703212
616832572
630893600
925632813
672177389
597772396
144416023
871642450
986653242
147271975
112659014
928395986
192409205
421393628
584542731
249308069
514860959
220137784
76931161
706992339
445541720
494750035
286468969
516554526
450379740
806470941
413054853
595908731
534974458
963029204
816371719
237888140
136934661
242623530
702173360
39486182
132258015
441007698
368292352
963632389
58055231
83815550
961606292
676001461
801649205
695743700
652971677
868201585
105919285
192137401
813889742
864728398
637445600
712047040
108304386
159331222
952482099
345559762
163330841
295006063
617268623
560941217
264759310
243946029
758800110
107557677
97115288
969655928
947016500
186283391
15666900
193681736
840642717
673199382
778741713
67240342
757223169
679635641
996434840
297887267
58402526
665840954
608100038
202809290
854727852
143160042
485166629
85941539
585341352
724894904
329577799
896741735
861653150
955685707
31005439
777047708
494964016
981886706
431390320
635441036
754379362
319290016
858714542
34910370
310309245
846398002
407678192
735753653
14797922
582926485
107820861
753262837
97352236
654308042
108963970
100738391
805451216
82203949
383033751
109799386
274087555
97150529
718619068
199656760
637358673
98019222
815443297
841507953
50700514
34867646
924827678
40061940
470220726
915398027
60124299
419692749
146205490
750545588
2284293
638640332
567010022
741013534
862463642
394705888
48954588
550956687
661831911
784087492
108017607
284181122
165814397
96995596
824001389
255685595
223023354
645036975
575057089
7081791
49470571
69760234
676512741
259705637
451761212
397863576
977879338
822657505
706409231
955014788
822493035
203651476
863353706
662826175
549376181
903266064
823175182
792343594
485461201
161266943
119732319
231525390
311641792
411258520
935171243
639909012
318860585
313976044
160275454
744685492
181182731
887173337
908794373
718648568
632244825
1937358
410341505
178925924
994273849
328196776
26195274
949205587
148326250
406616934
4350692
253388621
598064935
635173005
849064143
95259125
103974146
598609696
2002116
416735692
915242231
577816564
254938594
796867873
576547142
720785107
362236129
299934595
755951719
680180909
601543123
157965137
451380495
681024559
975291170
801211959
843290552
306938602
102616450
449324644
198693692
804820178
392895949
847550134
597565786
502188925
776508271
504956877
563656058
23792838
414127683
488798111
538413071
226756110
993225499
961207692
142643929
644434658
404838531
49535697
70757438
201006745
240442680
347405691
826514692
767707722
515996989
944344783
617499306
759960918
484819188
5159245
836372458
549576214
218974516
52650864
380879304
132156904
590385507
583443253
390924358
746836946
230600002
603173536
133698402
29653617
743830219
135427355
286462514
279340896
955271983
824280063
325088576
901226216
214278236
395942873
55295956
119958124
491396667
759628730
271782935
21366490
781405598
805262812
62406327
671208321
491006217
595477204
106096350
886127960
94868361
532698165
730446700
506508910
575268680
884938955
227422041
34463446
983980073
989636826
730917264
85743494
692343360
423239752
509928827
177932344
827264566
765142715
254669104
71529196
999766583
46966848
293614560
9774146
495484675
647579627
504798029
34602227
184926526
874153161
20844174
204609587
852447664
126696425
185716712
28450890
582660319
778160754
179938245
897526852
323308405
110502881
530933464
862066810
916751563
857761515
244996976
706278994
884909452
676872301
34770775
766694118
207273831
710552405
338864792
378208983
623288818
80877094
235809017
638645851
850032111
549060211
629332205
107991581
921949977
150076430
137832343
891049184
850280575
205895333
696211248
231432496
147979583
578184358
999778381
983702867
257610046
999994206
625485863
827580426
389647101
140022338
766758023
88941565
391539327
412409733
19231832
849740799
540756298
764194016
858660064
738735411
457996427
911332837
859747775
201244499
201867264
290515857
683057720
792271018
899543667
239297190
877044024
920115348
300283560
997902666
177791042
266184718
58790414
573336698
840354890
462311454
345738757
65591460
168500600
215448853
671709718
643382753
960374934
102790101
480961474
675695068
974623027
343024385
33808884
842098888
537599253
32887562
693804581
23848476
105883481
819968358
117974457
200715347
742413792
880846358
129409709
14976742
421593044
814433175
672524632
145667238
64082997
119276307
116273413
180305440
955958990
821849619
769752336
241651184
268268283
796811469
639662767
917901085
292988775
232487634
56562090
616228366
814454496
916220624
465245772
737267878
892582738
253718352
622250481
505777558
129598442
416152864
364294764
9426397
375135389
892517055
70414726
796446475
898763538
594162195
537580105
411984249
989404052
669275292
621451263
173184666
875374391
137579087
550323657
999024821
19877227
685012409
98807279
395168929
932784517
189425378
212673735
84392701
960266554
207093605
512583741
687676626
303133740
83429630
111282282
663612195
431873390
102849082
212514043
55544252
14565611
942992586
6218762
162444975
685907626
62677969
513260431
355481112
610937817
696275541
440673777
558808978
602844123
461898319
73790700
947651852
603548536
140168083
472093946
18668633
68008926
202815643
767024425
155439183
266485732
649973248
810054870
78539410
978885630
715925412
447087794
565417192
370204607
397240904
14446457
575215889
159838020
612573966
15504870
638844128
326738982
949299722
273613049
44615500
434677052
963669807
309388505
344713771
567440845
697917348
539719140
133491430
400883123
728464418
474237328
547070639
75609617
376267668
467931348
350984755
358406057
122129782
84223976
954646792
660080541
543340760
679209155
343973965
674142298
286091689
111651598
952648597
989130987
934035304
154290278
660629746
850255913
457121907
674277667
517609182
635747792
614926759
284672929
661688402
125510097
5071524
462347907
526464594
558832583
767429991
618752703
827643536
162013469
3051020
163263171
924803593
409717173
391800038
568690197
63435897
256465696
224917421
559063128
293275637
554257496
472474069
79861563
31359193
364976788
910038068
545388688
391697070
54658459
250606166
750838770
609607009
270628326
737108095
955492400
385362381
19272070
41300864
538116976
706754045
586738967
171401117
33026547
500799871
839630961
903098071
438767014
651255588
316693627
910055322
996644551
312432326
93077203
89302979
176302267
634436971
695207923
251032585
108467814
967707523
360805807
797869049
767364548
367322737
23708972
741232901
419651012
135966546
868322190
39709026
284669061
103705324
792763926
105970491
411517278
917819856
876540555
669117929
94254266
539302244
267642745
869096741
239980654
547153090
616134861
831131466
179702319
84373236
462259321
778040704
383408275
602102860
139772290
128017085
166278068
167406355
832440419
615796922
637318741
448663842
682721592
984534564
375644584
584873782
30400784
813306580
904784833
391717474
660876064
612063251
594193833
933257954
861610182
510013170
215194335
769078923
721161115
959933387
441608113
496862319
981633870
56316835
322403022
275998899
907034398
95288855
94572439
916950670
3940544
373246100
64320201
579497208
30347082
147080598
297077969
316045421
491046188
126245931
988922714
601995979
771678409
160247518
387309286
93102061
14503712
60040531
949299339
499188626
603377995
809515146
47092203
296013653
664671171
608672112
647839427
348024773
878715826
226562336
475905278
575331703
473973224
706001971
473792181
340044921
128253774
575452763
278607247
213784869
112739953
508944601
40239499
186346748
663965616
140187977
826114306
916061825
379032785
395577866
169524009
603935753
60565367
477066320
97067747
440705133
148167559
82350426
519115061
620966820
935706921
855629810
211694268
15788600
548083942
947836197
666942540
206160032
92659176
682560261
458957134
160860489
687716228
709714250
852025730
381559923
579646631
899995299
901934005
111502425
618744866
261958913
938941213
451849682
140643617
66033667
297754557
321027989
74516959
857194951
380621350
954016820
84025022
63554568
518343536
587972257
192703519
942287651
976438078
3522094
660039722
190388792
756348061
943104352
15848537
456358589
11673566
276969573
932915515
903294058
781401058
379460094
45674192
525634060
687159263
17297514
785055619
653546059
205930882
752645269
107131356
137486988
231266299
798072007
734285464
832361883
78362885
520676471
952616519
725045067
3561121
480849689
931270124
114746822
330158962
851183333
218254314
931919935
320435027
383526126
701393101
824660777
77401760
873902803
670736519
675722662
220454749
267858903
763189225
683609642
809161959
748241643
38726544
697134957
565364131
32414414
555950169
687927296
168214331
426576637
633321565
67780195
262515161
496862964
866007330
144308428
702864498
611095949
126431982
382965930
957900374
856876864
214706856
335290455
502335292
920553505
108603986
926603950
236118631
23603865
630554244
460471966
252181779
78549655
719054404
185800091
901618623
815564167
773699257
241854214
791209264
198992264
279030936
750359573
197786232
738364006
101678642
440134351
893853495
436852632
743173518
322281380
730908604
268147406
911766294
125873970
42475586
654095660
925993749
68862759
362965519
381465237
160663107
395967295
644380005
974979054
792519086
403047985
310190789
777330855
524450327
182295893
794717662
920082188
490609254
297372458
932886314
688694160
737080137
197209566
403366293
613008160
88795675
508177820
894191206
722957693
392287603
92618402
728338816
365308985
949038850
64617971
515950610
399621894
639785895
891445720
387537975
865964642
833557543
773709746
120867879
42655756
78970390
356249545
365018027
811225765
446229339
103064784
75727257
715749759
382406833
239002539
259058144
955518053
231695045
296306378
169429472
578390735
830710091
519192082
165790993
16755873
36154896
54840726
56798784
877379944
960087193
262880524
592206504
402104406
528237027
978364551
152290937
790972523
164822572
357304277
565934311
447223082
474163499
239527117
526740817
646690971
816270377
499463088
944898098
72245535
722162255
703621928
271129104
527822358
11920998
655165777
2485598
275697629
855678316
41370094
124672220
773890918
276248899
878672878
549182816
689317349
844027172
283280510
404326040
191470331
721126717
986884315
532110165
581295033
980395165
109257415
654204329
207887887
933693239
807633475
350581939
492030147
653542856
651822967
655150036
724126619
539372520
302309230
27532838
284276116
27398646
481851126
228277770
8914892
711415775
608759460
770828887
183105209
526600050
545384776
778470350
942174246
677511726
259119760
536912049
59446088
730881927
713144445
863454887
607695936
551348356
770175166
265614557
46975454
82948414
85161270
159005356
288415955
128347229
168855705
146291844
433509546
600933300
506851967
647398444
922292337
469253526
730549761
358583707
992450767
316849614
402458613
887184635
31024948
434403708
600449109
158954552
372300077
892989371
867252485
945721063
149967412
906004524
458638998
21519297
624659030
295262581
956090279
504350048
33045382
657658584
446442238
691550709
698043726
852579909
75224819
72165200
485504292
140147791
490375205
632597779
492587086
557646318
106179957
644820664
895569148
794852819
220563352
943404840
155392178
299248388
385454859
986469505
213832194
393519383
522568573
478390096
533874371
173855391
949023174
986450852
60708869
20718851
664608420
772410974
993102855
659783773
978876177
751618962
947956640
412601225
344827930
159672137
101499471
85079148
506453522
589645438
787306385
274551201
686015281
344875599
549084574
152044571
226334734
290591981
324369985
896049999
874401407
654719135
105295027
813531663
576912204
50477247
226571856
14414905
973426251
525766419
152519618
24982581
205949098
17448066
721278069
150506542
130420853
766812464
597930156
156225538
896506354
789793484
368843502
140520881
799712193
132104839
644221896
178426521
899787939
134570477
200426100
815830357
425430558
408383789
629622785
548016369
203519148
145147698
29871691
567939991
236299595
136150745
939543777
409253126
789935713
602526090
672952053
505998700
359765230
941312229
337698001
860089276
865694868
41717325
224857257
124436155
935253260
604047940
75496353
710181874
598973353
219836784
110712443
905091705
245673331
213527851
597369629
884316671
497527311
808153949
15373541
46907159
189436016
662272754
943502153
839838588
717118566
25318744
342482471
399024265
140257540
593475962
271468424
518918702
416323915
798639617
281654427
549080576
286134367
646392853
295895493
46591336
91825297
110155383
565099262
613868076
222500937
537790653
626296925
752505910
406480211
684280614
335586382
983853476
114603482
225635102
19231598
378431788
646277175
248121404
67450545
754558905
447028633
520275388
935645126
585655213
79602881
444128860
889095313
930371802
181321189
540939822
122684805
259556610
862549654
976522494
624052957
902266972
407692350
610421318
88453704
560344719
175619852
210389148
942537502
10450993
912768473
837755045
966485604
569191181
795930973
562405270
210187208
789005813
936158094
967235574
729785977
677576068
704319857
181112179
65915642
936835416
496272651
308512490
805620345
391376258
963188990
77748450
501001116
579758786
575873760
34817964
336495338
679585460
772143228
143991713
176868486
765677003
122187470
423913559
811850988
707168488
70061865
42864696
551037724
932770257
318823267
384353463
269263193
80795175
716374310
957344798
440010901
32913359
68814811
305298004
916195085
151994201
730716246
781878211
249942739
565003585
823498
289053340
358820377
163359410
701323414
348676238
251723645
415380661
874478598
65373083
921594238
726186454
215165813
583332811
76205512
198486865
269553622
374401180
342524084
581250157
857317242
940525087
88774431
76009331
865490268
15004332
615870991
889054882
370711218
374602734
238640285
437194550
715678657
617667026
507060940
687277495
930259963
14079960
221084914
671230586
37080984
937807980
13588831
422969263
544067165
119331130
124901951
385835200
325660030
686926097
40648762
343302084
198283603
377848650
653622529
507936235
662839023
794384877
65811769
686907922
145404647
6249026
921328897
529440717
278150615
625753950
975445859
35882942
514562039
158124729
88238834
81627396
263878981
698865765
435838119
964240260
129570561
750571025
686215483
907259012
883471723
972453405
362064079
446748007
361968483
103287718
80305148
683591146
788491438
35978321
530416326
43472626
413145808
924199701
456965732
13397854
769337218
308238826
714393335
492871247
96131710
129790674
188894944
71134386
677038167
441897667
435032916
712164116
122580291
861542122
741562281
742373881
102138051
55196448
574315349
945195156
124956065
498712218
874351835
849351360
476814023
625978843
515977211
75717652
659534468
36246555
408572153
607837627
439546048
46004995
897768360
766700077
231567661
329822421
695241369
98549613
975374970
750081391
184335191
610007872
783477890
225649357
922845593
985250111
805606243
187319456
441643646
926866882
797162957
512170763
812209693
29391095
280400861
272478939
278857399
83275208
865791131
802100045
767894314
208397195
620274994
808402520
125375469
880821777
614210374
440609320
690125993
883643074
199331743
754752770
686533024
7136133
97740636
997311897
953583148
296295960
842187128
620698381
724540823
712153818
304308971
35934346
250057637
941659106
29919845
439783283
130541057
267419860
149186406
588097226
705003270
683563167
524705083
166959113
49580253
952203870
693435053
489733005
78445431
555123442
53809367
495532488
806147631
525145711
725144167
702145900
622843519
568224697
354978336
150214277
783205975
621962855
32097729
62489460
117361000
884705335
730345734
575430174
623659412
211161703
137562931
52177860
165131959
654812486
136998940
13937637
516909441
671096280
616681449
366748359
131984754
405910285
428797492
931045836
529278239
655607568
977760757
475529988
363033501
511705506
546048266
17001883
455607725
330418128
536133717
237700634
219981595
31376292
741145074
896049462
722313327
911642386
512383365
931192930
336830948
690321062
989314838
156496822
943373603
582655319
49134880
944267072
405913664
508004869
254526882
200792537
548893367
346119540
326583501
687179049
808574828
380249460
750308622
477070111
387572110
613458575
478440556
896713961
36087521
48523109
344987978
87636858
905599587
728872637
870790486
500502694
531419691
448653840
97257348
398988930
643118231
662076545
792055317
916659631
37197035
69480133
413599436
734135172
307321973
634039324
726020586
368041745
125393047
48903622
788051921
900703457
832845251
681094244
72720647
763079052
522574073
562825178
745679991
141313429
836144801
316481437
6150740
656747092
237374084
616400215
129883642
29953237
56808589
313307519
755649831
776471742
896830738
692833608
215332339
883235375
175199007
944532077
679224124
176644040
115454338
659084795
807125601
704737657
248235960
890233996
291337953
639536406
556714601
715123486
330876043
449747616
177163589
376281128
330921759
992254424
979953592
401881637
975544933
620719621
670560991
584006064
857698637
370195634
298509585
466184876
496371664
674939149
669004750
693458478
517464931
685021331
374957621
355288346
199988432
100366606
74195782
642505720
704343023
274656037
78354610
997384346
638430621
847470510
390974442
152290831
206353030
635429931
79202249
170801233
431073576
697329273
62068958
774217572
685334295
823173131
88166198
511061070
649330802
729679920
557933055
74511863
829586541
993505369
598007626
991431073
823984856
476916504
403823240
493990018
570475483
696126473
998842489
2708895
431005483
881983053
409746737
901075504
886280136
651451833
354306147
672067894
199193400
210041582
443165853
219541646
26299562
585654067
937343467
114696663
67821337
484538503
320359070
284672170
306593175
883106823
775119322
726438493
136417650
999826216
842665634
128143651
573870978
889177067
867291960
596788474
57746802
234349072
604665686
21302672
159265229
996696650
754484299
329054218
33447741
859798716
593329990
736245882
780711612
611984157
445374180
617803356
825627417
39113958
299474966
984865258
964917767
934387190
106230893
509157952
932569467
88965298
248062868
56718123
78263158
695604978
539262441
971693447
11941328
374658321
596839864
639852364
282607464
441396197
284918216
450103089
908270510
205330208
592195170
874881670
207682201
670557932
990188877
691592298
963095988
796260368
166430047
438927758
560627851
217773651
700835049
751638839
177104716
555489228
544481027
331052658
258266489
865925225
386054327
289576911
178911778
509359992
929391465
791733139
759703188
838453428
961900054
708487828
445801966
125875070
160325161
992098775
133900567
83479196
634045179
527903526
779260662
864608695
359507980
847435290
628079195
993772675
119979387
985830910
454497116
829843705
717344781
541921941
231385849
742728934
223957930
92554902
414048033
376983557
713892543
717043100
390215859
952963568
241587154
478575865
54724208
37453480
547914448
588227083
318676638
369372838
500596375
851884635
617672604
527001223
288128854
393428533
682347217
244379530
289044619
851322617
620020189
356234733
698210836
219231525
778779283
363992941
229124184
108500083
311009726
396965265
651586013
553670810
957056969
352291266
442931305
875666519
732378060
363336997
73106135
917397750
31539231
587513508
105748682
500933011
305092070
390022952
961820206
664271131
686720556
106021744
265438117
72408584
161924440
532525907
492130953
434716899
440340621
772072346
786223244
31475817
548925317
299883927
619615301
347525554
520606909
748974124
832536708
459449644
696125667
48186487
468279896
176334675
687100180
120268542
585648755
970755630
583333249
816255047
783199820
644986904
213586761
684128168
569384812
410623325
440222285
765807508
139677120
943474162
45209174
140958406
512167934
188441468
91228151
813862326
359059813
473081074
708953237
40547051
203566968
453043413
626481150
772374367
593858386
570631290
4325504
43760005
282596298
809407608
799346266
967471004
829372981
440280827
168423016
969485431
253921410
243810644
67486675
623654045
979777209
865101069
143135491
372728873
646732025
26591555
719177449
56897598
449348130
554376520
40707765
993961570
231945138
156049120
89251558
572661031
698864891
653402393
267850474
921871652
799408793
996215740
405886596
44989421
868591188
976584077
196411105
747130198
763476860
414322502
508321072
671406243
210627570
889320898
755793101
286703622
9007627
89689988
995375073
330241968
306975595
23544182
988923422
185258366
771460648
472840040
653314568
811151841
98154506
591939815
357271390
510801022
141247840
816373085
86236946
16578072
723153662
316356614
64523755
328155230
992218572
612517216
378081406
429065707
887679793
992235937
132935057
345435085
825653429
50423493
119450742
484056901
110420420
820002312
3902890
812669082
313870021
215595109
669055632
608183223
369274889
615824220
394584422
109600154
255005067
776810219
317716472
497868563
28170120
614954628
635477588
225965222
145002928
152156541
230933570
90615184
645663829
592094838
308409417
699460418
555159832
896512997
593896879
998179958
507601875
134642252
145483595
65402215
759804374
877585924
763881863
934088486
936343969
317138791
629855759
381200517
711086235
473857849
948078307
6464763
891620944
71965571
869010753
962216883
784601376
198841077
385518096
713055048
481657124
936219518
917951377
97558693
142648483
391053488
993866845
913138049
52449777
64815686
608723527
74209234
129805946
254718977
205361138
507290702
592787429
224210978
522401762
657363191
87589463
251907699
599333152
780900626
962810315
358932302
258723820
764832213
484078013
457318263
784509480
307864106
388112405
919340448
841814303
530861012
394975679
478184824
549202554
694742255
575541941
851710888
426224764
640033259
82924047
352747509
954893297
241664815
122755750
71963274
347074530
806632703
384440313
783445813
873997425
81222855
373874328
595038328
595461729
75855763
408096190
206157537
338607631
405812342
748546083
667903132
26274374
727785075
909680767
833173928
23884683
606145049
922504838
831434694
154046615
962501831
782650016
414064309
323478233
979964153
989564861
48861747
800105358
629380258
950024793
80946335
947910387
525622720
946923655
99257172
912024383
977430539
680387552
604665361
40165426
990376023
786750362
182090057
455380845
256752405
154889297
279708506
506554361
380994736
498649124
553092748
47032148
405966443
864664149
948428448
639108182
34441286
133347162
652873474
215605723
440950406
78744865
93048683
893130740
567765210
565545132
87886951
365768818
398454369
63849038
5831359
397066372
381803437
852890593
880652485
436391062
988659036
657899172
791046127
101587827
818191169
65824825
593735286
974312384
817672366
726435292
827250426
695521928
220544620
327529298
492794846
517391667
840354197
238634230
771820039
674598360
196933685
348464236
717064160
245341427
966142491
691309719
658824272
627933210
609493201
666654287
464177327
21022932
780420387
824841374
277523365
381552711
719464637
200901096
107353988
914999408
230332195
877345246
495701570
913697568
715393978
446697326
991790185
305957491
792360358
346327720
983385509
417485556
383707187
630802314
574599183
133753734
835012750
281153686
347740080
89488841
833468508
664250865
107120729
28146382
633520804
117970885
804697643
145142727
721807101
21628504
478798641
631488455
263730681
497777509
717527427
466314623
656526018
706280117
630516150
823092459
86170399
165380447
917165654
478660970
337877381
686279989
814138583
648334457
850888513
391878245
628897826
288387011
732439019
168535646
388572419
437963836
210538398
365614000
546651191
901508000
713826378
855189316
164084586
154960172
424198120
879714643
44358321
80993236
162793632
536985535
503877628
867594586
175432095
960993740
963543069
877637131
127267373
21986839
773607465
817284192
769677653
514389316
238551326
965698107
218099689
39978370
989836045
483032674
123738488
897965747
161456672
143810109
351963104
730065032
795921537
926504783
894957842
595486408
714881018
188263223
249872444
193241603
309673298
317370346
86069152
359362131
598733575
127449651
528878981
147265378
82289529
797986771
104866279
767772048
104867102
75153146
657889871
177183856
282605101
614489490
619832938
978849166
355096942
723857953
403293559
927394481
845645350
483431778
217323755
576575635
295250461
454109389
952962710
83395103
443095389
87715123
208813346
440331322
498928703
864187558
636648772
344973535
48363568
254512686
545302395
541823400
888555388
308178950
59695216
639984936
756416680
363135401
497743266
930686490
644088692
448993354
297612233
779708550
660730715
960057689
93869856
809254306
42145729
893865953
405578756
779872045
450930190
978760246
5685579
146381273
946282534
135556464
574606214
214216188
437573925
628730190
323486303
750834659
584912195
390842166
222996412
988739950
615756167
534568330
887173227
855297785
821891303
463759754
422973462
6860702
738515307
694991657
277922169
61293678
696460748
96770308
752947327
219681037
91989842
30607707
227058451
867486151
1054568
32993474
340495826
144682968
762398998
225462861
683315729
161886070
104439559
740386524
403780486
253318291
430536138
502654881
89682
314415171
577698926
664131304
594009257
739001830
76184032
280343812
350342851
944069480
637721270
778049578
8058599
304540082
508308427
226770030
964485861
729076488
533501200
509576912
703180059
114585171
298715159
120011077
763322790
720629867
758676922
732815704
287613897
839611458
869694114
398510429
929076811
92777265
709296704
774146301
905116772
12515380
599085945
139456151
257625782
233668713
881510113
547771850
424366406
933636470
718322823
708522401
847409993
881393208
449948580
339605167
172444367
61096989
79054863
576904713
694174513
540511878
593576579
416766396
271764723
970621524
304287909
229076911
59792601
913937617
93953205
739853904
163932478
131247060
611015711
854844235
295029977
716103455
158417902
511116024
640078363
62415969
435395504
350736260
4870279
286833599
597397299
11563572
13881044
298588609
268488743
89459171
655072294
96634682
923316628
458680680
870864548
536685973
73975812
195547785
225528117
124548014
845956571
842761403
615231440
42002197
82621405
652692862
955203174
529208444
266321683
521206920
93703836
832320123
254550092
175691275
649874767
281924347
688696434
386087631
846196372
847487924
499775815
37038168
75064002
787867795
524828158
369696940
995536249
149903259
221013952
55134043
723385198
576012419
277558801
429397439
934710230
506614486
922310356
216628423
374203702
996916003
45123701
442244393
62370301
684212504
152051943
843066499
120784989
135256172
321205964
583091566
170330367
279182692
367222665
418987743
889920625
602125094
682256011
627792477
86053328
977079182
249800677
255057555
111526806
464685030
816280472
7012330
862764470
158106903
910231090
229501743
456904098
27782356
483149174
60889732
633149369
350394153
273008981
121595542
179048737
511066345
535746431
952888149
181424021
96836423
591317163
34952098
722800435
707997949
74017678
288124541
483897743
49303545
438886584
178761238
329760229
95950069
735877931
940894001
356859147
562890885
705213992
914422130
559022956
99014369
742303251
829425497
598577873
658828934
677147999
885505607
398603620
932021702
134872492
332689922
492579434
420039654
552021390
164568381
590532613
951708552
808528833
721437650
683634921
189198743
470073588
691859141
246484960
355795209
265361303
818768976
195418659
52490506
257410270
408618041
814593954
554717074
730771764
845141660
821698075
847630910
295540350
527762162
290803183
359430153
689710445
991698950
802098474
182591979
113047202
539385211
685952577
479573127
248746002
533298826
398701092
59838239
34373373
284703988
7075451
641985118
371713612
614179110
580778121
786380119
694146670
224784991
458809736
247224987
991438854
157964184
323797376
786765288
839249549
425903431
868120622
986193554
190448624
760945381
315544865
478879028
458606437
894296337
773941259
626271228
95273601
67781585
103613024
388392470
598296853
324692463
880373574
733532613
307233530
29751830
564291727
798296951
861707732
3566632
536842360
219992712
783934031
839850248
270875720
590225386
172331907
288696392
70228186
339075405
489580170
69266935
750064196
79881947
519857361
738977891
9300401
261602582
1227761
763534967
47642972
541349019
583489173
132466289
811170956
824434001
637558815
670986848
920148426
776932439
773361384
352798595
756498127
961299752
962070982
61106485
61107291
22073037
223561768
817095500
476155806
35494239
229039306
86425152
421928240
754865735
721702616
165882171
714707478
994516003
614864640
364186249
26938942
499093045
741899296
15693863
263966334
683196931
90801316
387187077
116388515
124427867
633076052
919224645
421741519
976215295
676562022
539069209
762479756
504422792
439165897
936723701
63422393
514401875
177739159
505713491
40486966
951002939
936764120
20992395
69484052
579452791
643298781
138835442
529129813
309739935
669899482
456642092
726040919
15667324
461413999
128758177
711000277
875998440
641344646
457290605
515709572
986993073
320418245
52410486
134676442
22095057
36854000
897825078
305775530
663708233
964253500
148914476
6992224
320077534
893575440
470244137
740790500
527571810
79710491
205696023
917225186
194276762
7686304
322885768
771754113
457573031
273827322
88050889
974340856
405109999
509103788
130272857
596553646
705795954
949217644
498292986
884892602
779810664
387858199
666314828
99852241
937124643
613591686
787250962
29349235
78587860
810911511
5919375
122575749
567743255
622599053
132003956
655650015
271505592
695197500
599546540
115611327
208543337
859882216
336997229
112383746
491880579
824321699
874479373
97748130
8253810
146717227
256065115
801129818
42629988
253707109
109638332
191048219
819876534
673632471
900599155
33659386
723361088
233936208
45115032
923016479
923399329
790970135
44682302
804922818
558854188
479920793
805620468
397786956
134140240
819049373
141319600
667107794
520522081
619208436
496621673
555544886
943175503
97642607
284575602
877938667
95686789
151195738
484758612
37804191
739666419
200287034
22022337
619620937
850413274
696796518
422300987
347329643
252816841
411500165
474632957
29134405
55821207
360549886
877027102
142333448
526553407
396261333
816335819
777735093
690751102
925812677
171031918
7773345
367702910
326426010
31866974
750214114
465388416
988388495
939746344
343117645
956745498
533074558
127114066
974912901
664520698
685787579
32821584
243101722
689662987
753120867
47993901
510310955
183170004
598653504
137575889
732624540
423260187
93012021
159194985
949170665
961975959
154695123
376894072
61104997
774910651
900599383
336372639
687939904
137786957
292519012
292632462
594555023
65369316
857262150
231205437
931639208
116658600
643007968
169123143
957358647
181550977
895134415
232211930
974611974
697748681
737484537
129756435
939655324
853195390
646826213
416790020
942876452
465550784
580149859
957968764
638640690
751015032
653784558
699000883
794252508
268023156
488081594
808949276
709504751
840066740
533213476
160950073
999776136
534380964
508236813
271052010
765889171
199604945
375857237
603956797
147381759
152968247
204106944
187374540
49266354
360177504
944261926
236786756
377028382
729542640
41145405
747436871
879379409
663722058
476115105
479596217
995457697
883816541
348740266
163386028
381529024
447408578
653597612
359206263
36318173
148745342
719013782
612688921
306254885
643978266
60421566
864090719
97765786
632894335
444499035
921279555
151037636
186603718
602824166
507754592
712256274
643461262
29287838
833826749
116569091
519269977
682941179
730170760
972005595
230823068
954356791
496805712
847846594
988661581
37932686
542049158
927203143
171183772
830522466
43286154
8630644
212041958
78673133
765701040
399936635
4582011
701757176
696259993
656569620
852834673
953748823
800959861
117925702
233690369
860368177
755557141
888160108
573895369
416983079
297794515
987179642
702749761
29198856
657873497
255740103
372359621
50007971
57664558
196853075
765208137
247443804
548038278
278379515
321646353
322123439
672610475
190637614
172170566
699779429
669691979
770059885
546690446
811638150
36349932
711688592
549098048
348365827
651095063
512092793
957801005
155072843
95062980
89271384
568032549
31061531
568436815
625917786
649363196
216096784
945629261
446608005
369122502
828477936
340285605
130130064
492340928
104508309
498256497
822042349
931834633
631859263
238065582
457437511
145688159
764277231
138155728
769685216
551014745
888180859
414455134
970712898
636913396
559660505
660494746
717151617
138464566
896824189
295666420
485467495
820170066
396846928
127096246
793030488
19150936
363115645
853884559
612312778
904152904
107953095
759718247
398569830
634284492
61675310
256933998
59708393
533604076
922059284
166667317
497074624
434444040
124255822
64270222
293104246
715540437
889224934
59917768
954226804
810271689
723065599
485082941
36365022
709200868
14558545
691806992
159561286
471532369
115030477
139187386
67809127
50657564
415360477
375633622
506679166
378182468
162831643
860713482
740743573
678749107
566752534
809247884
583863261
835562557
137703798
105968796
970705724
554841406
327351681
312653843
713715569
30553062
234007789
281564243
809077594
779069880
46013832
293215924
10573011
930027557
611734406
763910949
482075567
243203777
448834227
517697925
617273373
567187615
627220835
517675861
467450538
577015121
174541378
663879945
721939600
479761839
547784743
668643331
53249049
620677060
48010760
564641710
509712822
298666390
436555715
370024337
193359816
826619377
640940806
977190535
858668939
44932211
718606248
629278488
277896161
781777591
91342399
530559837
522213357
710651732
202310669
324675057
29176778
125009973
797550260
726012159
921427549
466025577
831985094
566215688
942046426
814918541
233800832
746543197
119804364
170228271
657073123
609134465
539646218
347302132
609043858
611829469
782539021
949267219
62030077
930880996
80269968
701728359
81239401
150013442
820855590
56240366
730543875
101451983
724252164
680067913
206411745
408412731
388497279
16766295
641151713
605452788
475192184
639403713
795438568
779204236
55694537
707098022
85184586
392506842
421920163
806418077
878957496
995527255
123325458
588756775
125941904
70864028
649250578
317812244
548536031
977924209
640395343
634263005
87741510
107434412
486809590
2767782
59981107
820246117
218078572
57658836
130867744
610181975
821310971
520753401
571296402
604306035
138052250
208938203
1875531
819568767
877006422
74913131
801980902
229667003
475271278
52549673
561550886
616471767
923871455
267400134
102670058
576249762
404794888
762580292
8609571
750280592
94469618
927703869
270460065
499105628
742624090
220746553
581228607
550391871
364205925
343438760
391046006
583071280
238934852
428018406
920383037
608244604
507106255
942653613
75230846
940094682
270676763
129491188
615689647
691142767
886285307
615505721
176992327
787248163
543261135
633430469
665414765
287196746
643802409
268325510
716304446
587339927
90601926
444363114
370491139
122860668
673857941
798478736
16894603
864899303
625921325
708196710
224290105
357817860
137425228
797746098
621570285
662006631
18169660
295734232
217752514
395538488
641264216
120481997
917403132
37278391
161983428
477193040
991238574
600525042
651864526
627966768
941912278
330563457
612291836
692722789
660395822
943162844
319474733
800583464
867151898
734844129
970727521
288566736
177624009
121984112
13840958
699485171
217525697
939821274
971680804
506562981
621897996
846607817
28656195
467086193
386875949
962653169
97409393
196186097
899684192
604425569
859334202
73327565
540942719
352620757
289380504
677073615
428084090
605374313
18990203
910616082
835069719
275913383
824557274
947588026
280570788
394225980
569756401
91713607
408468415
69818956
789912667
284796345
389307086
527850030
601513922
45475217
578338289
344567512
943439247
14044062
395755042
238324405
778869013
28642434
444596787
136012543
717455376
786203011
730503305
867845029
58436697
401482627
268634228
425529634
572048322
87139886
49463391
636165
7141940
403879179
321037818
446989141
865568680
756252430
828591692
377552303
633377024
603901703
221652525
95577728
965744333
650820870
231340271
127359179
657852542
92210866
964062050
117763452
963028538
111509024
143088607
591429581
385259546
118717877
576224123
301923001
854320062
577265139
371600168
463693193
371116027
419623765
804588263
582184681
665435663
134194251
711722822
26265740
702018479
113909768
82201442
417116330
621809045
112672092
887583315
872709311
321898537
952679855
261244556
906020656
635846096
901814420
196772311
999317520
763746154
799432272
569658655
720028014
389682735
89799901
224630134
129812897
410869000
992799517
870009972
930694456
694848994
23296717
407180142
222270134
729480049
826412815
886056077
731427169
209927892
205368104
794489504
704992360
834569359
78863973
950877139
637778893
433054453
746521008
61977241
697375444
896242489
459923424
603971158
557084670
255670141
141964315
728267974
528004675
783182738
278504561
45179679
441682571
568676027
626601144
755107039
293869716
35269436
585304015
18905842
362842521
441648572
371413012
537475368
355730650
222160141
787524109
619122837
26916907
35380162
719472816
651868174
270144239
191151262
328918074
786373997
893173243
67590744
419121029
388892490
82538110
7420645
603898270
203959818
411859235
639452555
194193924
982819728
69047997
596044224
372888350
250577660
170114253
711180429
314488251
70652526
435863008
990459148
57975765
635780352
880840107
566834625
245836747
290319577
506114281
332850364
215914480
55656542
846150383
273126913
5306859
437095844
223420536
292234769
682283103
150312466
248696341
755523998
180810893
410156494
819425463
948675279
716213220
427293707
24928156
342216284
978811765
441720671
100808313
137465895
384062865
645486245
909006477
102272638
886331845
677352012
248652597
825158572
702048445
860391464
704519799
12034450
32409185
157169050
995157356
21516168
117104141
38244326
348675881
77192861
861751583
824171949
95597237
308285889
532369163
187434832
429419368
670549462
572056356
582208903
321685597
687653202
7976810
69561877
46621017
356870404
2245238
769787743
688399220
914952800
879668468
241678627
486645601
473888829
176246927
925797324
931550891
371574728
992796876
488746781
916912569
761923993
750818180
650534787
951150675
135466715
111486058
520641441
300280051
9414408
52136200
30987849
24248946
759401215
890251401
456692082
146227507
235958889
97790044
935127201
274737328
647560
283794924
11933270
585825227
939761818
516863484
44866155
306961299
945202943
403738039
40630343
440663693
841263374
109853074
972224859
34414168
825508276
239409845
914861131
386095615
768148003
56200838
121189136
906164305
97741381
128146120
738428420
885342527
57192273
184241962
123394871
36603547
331090301
610749808
415425997
183864897
938439400
123985503
607890670
370838677
674356150
171411985
951505931
191448762
421434346
935528251
62688108
892880754
943282332
260819048
871569648
772930024
782220614
267837947
8986252
838165698
668710658
535510366
648110802
509730556
299652727
417150292
730794183
164251596
917568799
777589292
22369265
15618522
752804949
136030957
850753736
653516078
597552238
768232818
998890297
25643907
252274068
843084696
83143054
56168434
187924739
33843130
24805974
445967688
555390783
62513029
378123490
970871093
384201993
924466320
295799865
230619043
664752686
354378907
156460153
699397377
471309765
837053724
887007197
509113175
582342978
101150885
388765981
411445990
755724367
54160117
765685212
144073009
937517296
781835513
3513779
550496909
750709467
351623048
129806398
789661840
957989718
380619480
971760356
377297994
368479806
78052440
186096766
791864456
350159083
591340450
747020005
643615062
236692505
507091959
850059953
446927680
776669835
585320352
598968701
392534351
108568777
26177891
483151194
882452724
848064612
477549555
208035671
36960794
218472195
630298944
25589824
135629734
512246285
907535876
729529929
300776261
691471302
436996126
50493286
308430960
654220491
894301813
437117708
785195401
64545798
76455586
739943917
55035140
929267151
435748187
514382739
73448193
656795195
362930791
545550206
201987011
627121892
970591596
942358013
584942157
648705705
904135127
157412249
700559495
589583084
790788939
468935905
75709587
190492196
456395609
496502990
705892345
776032279
93191703
636058191
832722997
183541146
60909978
121937091
375465235
47926959
513246220
495170527
134993309
410711961
311641783
145891992
523764279
301051377
505256365
284607650
111615351
936891315
743304623
272415750
966991074
670885700
950505959
376103625
148865860
373997158
972885321
389691964
440348912
606534859
448041752
583470435
97647377
823065322
733436770
681551471
286075394
959206684
117364969
187973484
263647939
4874514
120401732
136621711
207346539
500700835
950914668
977299504
4733765
457045027
762240904
129751959
359378102
530959861
904045534
982240167
603215756
926594631
914768286
571135867
250045619
44723484
647683353
201910854
840629551
488734462
403366645
411962253
11501732
835463320
528750971
864568964
202784278
42652087
89878889
5768436
54424792
971509165
108147674
121132793
521298555
672124542
937861745
182053257
589595120
90263093
810424527
255704
315276860
388115287
833226279
140701229
358040976
787115261
848739168
796304186
793355318
737849266
962081582
73923183
240624424
941880445
760455656
238119018
210913337
732246047
623694870
964898847
308631349
460649062
72098998
837554987
621909943
377485106
788129969
62311960
753915660
86769493
263507900
568171183
219968838
405613344
438631297
559280736
86533918
268331688
382716005
501530295
709376679
189037214
5846332
406443632
962856763
311601476
193727045
476521483
7920333
143626769
648242689
922931518
532186195
996610249
596737363
795197508
2924329
555144954
216097207
424726359
517189295
935524230
599078879
397645474
779795769
595190858
577736389
769365546
92482975
166601760
855465566
116979808
185481492
274912508
37607436
68366416
757598498
519537867
334962913
821119926
860385131
395283235
694767825
36852079
231365629
527945348
541158320
984283531
179155796
69159495
42387210
63510788
336123462
695226787
967932016
704909448
711569341
15137990
392342071
762850871
671471711
328209337
656789201
480453885
622958177
732436110
641424056
950064004
327466460
622117273
426119571
748583891
914848170
327922791
66575184
399763926
938626005
838458101
79618171
625333637
858179790
871045029
930014771
989521762
33405862
856843763
31991674
873673928
116060434
28405999
232752880
764442982
654903054
940022176
262477597
539352940
285620482
526501250
147953655
300272272
351623226
834048294
682327563
523742362
661293589
688990478
754652308
957043377
909170226
994082870
780425512
416593002
292177146
627760416
139439536
496575756
119944104
359547377
848709028
975248789
873197199
241232309
98029456
847585116
243888672
293200477
261694475
62204062
174339386
641732443
562728582
137371226
585015556
123878178
632862493
759875268
23341613
990495756
972280371
537020782
254690815
748487455
88482042
62498716
737376200
164753067
141010141
996218314
627802567
569071888
90435842
827197215
773794335
889577406
594410477
400778775
652749870
184744026
85248605
833019012
685279318
329750742
720238236
232691844
819634193
732313527
354628879
93903174
796475239
318598852
112196460
831979462
170131350
875684432
962915091
25221663
867583604
23819653
135451365
120436842
918804160
339937413
131844321
93254348
257646784
77904782
312475579
663683211
147202637
134344301
379952729
569429006
902489327
97264335
623035988
886035133
326354538
974362835
652734186
73862663
88228649
585769126
869096790
804462538
11231905
39082548
942593921
907659784
243574082
136755361
113332399
117468051
174999085
654142985
64107160
427526000
817151488
213286574
97254464
83090481
90101108
155558745
910775897
534086170
549208101
913964583
373477148
915012378
292999011
780105836
647423172
68215697
205617608
560739804
392102416
901891841
49401593
223593992
792649039
460436732
57636924
679463946
818457549
540194720
20946726
706317214
352475474
791326332
893178492
969332690
373458687
898369441
411453139
125527638
77819479
281017710
154927581
398277804
387895334
174563694
620255422
496489413
648516370
415524813
473821832
200428780
326835437
340868219
136323200
947138016
692459915
479464865
194376435
305904456
752743528
484229998
420412893
570339933
302297822
19224123
255828316
29477883
432545127
758173736
693612341
119837846
33796224
140642732
26957825
24327421
54826447
590300570
407908805
823404473
723760882
736215988
712903831
790920032
295105443
718722534
768312322
534298032
602619744
849400851
52387641
771337930
412532784
562277433
264465468
968805425
708522879
978220804
686070483
316542116
990294912
658806364
512125279
98344399
630874299
823295819
962579131
516076913
372773907
837677289
531063146
28176889
521320316
580680201
129107723
339934571
18908793
737484198
699926289
390479694
638885144
663421789
549682402
425364553
986970185
348452464
132814214
70235813
848457398
685935987
474307996
192003297
141865883
334759347
455873897
198723002
908858684
871965319
264973240
345794044
565839867
327771746
128274278
892104025
160342544
87870733
136248804
867370125
582700405
845048810
785488101
502559611
312427059
246835695
950425216
708874799
403858490
439548298
842610927
796208807
45540114
846633883
623848826
671929740
316993279
92751131
118763810
922704032
430632465
199535966
212635744
76152087
58402311
152360994
996861524
385099540
263489953
162046262
744146951
986983231
862531720
692443840
474849337
844320743
87293040
729150224
644984610
711486972
539461081
325577947
979981632
306373967
991017215
165305152
600926387
376916067
909898644
