8000
8723
8632
339
2601
6030
2389
6732
9973
908
4274
672
9265
3516
9448
4781
124
1488
8102
6788
8282
5565
8860
3178
2452
7077
491
3265
4709
9508
5488
8078
2283
1949
2010
6325
2064
6392
7478
8423
3918
9234
3402
7647
45
6788
9246
3328
8621
1789
3404
1692
7257
5998
5943
4447
4580
1162
7427
9509
6051
8481
6439
3354
8163
9745
9042
5079
4834
9645
8940
4858
8548
5206
3820
9087
5937
7905
9192
9332
160
8534
553
2381
1556
6058
6147
8971
4090
7094
7866
7604
207
2704
1601
7889
7716
1627
1446
5897
6202
9091
9801
8066
3712
7192
2860
2899
5303
3374
576
370
3454
4625
7080
3731
5339
4986
9963
6367
364
3161
2625
116
6651
5554
3478
8100
2160
863
9776
4122
7702
3011
6418
31
6630
6163
2919
4555
5327
2358
3780
6717
9296
8474
5774
6513
3905
1529
1830
6953
8060
7794
8955
2498
7193
9545
1019
8069
7531
1440
6380
5339
6866
3008
7140
3534
2932
2208
1087
8724
9654
7668
497
8728
258
1924
2297
1851
7476
8770
2969
2193
9940
4865
9139
7987
2875
6109
2186
709
248
9909
2118
7875
4729
6699
8447
5981
255
8081
6375
7715
5991
8027
5556
5901
7841
8355
6669
8516
5924
4367
9555
7959
3524
8494
6786
8334
4830
5743
5607
7557
3050
9934
6902
2952
5907
4267
8069
7934
371
7135
6709
7639
7738
301
4759
8801
52
4174
5459
7738
6167
8243
1674
7375
7747
5153
8632
6176
1513
2499
1429
4830
5680
397
6865
2309
6545
4943
8934
546
9312
6808
847
4255
9167
6387
480
6174
7489
219
2696
6713
7968
7007
3469
9189
4601
4503
3225
1332
8637
1956
2238
5315
4979
5113
3591
4958
4988
1707
6752
6141
4759
9042
6742
565
5758
6700
8347
5954
6836
4523
3881
8515
9096
7815
543
1120
5408
309
9008
708
6098
4652
2168
1040
9347
470
2572
1511
9988
1800
221
891
4729
7774
7609
6974
1254
1930
1854
5006
8834
493
2944
820
6876
2283
5475
8559
352
1476
4922
8295
3395
2742
2889
8117
4074
1993
6703
5084
2382
922
4993
4374
8230
8818
6430
6163
8791
1078
3107
2628
9494
2887
3702
4442
814
2072
9807
9671
3039
9970
1411
1630
9600
3512
1171
3077
8467
912
3613
657
4445
8507
9430
3231
2823
5151
7570
2120
7028
3443
3398
7170
446
5738
7471
586
6496
9155
8375
7359
4252
9418
1590
9492
5222
9782
5586
149
4765
8071
7226
8448
4906
1628
9997
6239
371
9267
1578
5087
6960
2330
9814
7701
6119
9461
4997
5574
1042
7533
4860
9012
8369
3337
2154
5224
1348
2475
1177
9624
6006
6558
6965
6233
7655
6351
7306
8068
6550
6901
2875
8367
8044
4136
847
2257
5201
5042
3371
2354
9620
8135
1239
8060
5149
6614
2865
2512
5476
6844
2753
3202
3468
9440
3199
4971
6196
8392
8817
7917
7201
1876
3645
9325
1187
331
4139
1511
2967
7942
1481
1532
2767
5197
6877
5331
8661
6773
8051
932
9676
6322
3400
7149
6152
4407
4274
1720
8317
7896
327
2923
2237
356
5495
3469
5883
8359
894
9176
6449
907
2967
5154
9684
1046
2263
4264
8512
8064
7776
4986
7991
5305
334
7122
862
4275
7202
5006
2450
1793
4607
3567
9920
6958
5886
6172
9137
1382
3095
3777
4046
6578
1202
2788
1087
8158
4466
5165
2120
2795
6094
795
2747
831
7042
4794
7004
9106
3884
9448
4094
890
2567
612
9523
4026
4544
7781
3751
839
9499
9913
4166
9980
705
9904
6173
9564
3553
6948
9411
9772
3921
9705
3089
9555
466
9035
7170
7235
6770
8762
4012
7466
7557
1858
236
180
7846
1444
7620
4957
754
9184
5303
5840
1292
4773
1265
5381
1859
1546
3094
2669
3920
4418
8499
7981
4647
6937
5657
2780
346
5634
5979
8647
3319
9769
509
7729
3536
6977
8928
6039
6346
4219
6384
6160
3203
2390
3854
709
8794
7372
2927
615
7761
972
958
54
6468
1293
1194
1764
7034
9265
7706
2692
6548
4704
2913
2758
1235
2548
8434
4823
4256
436
6837
3277
8432
5783
2725
3220
3440
9948
4102
9078
1331
5093
2252
6284
7014
5948
7679
803
5690
4177
2214
2159
8753
7426
5708
925
5688
1271
2143
4377
7490
7256
3349
8515
4818
8045
9910
7372
8076
2008
4522
3035
8434
6796
4068
8087
365
1914
8911
2638
4767
7159
4519
9983
8888
864
3143
5741
5287
2260
1993
9669
3257
2867
8736
3543
944
261
5435
9294
3646
9554
9823
4475
2818
2935
2105
5746
9103
6517
2879
4136
7802
8656
8146
6675
3730
5766
6592
4445
4010
1700
1097
3193
1336
7409
7103
3829
2800
2045
9912
9337
8027
560
2555
9116
5692
3738
3092
784
5219
168
8590
5051
8549
9664
2257
8027
3348
6436
7382
2844
5575
2055
3985
3453
5151
7447
8678
2383
4987
1799
6247
3122
1229
9865
4309
3486
5022
3512
1622
1471
4529
9392
1699
6062
6146
2700
6021
4592
161
2020
5831
777
7934
3612
5017
6217
4450
5466
63
5144
1001
8289
5752
2086
4481
9830
6004
6678
3512
5504
470
4114
733
1364
1756
8809
3273
2687
8452
501
5603
2205
8209
9556
8043
9478
3052
3324
7082
3824
426
7992
7246
426
2814
6385
5012
9098
7498
8731
8251
8605
6140
7270
779
7771
9786
2300
2998
321
4997
3507
8989
9883
7724
2568
2975
1328
2888
1313
340
4828
9995
2594
3511
6853
252
5863
8401
2633
3637
2100
8820
6561
8927
6071
7924
3071
2627
1223
3845
8795
593
5834
3079
679
8203
7550
6689
9236
7431
6278
2478
2689
4998
2041
7389
2839
4166
5320
1072
9948
2173
1016
9503
7477
7865
9668
8284
5816
7770
7740
2341
3165
3245
4233
7564
6120
2887
3799
9195
2453
6821
9456
9843
7047
8608
8842
9758
916
5099
7028
1348
3574
9326
4345
3602
5640
828
1387
3324
749
9682
3752
5231
9768
7179
7348
9370
9388
7730
2958
1369
5454
4903
6980
4447
3827
121
396
6365
284
7591
6101
1336
5504
5803
566
3432
7433
5031
5418
3586
1998
1932
4057
6331
175
6311
9371
6812
4240
1200
4000
8373
3132
6043
9980
1540
6668
95
7996
3390
4779
9518
6048
2285
54
9594
6100
3222
8393
6627
838
1117
569
1311
5857
9224
5519
52
766
2398
9250
950
1315
9447
4374
346
5097
7873
899
4087
8397
2026
2741
7243
3394
6890
2534
48
4833
8676
6232
2172
9393
5404
1868
2912
4417
6078
390
8894
5252
5491
8954
8139
8329
99
7999
9199
9777
1642
1460
4400
5028
5668
7223
6464
4846
7286
4799
2019
8397
9242
8786
6421
7523
4589
4289
822
3819
7804
9287
1795
3792
1884
3069
3985
1240
468
9948
4427
2797
9001
2019
7996
8842
3567
6688
7647
2683
4363
1531
6132
7791
9781
9885
3923
442
8984
7553
5309
344
5587
354
6114
5371
7567
2438
9449
9137
8846
5277
4894
2308
8395
1307
337
4451
5671
7494
4557
1649
7712
2867
5856
7194
5083
5655
6492
1301
9889
5178
6405
5408
7237
9688
2141
2050
8550
2971
4845
6017
7818
3075
1227
5358
6507
10
1542
5909
738
1724
6703
72
9640
8839
6990
6947
1890
7561
8756
3817
4147
7909
1662
592
6790
8051
6930
4358
7427
2354
8348
2944
7397
1890
3041
7741
8408
2530
2516
8108
5099
8168
3493
6967
9251
5777
6328
3817
2009
8617
524
7303
7024
8908
7014
1678
7927
491
8957
554
2502
8889
8367
686
3610
6140
9305
3666
4218
6675
3518
4786
9556
8584
8667
4193
5239
1903
3441
2280
6775
1350
9376
6974
3244
817
5573
5233
628
4027
9201
8860
9918
1850
7361
4670
3256
9569
3959
4559
8214
8351
8291
4341
5759
1227
9255
4162
3730
4774
4637
5859
825
3389
6052
9800
2126
3811
9475
9478
786
7049
8812
781
4027
4321
221
7449
2503
77
8569
7876
5962
3344
4061
4969
6594
7492
5221
2605
4917
8743
17
8757
4689
3946
771
3803
6174
9109
7450
5733
4929
7580
5649
9633
597
2405
9122
6792
860
1669
4158
3248
2105
6717
9356
2997
6447
5265
2405
1166
9860
1402
1
7868
5938
1540
3499
5617
4049
2546
2398
2426
6083
4606
6215
5662
5087
4297
5002
519
9191
2646
5579
8329
4845
1892
5366
7811
3557
1265
8878
2017
7125
5134
141
2860
369
2527
9136
7371
8824
550
4792
7991
8640
3528
215
8792
739
583
9194
7882
3387
6164
2217
4048
482
6203
692
4072
9888
6490
371
3049
122
8227
225
7332
4608
6742
7298
7278
4606
2384
8817
5712
8913
2117
4652
6592
6866
9778
692
6055
7733
1777
9787
3113
5174
6746
7760
7100
7315
3872
1323
9458
5476
8847
7490
8665
8990
7596
4293
3921
9238
9820
1587
7128
1279
2981
172
8147
6845
4145
9552
6424
610
1673
9111
3026
4262
398
6901
5261
358
4152
1334
9165
1837
7059
5914
5429
8724
4981
6325
8326
5882
1703
7303
4225
2927
5737
5099
4644
8571
3422
3595
6420
8384
7919
3995
822
1337
177
8793
8917
234
9811
2675
2514
6199
8211
3931
5427
6353
5037
3547
6163
709
9174
1299
9210
790
1461
8310
2561
7408
337
1463
2723
4719
1196
9105
3988
485
7710
5918
3507
751
7662
902
4006
6092
89
8871
626
2047
7419
680
2884
856
1417
3654
313
1870
2104
4901
3610
9340
7527
6121
3588
235
1163
7240
1799
4679
8811
9554
4815
7192
8653
8989
4002
4953
5967
34
3277
5608
842
3108
5809
3153
6773
3559
1536
2347
9839
466
9812
2222
179
2771
788
7993
7690
3784
1304
5635
9834
7446
303
2293
8719
8091
8763
2334
609
2351
5676
9337
4172
858
3657
9949
1049
3941
2565
8663
7311
9166
961
3147
6151
2232
8101
6138
9768
4186
2633
1634
2609
8564
8367
3285
9171
3876
276
1357
8518
9502
7346
7746
4322
8682
2801
8677
9249
2690
1027
1263
6952
7147
7223
7827
6716
2628
9730
7733
8876
2538
1287
3569
7570
2440
2422
6750
7615
9104
1910
2548
1300
5496
9596
286
9458
6595
9520
2685
9009
1716
7334
9842
8061
8507
1254
216
9508
9406
3956
8232
5041
5570
3569
3325
2463
3935
8044
9171
4568
1539
2982
1023
6135
8930
8315
9669
9117
4196
6207
7870
198
2639
6221
8910
7351
7486
3737
5298
2274
5303
5484
6961
3522
4875
3441
6449
6432
869
6641
5132
2308
17
2412
5397
2167
2309
8023
8315
6514
6710
8743
6699
7600
1111
737
4257
5616
6098
8469
9290
864
2050
2965
4178
4491
5689
1947
9752
1320
3877
6593
1172
1730
3463
5238
8595
5853
5057
9129
3546
5947
7408
2751
952
5061
1036
6763
6705
5891
5805
4165
9383
8885
6936
4158
8987
1173
603
8381
7349
3294
7044
1212
8283
6850
8620
6322
606
8123
5864
9757
5299
9898
4526
9974
843
3241
1448
3658
6290
5944
6125
1545
9104
6891
4965
6409
666
4676
9589
2842
7174
5921
1936
6235
6433
1159
6191
8401
5362
993
4812
4938
4907
3831
6790
2394
5853
6420
6143
9548
9628
837
3832
5222
7092
5043
4962
1596
695
3127
5011
5513
5614
9358
6897
9926
1476
4129
3010
3086
6936
1696
7039
9352
7915
7216
321
7706
17
7044
7817
3181
7360
710
3878
3245
6816
479
6519
5643
4180
2961
9571
9334
2599
9478
673
7018
6769
1454
5932
514
6847
5383
8175
3989
5098
4530
6811
7760
7368
412
8339
7411
1759
725
1458
787
7444
5926
4202
3159
1850
3777
4262
4569
9196
693
5440
6815
8398
2198
5156
784
6321
2866
4823
4525
4543
3441
3375
1894
8350
5406
382
2819
415
3196
6744
1335
2681
7239
9192
8384
5705
5027
7340
4526
9403
4134
29
9664
7849
670
3793
2483
4741
3266
7543
9484
1738
3305
1257
6011
9317
2892
5433
1974
9765
9357
3537
3542
473
1733
182
5483
1489
6488
8017
2329
2337
668
6327
1244
5816
3627
1766
2763
622
7863
1258
3387
5962
4326
6128
9287
9445
5495
5139
7693
947
1914
6482
208
6961
1975
6178
8153
3830
2736
9648
1259
2597
3654
1405
7282
2725
2751
1970
6846
4933
6993
77
3661
1058
8974
2694
9942
6685
4969
9814
8556
7767
3480
6667
1108
6253
7076
8249
556
8825
2296
2859
2138
9852
2852
694
2931
4206
7272
3372
272
4397
6935
5233
8077
9599
3823
2087
5980
1114
2727
4409
5259
8776
2613
7427
7454
3766
6930
6335
9680
4811
152
3627
9735
5972
9663
3828
1066
992
2314
1988
9513
2507
4046
2695
5856
1310
8126
7827
5993
7931
8426
7672
3824
8566
3616
7129
1267
289
3924
3507
4157
9605
1013
1522
4037
4895
1375
1776
558
3864
4597
6542
8396
5397
1249
897
6585
7730
2277
801
5264
6958
4279
4248
434
7414
1295
8189
1748
5245
6711
5206
2349
2171
6101
5203
1049
9544
9168
3080
688
8912
6922
736
427
8006
9283
1179
5942
7324
2015
1177
5918
3354
2430
4641
8544
9266
3682
2836
5207
6847
2241
8531
7767
889
5740
3394
9337
4025
3703
5998
6217
9068
6190
5796
6846
5507
8966
6798
415
9644
8169
3428
4848
5891
8327
7885
6680
7971
8829
802
5639
8676
3314
8045
7312
7103
8090
1365
4922
3296
3034
2885
4532
5431
1192
8079
1753
4096
275
7370
4911
15
1790
5227
4407
2530
6742
5271
5291
8965
2555
1417
4306
345
7863
5491
6146
8017
4005
2350
2172
7273
4696
7311
851
3463
1774
8248
1362
9259
8751
2457
6361
8747
8534
7761
4706
8298
5757
2618
6343
6527
36
5576
2153
4720
4154
6231
228
9666
1519
4171
6813
5501
9511
2813
453
3906
6912
8285
5639
7051
9889
406
9249
94
5203
9318
7535
5790
4472
9065
6198
1958
1335
9302
3064
4487
1868
8719
7789
2824
3821
2547
2684
5408
2308
2489
621
5477
1694
135
8932
5212
3462
6466
6269
381
8128
9745
580
4518
8737
5383
59
6295
5802
8437
4475
6557
2309
2996
7151
4627
2794
8998
9192
9871
1649
9144
8439
7291
2126
5270
7720
8271
2091
813
6560
594
9485
3681
7941
8263
1489
4794
8693
9671
7717
6378
5430
6443
5588
5533
1526
1601
7902
7561
1532
2892
5570
6870
4636
9886
7229
255
4350
2969
3231
374
3995
8408
8689
1176
5304
2454
1040
9139
6756
2418
8405
3601
3979
8177
4454
673
7395
1126
1877
6948
8492
8051
4347
4307
2478
245
2286
9434
8269
4189
9580
9369
5305
3834
3668
6429
1775
7685
2801
2451
801
1110
8500
406
2701
4108
8910
6515
5409
4688
7015
5233
647
4157
8973
7702
5736
5956
2952
5839
8855
7374
7147
3134
7086
82
9456
52
7481
3661
1534
7985
9347
7461
9677
8246
4794
7880
1098
3756
4298
2576
1143
3785
9694
2536
4586
6546
7461
5795
9967
7848
4470
3277
2204
1717
7989
8359
9386
5987
6699
7345
204
8898
4774
3165
3412
221
2923
3626
2745
2243
1152
2285
4769
9972
2365
865
6487
5007
297
4661
7435
7513
840
7249
7113
3220
6989
8088
2841
171
3431
7531
7986
7499
605
7886
9226
1201
5699
7030
8270
4431
3517
4365
4316
7077
1131
3807
6936
959
2757
5536
9997
8403
3826
8383
8143
9543
678
5134
840
9880
6222
5349
3533
3852
4256
7841
4932
1780
1724
7103
9277
3198
399
2166
4959
6777
2118
6838
3090
1966
1469
8349
5926
8176
8536
189
9540
9517
7878
3865
5618
1998
9930
4559
1288
2241
8650
8761
8004
5967
4035
3078
778
9216
8555
9403
6811
5810
8645
6756
6837
8022
3150
197
6521
495
8655
3371
1544
6614
9932
3130
2977
1145
9537
504
1426
6044
7554
4242
2823
2690
2779
9433
5730
3379
2292
330
9020
5740
1153
4683
9642
149
8148
7793
1816
5976
6554
7158
4819
1630
6295
4727
9531
4344
5680
8459
2913
1111
4771
4285
8789
1855
404
1101
3490
7413
9649
3419
1395
611
1672
2117
4788
2654
1344
9301
1539
2851
745
400
341
9667
4622
1542
2081
3422
8376
4514
2190
7008
7343
7662
3326
6446
4162
1488
3371
814
9714
4637
3098
758
1748
9838
29
5242
8687
5554
5265
5273
7026
6631
4828
5561
2484
8794
8011
382
7134
910
2995
8056
6806
4893
3575
5315
8961
6774
5112
8786
5846
1956
3868
500
4035
6065
6672
2608
9070
6993
4953
9316
5178
6566
4175
3135
80
4467
5242
4232
411
4171
2569
464
4237
1838
2812
8242
8795
6820
9111
5385
4339
2582
279
8249
2603
2556
8990
3882
7075
5312
1219
4939
4500
3651
2863
5003
8335
9660
98
9564
6497
1992
8887
3526
8770
4199
2150
1837
2080
9491
1964
1174
7882
3902
6598
4300
2974
1798
8741
3725
5616
4531
2303
1326
5102
4732
4656
8904
288
7975
5499
8179
8584
7691
3920
5798
2676
3206
4900
5595
1596
8987
8053
2684
9903
7714
2183
9583
951
7075
3349
6554
9625
6754
3278
8839
2625
2053
8027
835
7411
7964
2971
9789
9531
5064
5630
5670
3737
9925
9021
3905
7722
2080
3655
9377
219
5975
1772
987
9192
1008
5206
970
7133
3683
2629
698
4684
3625
3946
7115
8119
2552
6521
2546
1317
1976
5620
6195
4529
2150
7178
8342
8844
3155
8781
7964
983
5038
3592
2239
276
1184
2206
801
7322
302
517
6779
9096
1313
8714
1740
4663
4874
3222
8656
8164
6174
3195
4244
9600
7743
8505
4439
2995
9711
9554
3855
6047
289
3007
9692
4950
8925
9785
1828
1922
2468
1983
7701
2988
2586
289
8401
4072
8179
7154
6085
2400
5514
3324
9120
2770
9258
68
9250
7761
837
582
7019
1288
2623
8785
6070
9346
4753
2475
285
2579
7733
5899
5331
1351
3568
9668
6654
2267
63
7231
4657
2830
6760
6790
3378
4961
9332
8791
6982
9408
2315
6562
3418
2680
6015
8266
6338
5970
5417
9963
2746
1389
9365
4080
879
9524
1976
4000
4514
3379
7831
7005
2387
7019
3816
2579
6023
8617
6985
3270
4639
6413
6941
3570
892
6057
9610
1600
6063
8375
9233
7203
4452
3909
9187
6597
5215
3134
4292
3741
5632
939
1745
4537
534
3167
9861
9566
5225
5460
9011
2901
2648
7781
3366
3304
2474
9394
6090
2593
5050
2033
2193
6268
3444
3760
1088
7932
3559
9737
702
4996
2194
1104
6537
5258
3359
6514
8585
4984
6173
153
8391
8568
9650
2899
6946
6435
7453
540
8106
2255
8778
7474
477
4815
7582
9955
8176
2038
736
8183
9208
8358
4405
1407
6096
6449
4349
6485
227
7507
8884
2407
6709
9250
4264
307
9210
1011
9444
8773
6447
9136
2141
5098
3057
721
591
3774
7210
2472
4367
8494
2708
6323
1830
6882
7326
1074
7717
6420
913
545
776
8265
1588
7121
5789
5542
6193
3475
6890
8604
669
1293
4117
5751
6066
9441
252
737
6018
548
3610
2814
1980
8510
6528
8086
3484
9082
6063
1811
5968
590
8392
3195
7039
2429
1493
1274
39
5757
7052
6323
605
2397
7019
5951
4807
4197
382
9216
7687
3275
1259
2407
9671
3122
4813
3386
7555
597
5545
7691
7128
7301
5688
8995
3321
9208
1880
1540
1937
2126
8622
9539
8404
4516
6518
5298
8411
2332
3043
7001
5287
5509
3855
6477
9756
3822
3664
5069
6122
2243
3007
9861
7547
8089
5101
5219
2258
568
9005
2987
2105
4654
1090
5767
5225
3108
9038
85
8044
230
2345
3725
196
4906
3809
5651
7837
9490
326
1344
7749
2447
2092
5779
3107
1076
9951
2850
9390
2679
9562
4620
845
9112
1248
9793
3974
2790
9355
3956
5780
5481
7150
7956
3979
9633
8200
7452
7431
4925
1811
1051
4722
6995
8776
6622
6337
6581
3779
9283
6027
7058
8912
4868
9551
9035
2023
1147
8505
9502
9917
5707
6701
680
9182
2290
2538
9804
3016
819
5313
9952
6286
6728
2120
3186
4277
9922
3672
6032
2920
4263
7205
9942
8109
1021
9068
8069
9415
6227
8172
5424
6543
151
745
855
1870
3841
2549
6638
7981
1970
3255
9505
7411
8834
7665
1433
4224
9124
7487
2312
3980
1381
8721
5022
2114
4865
9123
6277
5077
415
8921
9081
7076
7284
8245
9843
8064
6159
3247
2379
8905
2293
5290
982
7871
7521
2640
7353
7945
1221
3020
7505
865
4946
5483
6928
6076
7298
3098
2308
2853
2642
3555
1699
8612
4634
4549
1176
8074
2783
4697
4469
4966
5541
6524
7017
1275
8621
9335
6700
2247
8409
8627
9162
5075
5300
8248
4878
6232
4926
8837
6953
5896
850
7000
9181
1195
5628
3232
7701
9690
7078
9282
7454
8959
7320
3955
1596
7551
4981
553
2489
8387
6301
4548
258
8640
7737
1676
6688
9125
4326
171
8257
5932
991
8123
3725
5640
3236
6898
9204
8590
7315
9349
2735
3584
6794
9279
2083
5199
5332
2327
5469
4342
8241
778
4588
6745
1165
897
7029
8438
8709
8445
4371
2936
8954
8696
1259
9814
3348
4424
7391
5242
2330
3154
2831
2117
6742
1409
3302
6406
1161
9904
1279
9210
4101
4277
1861
831
7250
6013
9170
727
5012
9276
5159
4875
2712
7386
8147
4305
1954
4140
3206
5549
9202
3076
8758
6888
1669
7920
522
8149
7385
8042
5734
6865
938
2191
4191
6706
2513
2518
2873
4388
4112
1725
2362
5434
1642
3888
2846
9183
1509
6024
1799
9317
9411
3751
5784
6668
9755
832
6676
1445
4891
1429
2881
4093
3757
2579
3520
1487
791
8046
6193
4834
2659
4337
4650
8398
6724
1192
5284
2127
8344
8157
160
9133
5237
3100
6549
4062
2600
8663
8708
5247
2584
7785
4025
3204
631
7968
8941
9387
7812
3504
1420
1678
2567
4203
5555
5442
8688
187
6567
7163
3247
4057
3673
9783
6396
8628
7973
4306
2752
2996
2709
1567
821
5184
4621
2038
2763
6531
637
5350
3461
5406
7884
4650
4684
9445
1229
2192
5318
4608
277
8190
5264
7999
5320
7918
2664
6351
519
7618
9027
2884
1046
3597
5864
1605
81
614
4499
9433
161
4596
4555
1
6758
2541
8496
6919
1646
4497
8627
3254
3697
4090
7590
9399
5910
5584
9664
4874
1168
3161
1214
1640
1841
8625
7244
4551
4490
5818
6094
9481
9211
8607
3980
9125
1087
5761
6980
796
1008
1497
8012
307
6967
7984
7163
8348
3208
1586
3096
8508
3528
7958
8215
349
8383
908
8987
4273
6017
1704
8654
4741
4671
4500
9967
9031
6204
9775
9937
8073
968
8967
2694
738
9073
484
7497
6363
7361
8742
6689
6164
295
9109
1068
7743
2624
1641
8240
9353
8202
5413
7337
5559
1166
1022
4222
407
7226
350
4448
7650
558
6656
5405
9716
9761
5076
7667
7902
686
7026
9270
1179
3093
9120
3650
4195
14
2824
1663
8337
2967
6483
9089
7152
1420
2295
93
94
8981
5186
2093
7999
8973
4640
1559
5751
1171
9612
5210
8094
4341
630
2959
8666
4166
8540
8464
3366
774
7248
8698
7861
7588
9678
776
2211
5664
5944
624
6981
9997
1689
4755
4264
6913
2247
5948
1338
5157
3841
2421
6110
688
5902
1478
226
5228
6886
9184
4444
3036
6810
6762
7330
4711
5915
7322
1622
7539
3025
3186
9276
7162
6168
9161
9889
8932
5415
9693
5084
3116
127
3668
3018
1408
5232
7104
7999
4061
4355
8862
638
6210
367
6688
4479
586
6133
6285
3743
6781
764
7066
5659
9414
6571
4608
6330
3230
6449
4008
2818
4668
1240
2184
6886
8886
218
2735
9730
4203
5791
7840
6631
7504
1896
863
4433
4799
3822
4542
2498
4212
9673
2704
6306
7618
6195
1717
6285
2241
4900
125
3646
1387
4082
7768
489
2677
6781
6812
5187
7129
2965
1802
4690
8867
3051
5377
2096
7703
3190
4081
3566
3672
4300
9014
2082
4504
8544
7368
9819
3063
9468
247
5705
7034
7556
3896
1502
5916
3984
1289
4599
1600
2693
26
4345
9821
6856
6700
6992
3975
5251
4970
1086
5684
5933
8650
7071
8759
6854
5970
378
4580
4957
8050
4783
1495
3541
685
2722
2395
8810
6077
5822
3577
4171
7654
564
8018
1848
8280
9379
606
933
515
6499
9000
9346
4065
2380
4788
6756
7514
484
9516
9573
6494
8818
9704
3801
4583
9983
838
3729
1170
9164
7293
595
8088
2003
5636
1644
4839
2324
1692
988
7632
8838
2892
5264
1623
4971
7955
4935
270
8229
5179
694
9847
6995
927
5922
2834
7646
5344
8618
1793
1209
8399
6994
8946
5727
2390
2311
3433
9448
1513
9359
3577
4897
9177
6619
8684
6665
4621
9766
1046
9368
2216
856
5034
5507
1132
8551
6785
9682
9243
5139
6102
9203
5714
9447
2883
9608
5890
2659
7651
4935
2201
9971
6330
5475
8426
5741
6433
7853
6946
5279
9769
5669
8512
7953
3934
8753
7947
2923
6525
8678
2148
9605
216
1093
3755
4408
4591
932
9330
3960
7573
9121
5264
8445
7536
105
4779
4811
2616
3108
6884
3719
2600
4992
277
9612
6388
9767
6562
9333
3989
6702
6549
465
5353
988
5583
6927
6706
3944
3249
445
3838
3558
7085
1868
7944
1712
3618
9361
9764
7668
2333
199
6511
4919
3786
4557
9332
5319
1949
2239
5097
2530
6286
8859
8612
6881
335
2604
5818
924
7718
1494
2390
2598
9069
6096
1740
3951
2915
7582
2541
5781
3872
1273
2029
8655
4998
9704
5647
2860
6144
4726
314
2509
5062
2908
8717
581
2823
141
4378
4167
9991
6596
5504
2593
2034
6296
6146
4951
4330
8979
6861
8783
4562
8505
7483
1169
4253
3127
20
3972
991
8916
409
4586
4360
8239
9915
1189
6126
4241
4977
3402
3583
5565
1234
8641
1160
9299
1239
3522
3564
5698
1154
1501
1603
5407
3103
812
6831
5679
9273
9858
3476
660
5504
437
9091
3693
5819
3859
1166
9730
720
7314
2951
3217
6299
9885
811
7276
3364
177
7200
4348
3488
3717
6254
2754
7094
3343
2649
506
7264
1435
1651
8954
1927
373
2771
1628
982
7207
5754
344
479
9478
3368
6197
6329
9713
2127
2779
1427
8550
708
8013
7585
8987
3908
3680
2488
1193
5071
3060
2828
5328
7988
6006
4043
1741
6837
8847
2907
8091
8294
9907
2439
5360
9042
765
6013
3778
7571
9180
2549
9160
5732
3021
8241
2363
4111
4657
4028
5383
6555
2286
2887
35
6581
3084
3171
9834
2354
9298
6175
4794
7896
4793
1744
160
9077
5811
1349
6728
8522
470
4488
9916
5823
2187
9945
6249
8617
3155
4368
1695
9136
5526
1274
5406
4817
5658
6902
9550
7564
1414
1626
7148
8516
1317
8065
8235
596
6524
6623
1389
7807
9475
6286
3701
3149
6780
5942
8064
5395
2807
5026
1588
3759
2202
4321
6248
9480
2366
4308
9281
5886
9477
5797
1928
956
760
8493
8019
6620
4012
5901
4219
4298
9391
3364
1683
9829
4235
4251
5182
8665
881
8047
1871
9100
5698
6914
6570
3427
6074
8117
1166
8538
9754
9431
6704
2509
4961
1390
2841
3496
2400
7058
780
2969
6150
9155
625
4484
1093
857
1873
4953
8197
6639
2221
6681
9474
7362
9239
4891
3550
1927
2321
1909
1474
4744
6828
7597
8336
2589
3693
9930
3776
5681
6757
9638
4181
7388
2110
370
6886
7576
5514
1403
8262
3769
8768
8903
6419
3085
2004
7260
2424
8463
5460
5545
8601
453
6126
1351
1120
2864
5030
5058
8058
2390
3829
4202
5973
4779
7092
106
4762
3144
8501
9074
5216
2089
7627
8798
9143
5721
7397
6738
1251
8562
2880
5179
9737
906
4874
7119
9177
551
7238
9230
4049
2972
4243
66
7319
4606
6141
7706
1479
5225
731
4328
1357
3284
2002
8852
7474
1247
6672
2710
4193
9398
8374
3220
3543
1895
5960
8344
4476
2498
118
5846
6057
355
2333
349
7095
2264
2727
8561
9825
2817
4335
638
7356
4947
1429
2111
9434
2207
7878
8683
2174
8399
3252
3542
9569
6932
1745
5466
1872
3986
9760
9792
2841
3396
7862
8072
9353
7371
4975
3234
5841
7988
8251
5929
2069
6739
3806
1088
6533
6887
5782
6866
7323
6687
9627
7502
9101
8678
9741
3833
4659
7124
7156
485
2311
3627
7681
2987
6513
9949
4690
1061
4424
5463
3742
8080
9666
9760
5620
343
359
7944
7174
6703
4923
9856
8660
2626
8214
6620
831
1031
8467
8770
3296
6855
7604
6841
3250
9211
2794
5438
5910
8661
7596
7415
8093
808
6591
2424
4115
1671
80
1997
3971
1646
4453
8776
2824
5117
5803
331
7014
7456
6227
1759
4148
5162
431
6989
1470
8099
606
6842
5837
5361
1394
1278
5101
5192
1082
2130
3789
7888
9498
1874
1232
8444
1310
8895
309
9648
4044
526
9817
1309
6770
233
7944
5637
1691
4151
1026
7751
9173
5015
48
2548
3572
8798
5171
7903
3357
8132
7736
1202
4054
1319
4485
3612
2170
9334
2068
1709
7239
4612
6424
2360
6381
6991
513
7167
551
626
5255
9965
2916
8322
2655
7848
7176
7199
4291
6314
3951
4728
9514
7410
7964
3176
7864
860
134
1851
1949
8917
7562
7450
3589
9669
9709
3418
2540
2219
7188
6677
1104
5569
2876
8941
5421
1155
3583
3451
4026
8955
8770
5366
9067
3157
1718
8082
4881
9003
460
3474
5378
2716
6955
1984
3062
8121
2531
6861
9390
2937
5670
589
5187
9483
5252
2271
4448
5106
6391
7219
33
4875
8350
2706
6399
2335
850
3308
658
6336
2988
7882
9345
8461
5069
7312
2929
794
952
8356
2493
1541
4707
8946
2845
2903
2364
7150
9726
8700
4069
7282
1945
3335
2947
3276
5061
4577
8621
8585
5549
8671
4234
3583
9786
8353
1848
1650
1483
2702
1785
1714
3381
9277
6110
5645
8764
5431
5831
3059
3032
7531
8693
2551
6118
5918
7813
5790
3158
2696
6258
3408
5496
5586
2929
2776
246
4678
3178
4004
6152
8647
1704
8377
1761
5451
3241
9372
9214
7614
4955
9999
5487
8412
8005
9929
5651
3808
2809
3428
2834
5446
7575
5680
9732
6920
6570
6006
7712
692
836
8942
6034
1954
3541
6867
4442
7736
7008
3562
2175
4291
1120
1269
6044
9810
1210
4844
4780
4505
6788
647
6305
681
8685
4171
5253
756
4897
8683
5330
243
5129
1692
1408
6470
9778
4469
9046
1652
5270
9799
7929
503
3194
7404
5521
3144
1028
2298
330
4755
2859
2538
7099
7870
7837
7798
7444
8253
6381
3572
8424
5843
1819
45
1646
2256
5229
6278
1510
9528
8505
4985
3695
9035
2508
7558
7045
830
9686
1525
6247
3315
8878
7177
6955
443
68
5154
3643
9460
3858
3132
2168
2862
890
7873
5709
4437
6560
6981
8051
6466
9144
709
8747
6969
4274
1510
7970
3271
5580
3360
9688
2705
3013
376
9339
6817
1813
3716
2897
7645
8268
8065
9607
5586
2192
2906
9440
9543
892
3695
1307
5686
3543
5367
5119
7204
9874
3113
7255
4296
9871
4469
5226
7425
4677
4877
6853
2309
5331
8870
9325
6820
8866
8653
3518
7380
7009
3969
2188
5391
6843
2405
6180
9573
8521
5715
7953
8100
6072
4215
4064
7942
5054
3802
548
2710
851
5639
1210
2580
3219
9440
4448
5666
3613
3817
6593
3448
4026
1377
8548
2994
619
4114
2947
1463
8339
4879
2250
9369
3188
524
6457
2511
2000
4855
3793
1755
6382
1309
9081
2410
9255
6335
1236
6515
4572
3269
1287
8039
9530
2025
5304
5124
7855
8400
8976
2698
211
3783
160
2306
441
3614
857
9172
6895
9274
6769
7604
6020
6863
8421
4136
9067
1304
5355
5933
3502
2079
6058
1234
2838
9571
5650
5712
3240
48
7312
4285
3284
6628
5596
1969
8795
9281
50
5544
6666
5380
8757
5370
9618
6929
3400
8569
2328
8786
9916
9270
7970
5188
4519
8669
276
2092
1717
577
6233
9151
3716
8632
8859
2146
5774
5156
2604
7041
3579
1322
172
9189
7998
1084
1335
2119
9712
7915
476
3431
5680
8936
9701
6541
790
9233
2824
6164
8365
1473
5953
8826
1961
1545
6513
5125
2981
4906
8699
3491
3158
106
6418
8938
8379
1767
6249
1821
5068
7247
6173
4783
9427
3819
3248
6431
6529
6915
4405
7900
3974
2165
202
7177
8517
8805
6566
2672
5045
2199
129
7486
5652
1665
5877
2624
6293
7741
4653
6453
1546
9383
2803
7042
6064
8775
2405
6676
9625
2459
7592
1032
2916
6466
4791
4607
3234
4838
2460
7099
1722
1292
3266
4146
9755
2147
4231
3305
8386
4763
5806
4279
3573
7782
7162
7536
877
7723
1469
8850
6825
3800
1433
4467
9192
4561
2754
5317
4976
3205
7638
2073
9908
2413
1269
2810
5344
8376
4403
3766
4925
3036
795
7037
7558
3974
6445
2840
2911
8596
7560
7660
101
746
9158
4104
9507
5830
1754
4156
1009
7886
6854
1051
3124
7974
120
1637
5111
4644
1401
2550
9479
49
8348
1219
8365
9666
2195
4395
2386
6692
5913
7968
5523
2850
4658
7129
9875
3317
2403
1480
6089
854
1706
477
2748
1538
9659
3853
5229
7877
9393
3155
887
5482
1782
8771
4609
3562
546
5604
1240
5189
2372
2596
4285
3166
4357
4208
2305
7516
1311
5359
8616
5428
9261
1300
6573
1649
8719
9099
2093
5796
8737
1332
4242
3909
6386
3891
466
5464
2807
5902
6251
8881
9389
99
6016
7498
7927
4698
8253
3060
7314
3415
5724
884
6753
1466
8467
8477
3410
6971
2856
2432
1603
3270
1648
7323
7765
167
6928
2454
5705
6666
9062
6376
2487
4848
3429
6475
368
364
4640
8968
2348
3988
5246
4237
7711
4928
3669
831
7969
9688
2356
6958
765
5262
5910
9986
1520
5368
7438
8614
8756
7428
4647
1027
9246
3596
7267
7215
1589
5303
1942
5822
9238
8100
447
5240
4070
9975
5715
9530
178
8955
4765
1975
7249
4850
4035
2708
3135
6042
6654
8262
3191
1787
1579
9889
9833
5276
3790
7114
4038
3583
5374
1595
838
5811
5108
4342
2741
6179
4816
8474
5555
8952
6703
9299
5982
895
4082
5606
5175
5154
1265
5337
1717
5379
137
6548
4056
5905
2288
7573
9535
7586
3529
2551
3063
993
8075
2103
4113
4677
6232
7072
5291
3788
6984
9724
5546
2476
4820
7738
8177
3068
4176
3142
7694
7265
5401
9535
6254
6891
8347
937
478
8763
7174
536
3800
7815
7042
9740
5144
6844
9781
8484
676
8476
4722
5944
9392
1364
8881
413
2619
8080
5681
4233
9412
8971
1255
599
7586
1186
7815
83
5389
2318
3519
9748
6782
1631
2150
2963
9753
8689
8867
1326
9947
3284
6021
8648
737
1226
8340
1155
4774
8475
2784
3853
3968
5441
6361
1403
7312
7815
3214
9499
9955
3687
6157
117
4636
9255
7062
2215
8908
7318
8302
3370
6285
6304
561
1029
5472
1807
4058
1542
5297
8496
766
3724
1751
5109
4985
6777
7550
5313
8251
9735
3534
9684
2876
3575
2966
4460
8315
540
2227
7778
5834
5230
182
6832
6064
3748
5200
4007
6944
8534
3451
4195
5634
2335
600
8796
9494
757
6005
3439
7816
5061
7606
379
7428
5990
5582
6185
7560
237
6773
4837
7529
6384
6174
9361
6945
2570
5379
1891
5264
2545
544
5037
4144
8358
5541
4792
6399
3182
8646
4236
3325
8769
9253
110
5551
8823
9246
4102
2731
2236
65
7340
5621
366
7418
8658
9237
5220
6103
9216
7825
505
8642
4977
4128
5149
1412
1084
9217
3205
8062
5146
476
8566
9854
5811
3962
3696
2908
5860
7383
1983
7445
889
8043
5411
181
951
7827
1498
5476
7590
1153
6764
6415
5090
4726
6564
5807
5604
904
771
4303
5893
6063
152
7325
8361
4531
4106
7252
7706
9619
3757
6995
4489
7423
2074
8338
9460
8271
4859
1371
485
1097
9382
3083
9229
8415
3588
1229
2952
987
8077
9490
6919
8586
268
8135
3454
1575
2618
4359
1674
2873
7277
4586
3612
8743
6553
1079
9103
3677
5660
7442
4802
8951
4153
8939
1658
5381
8451
9349
4260
2090
766
4309
7187
7138
9288
9957
677
3552
9734
9161
1444
1413
1091
8407
1012
3529
627
527
951
1017
9028
1094
8041
2682
7925
825
3587
6407
4703
8410
5758
6252
296
7942
3241
4770
3390
4773
893
2305
4235
9760
3422
4222
5602
8273
4083
616
4529
1028
8141
591
7246
7892
7331
4039
8569
1406
8780
8156
685
3174
4845
621
3919
3314
24
4758
8239
2067
69
6247
7890
7775
5949
6058
7377
4953
8348
614
2261
4238
2868
7230
9487
3658
592
9679
2480
1777
9384
8252
7621
3599
2124
8062
4090
7733
3835
3879
2373
782
5956
1126
2714
1578
5299
730
3093
7524
813
2236
1490
8323
6444
9133
784
7749
2391
595
6430
1942
8480
5458
5013
9630
9153
6207
8653
198
6810
4284
9252
2353
7789
4887
8840
3740
8574
8598
7317
3809
4577
6638
6003
4948
5575
1640
9967
2846
7538
8015
8816
8891
3541
4663
6345
4368
6917
6704
9549
1030
3104
3016
2562
8562
217
5061
1345
8379
9928
2989
1341
6092
2167
8196
685
5145
8285
8682
1256
5783
9119
5673
939
9924
9851
6228
5055
8326
3129
1887
6168
862
7541
2389
8190
992
5159
6699
1856
3124
7135
6018
1194
4422
1993
2284
7242
7186
2293
2545
4540
9660
6507
8302
4787
5630
7709
1451
6253
4269
7083
6260
6072
9514
2896
405
1830
3843
7734
3253
953
8521
1116
5563
4283
1198
9940
5797
9963
1506
9081
3048
5442
9136
417
7281
3699
4072
8530
2552
8713
3013
2189
4289
9530
2973
9151
2528
2924
2023
3627
8281
7300
5455
1382
1567
3865
7374
776
9167
3183
6752
1372
8436
1748
9720
5191
2378
834
117
8053
303
1694
7861
9562
9551
3814
9018
8795
6111
9228
7963
2343
458
6636
9181
7005
1026
2509
1998
5029
3063
6140
7044
8159
7752
8174
9021
2657
4256
3466
4182
1082
5467
2592
5137
6573
8285
3060
1140
1793
6542
7153
7042
7514
2466
1246
6120
2153
4135
3479
5067
8987
5641
3825
2883
8972
9050
665
9017
3575
2014
5180
1019
9649
2055
1093
2802
279
9804
7200
9706
3398
2421
5743
378
4331
1843
8837
626
4551
6920
1392
6381
868
5432
2524
6815
1333
1195
5551
8754
6427
1447
5622
2402
6867
8370
251
3435
580
638
9058
1865
2621
1037
4821
2739
817
3427
1913
4281
9163
6747
5300
5453
8153
1361
5365
4902
2736
5005
4753
780
1615
2128
1069
6031
5025
5067
6970
5296
643
2711
659
6983
1246
7607
9555
4228
7796
8699
3327
7171
3494
4841
3850
7611
7575
2039
734
3534
2679
2693
5038
3493
9995
8690
7517
5075
2063
8555
9168
5638
1193
2837
8166
1905
3884
8782
8323
1473
6069
8150
2946
239
9967
1779
5393
4115
2807
5201
4397
3714
4774
3734
7801
8821
5875
3762
1140
8017
6262
8603
3488
1733
58
4530
2408
6649
5912
4644
8861
8532
4102
9323
1655
288
4260
5946
6320
1988
6959
1913
3454
2547
5097
5941
7323
1447
2447
745
3268
1745
2045
7850
7984
5280
9228
1346
9341
8950
7388
3759
9181
4028
3100
4656
1605
6906
6582
4257
8711
247
8752
5800
1295
1862
1031
9951
1311
1165
205
9987
2655
608
8526
6544
5560
3638
3586
961
8463
2064
2526
4955
1257
4411
6392
1140
1914
6918
6201
2759
3077
3635
8614
9109
1152
4573
1877
220
7702
7530
6186
2335
7892
711
1132
7610
9724
9811
7466
2783
5179
2463
2292
4704
1801
8069
6622
6737
9184
1193
9600
1516
9888
100
9263
7573
7902
4524
4414
2271
602
8402
6647
4443
4062
7392
680
2378
6463
2551
1388
5838
3377
1560
9520
8634
7224
3374
6917
1861
2453
7912
4141
6421
2055
5008
4435
743
6819
5314
491
7644
1336
5975
6784
1556
7732
7728
3466
4449
4701
9259
777
340
7358
3595
2864
7534
7105
8886
3221
6662
2273
7424
6156
6388
5726
1664
3974
8640
2242
329
3346
2463
1556
5033
8960
9601
8386
8358
1793
562
3518
9096
6500
8148
4497
2100
7591
6880
206
6025
9561
2089
6505
4793
1638
80
3808
2626
6485
606
555
2515
1091
3333
941
3583
9897
9572
3550
9818
2945
4650
6797
7134
9993
8160
7006
2260
9522
8793
3012
1213
5586
6551
7719
2769
9000
3698
9828
9570
8851
3618
2544
10
5819
7753
5273
5532
232
1478
525
1257
3
9910
9741
9368
8385
7364
4584
691
1409
7019
3685
8398
8947
6342
3042
7869
3402
5546
152
6748
4616
3134
1033
1084
4316
2502
3830
2791
2158
8101
2426
7396
6941
953
8576
146
8072
9989
5944
4636
5078
7805
9495
8015
4803
9624
978
3427
1153
4645
3521
9387
127
1254
4497
3560
1437
1138
4479
2587
2755
598
6398
7088
2824
5055
3582
7219
8692
5473
3004
4525
195
8681
6907
4965
3478
1276
9155
2540
9611
2416
1668
7201
9458
6892
3892
863
9130
1087
4312
8152
3181
3307
2819
7360
9943
1417
9048
3707
1355
2313
1620
929
3388
490
7890
7623
9389
8633
4098
8846
7040
3460
8910
427
2460
3646
4714
8354
2592
4501
669
1005
9623
2553
8459
6421
6842
3260
9522
9474
8809
4867
5847
6627
1195
9497
2244
3083
5318
5243
1132
3582
2252
3813
6838
9615
9316
4116
3708
1084
7321
3073
1053
3653
9237
2435
5413
1295
8903
9582
4964
3672
8005
7510
2484
5976
331
3596
3140
1444
2567
917
5864
5274
2705
2543
3220
6115
1258
8622
1624
7284
770
2279
7743
9195
4205
8629
5493
2245
5200
6404
7605
1598
8087
9542
8031
2465
3530
7367
6664
8610
8203
4427
4813
8172
6783
2548
9162
8739
1881
4644
1883
8778
6877
3035
4469
7011
1961
5208
8682
2520
4117
1985
3086
9305
3712
7208
9569
3347
7153
2178
2158
1069
4120
659
4119
1491
5164
715
663
4652
9793
9471
6881
1940
1050
9553
7351
2809
9232
7146
4753
381
8000
6373
3169
8940
1375
648
3970
6172
3082
2016
7027
8404
1745
4177
5387
4739
2068
1982
7053
6617
104
2413
6818
3547
4766
5179
2804
286
1021
8208
752
447
661
3078
3391
2490
1350
1392
925
795
1493
5431
9015
6732
4461
8167
6177
7989
9047
4200
4776
3794
3509
3596
8403
4334
629
5017
5452
1355
8561
5171
5429
9643
9551
9894
8381
7695
5135
2781
5382
7379
476
1937
2246
9550
5683
2671
8792
3537
2969
4320
949
5241
4337
9351
6972
8555
2988
8210
6690
9433
4794
2493
2131
2478
5309
6424
1579
5476
6422
5203
66
6212
592
1129
9067
804
1685
2974
6538
8815
3050
2380
3142
3947
1204
2261
4468
4381
7413
9158
5320
1568
7934
312
5941
7377
7457
9285
5883
4104
1196
1354
8251
1774
6327
504
6617
5510
3842
5504
3975
1957
4636
9787
1511
5945
7009
3049
3166
2013
7599
7548
7885
6442
2699
4444
3474
9197
7583
5863
9909
2193
4990
3562
6149
9932
6871
7173
7308
9898
7745
9652
2534
994
6329
3349
7162
2845
3032
6093
7413
4448
5206
7870
7323
9290
1726
4940
5848
1602
7608
2584
5356
7095
4985
9083
200
4497
7721
2641
6661
3492
2864
4590
3966
7392
3000
6600
3348
3263
3134
7538
3426
3506
2803
4937
2103
1440
1468
1030
8364
3897
4334
5423
9321
5397
1461
6513
7730
634
5378
8039
6717
5629
4276
4063
9562
7087
3863
6729
2588
1179
8403
3532
8926
6453
2456
7609
7050
8097
5237
5263
6726
8914
6423
7390
6812
5462
3635
2861
8671
3255
9014
1496
5547
9720
6419
4667
2721
6196
6058
8155
4474
9146
1977
2595
1342
2242
7821
9656
5287
4605
3229
305
1872
5855
6633
1761
1876
115
76
2584
7134
3663
5441
5338
9193
4894
2439
3408
2075
5818
9720
3477
6992
9845
1030
9981
2786
6721
2179
8411
9534
1859
4255
4891
4693
4103
3325
7659
7908
9521
9729
5539
905
7447
9418
9896
7551
553
1044
6216
9623
9800
6667
8811
3378
3532
8334
8192
4864
4287
4281
5268
1352
1754
1699
7629
1935
2159
2
9685
924
6589
2097
9539
9863
645
6860
4859
6592
4438
8241
4422
7649
2664
7355
9902
8
4683
3369
4717
6216
3684
4356
3723
3733
4164
1574
5447
1536
9690
7768
4028
3563
79
9060
4705
8007
303
2903
8046
3914
1392
3228
9841
2231
3808
3331
4986
3654
8082
69
5201
7325
9397
5351
1310
874
5221
5985
6295
7945
1848
8772
3614
7223
7762
3451
1576
9715
8403
110
1318
1748
9378
5024
1849
2738
2641
6034
9395
1585
4504
416
1312
2886
8373
6787
1599
1490
8973
2875
3606
8031
6611
3670
4887
691
2646
8842
8386
8822
2906
2070
3061
9738
8912
7563
909
6328
1974
2409
9154
1016
1654
4702
4916
5878
5563
8977
1233
5796
4820
2785
599
5617
5533
895
3860
3829
2638
252
4116
2419
4149
2942
3749
5262
7863
787
1695
279
1774
5066
967
5845
3014
7819
2636
2357
200
6378
7834
7708
3549
3551
8181
1149
879
6501
89
1628
2826
3114
2594
3865
7098
5174
8152
2450
1918
1087
6943
3876
1810
1860
1682
9833
8130
4406
8760
1939
4591
9126
8731
5278
8624
8478
9089
6856
3188
3292
8471
8917
555
2369
9941
9005
5923
5397
6676
7787
4383
8635
2329
4231
1114
7650
8934
6732
4206
9651
5002
92
7721
8875
5875
8799
4506
4405
2191
4836
10
9405
6037
2018
9596
7063
2402
5996
8156
7950
6243
9593
7320
9069
9941
9793
1025
1848
5428
231
6892
5844
2641
339
7532
2812
1066
5080
2954
1766
9428
1939
4337
9224
7072
3825
3234
9874
5822
7523
2544
1990
9038
7373
7288
7790
9683
958
993
9796
7303
9385
1556
5421
7128
7973
3359
6322
143
6269
8014
8647
2312
9825
9588
9291
1337
7551
8906
3486
534
917
6824
363
4751
4716
2190
59
4490
4540
7905
6664
5991
556
232
3386
2598
6769
3652
7888
3256
3573
6838
8377
1101
1909
6877
8026
128
9248
2216
8770
6230
544
5672
7801
8588
2426
7767
2609
6935
3732
5474
6940
5187
5325
2509
5431
2105
6057
8137
6317
577
7643
9482
6317
8339
4062
925
5461
6456
5192
4306
4999
3512
4034
5086
6161
2936
3708
7194
6384
3846
3406
4815
9896
7523
7647
7994
4852
1604
8990
8676
6406
2724
9596
1968
9418
9971
1075
5089
9499
766
6760
9633
8125
5958
1508
2735
4254
8475
4430
9480
1792
8551
966
3868
9124
3072
3493
1400
1916
8176
916
7282
6292
4926
9028
100
7652
3725
5435
9369
6323
925
1663
7838
6723
4499
9609
9191
7371
3687
8333
8025
7945
6473
6659
4318
807
9192
7125
64
9945
776
470
3428
5143
9177
3515
841
5841
6328
8595
6857
8722
5545
8569
3567
3259
6509
7515
9668
2410
6402
7337
8666
5767
853
7278
3057
5716
6233
637
8661
2623
9110
5758
6269
8629
6570
8935
6631
6925
7374
3909
4218
1228
6253
5637
4518
4385
2200
1323
536
8649
1415
4987
9997
8164
897
5238
704
3878
3518
1805
7032
1724
8389
1228
594
8789
146
1140
2216
8708
1515
9707
2290
8275
9418
9184
8384
2512
6172
2538
4225
3194
4734
5887
8661
6583
3563
3401
9941
307
2545
9562
7441
3330
8074
7817
871
6995
8057
1992
9830
2024
3179
3818
6967
372
4291
6390
7856
9593
8600
3118
3310
8485
5089
2581
4338
3601
409
3429
9145
1220
2372
5605
4222
6554
1571
765
250
7512
8861
3757
3066
6802
5447
3154
3066
1523
6670
3657
2513
9529
2170
2988
6792
370
4886
843
8500
7232
2738
4996
1646
6055
3458
1456
2085
3933
2378
8859
4694
8923
3679
8528
4344
6748
980
729
3560
6063
8417
921
9040
750
5597
1094
5057
1900
9838
4879
4132
6100
5332
9310
4463
8172
1040
230
4811
5593
6203
8814
2367
8046
6739
3808
9537
5958
5778
6991
2563
3366
4990
1466
4989
4013
1534
1655
3125
1339
724
2314
1432
3784
6716
7310
5393
5637
209
2432
6793
5814
6555
9191
4669
1342
9374
4316
1835
