8000
495177813
67961599
662119234
673749584
204478912
25934587
523198003
529489503
832748589
44646650
809562291
49774639
38664927
147512762
335664675
421188978
101454814
869455155
591377754
23197219
674357676
520880349
85516344
899984818
92439385
636719801
432988219
444374586
584243046
664829976
659278909
285383032
10714410
60567873
400428984
793383003
248737985
208699555
918078548
94962917
545024813
847937010
949412032
543630233
971533407
874222120
739401179
86617120
695396869
356197722
15277717
692995480
342345409
2579998
974301030
338316355
699142893
17889153
825238496
35617564
658387136
828190822
930674904
636007157
789630062
46640861
471848543
185817797
110767725
32574927
730416478
201653389
37072684
651197595
728553842
447701658
867692260
384618208
327495133
610502719
148006581
95812753
764893265
206958290
494019177
350304510
61614853
76345264
364782360
442136247
490801579
761928205
102501106
560270809
126557989
255755503
665695916
682109443
889093369
437315820
93611488
849322161
16303734
730154417
540079691
82816533
62149313
151499434
253022860
642269909
454447977
544024143
624923874
115902708
877107110
397475383
190089210
541502081
624164675
870845663
822199338
285441504
648430315
22922995
466020037
781350641
14167037
53287024
107679970
418215916
124178379
433298942
395317533
17434183
378801989
49591864
175751122
439627501
93371354
546546889
927023468
64261031
9501970
605398090
972920716
776365799
218215235
66811740
687687417
573420967
611525913
400335630
904173970
5044754
595491478
230423667
714352796
744821990
39150380
976417957
722134640
232471320
122350216
282896748
976083553
450999418
231790405
270956264
302613736
48743200
850958537
893767083
573946783
756668291
751322816
630333106
86121270
34619091
825393622
87525098
583020529
929251596
396328209
498670238
823240216
291871087
244676214
203778461
38772242
832420110
982958331
93075817
782738967
40182921
429263925
557374039
860755069
390824767
325241348
80172976
447296067
832247060
184764700
24064743
978940514
409787901
167527100
834263711
137928283
537785828
681110900
590885779
259502669
295702915
162936591
739645152
277123345
621913507
9981256
620861081
683191946
137836341
727293619
883737814
457889770
678166530
432329741
106759675
106219560
738576560
280816234
634278138
466755811
445016475
256688011
102600998
354214949
843034609
549644721
302939344
84300514
923746246
52566009
350237691
339550503
936999863
21844754
603007207
710172820
120594787
209374183
427362906
80656071
793367806
37478947
85499858
597172290
687892297
795678570
850979105
238843478
256550959
638622975
538303476
8115653
751682284
787990685
14123341
217163684
196940895
376846773
313956275
359934615
71621477
858007669
675079082
891782946
215829702
576965372
588525908
287161011
766982888
589019504
568266567
435231618
370094143
614189608
417493913
276497339
657998431
972428456
130334859
239527312
569424000
310924082
360288228
475673244
713538212
733489230
468569263
798931962
646884940
683617870
618643578
772094112
964713640
703325580
706453752
550454594
199780833
855314779
568021796
116414382
702643059
75416168
606816490
503892737
276392546
197637683
646216786
826951715
870975682
535231759
78549090
314020424
170121960
934079392
239093874
863789443
27876548
280660149
815821884
285479869
69258141
742903159
720953634
218864113
462645556
240201441
171726842
374357694
943878380
927332137
350083454
443884842
743987141
880224481
216218273
692042155
579503806
135377100
480261273
715503220
375056810
404450741
923735204
701456944
879040846
456376661
721522935
523783096
550188462
762400169
490727080
702843661
387020021
364759463
168252296
62371015
631879716
295487864
125504114
143380437
298996758
410003610
479515775
349466730
451082144
708103075
34664262
531538849
260212732
23213850
313880587
964179911
53079367
934021479
402130067
288405645
628088661
968640024
906046154
188226382
321020195
110905196
595203491
608763565
48568983
970175192
29754225
751552793
91912394
547763486
969842365
419958700
854117500
634603224
329165580
897175422
923764804
89914958
720457189
517734734
41898606
743974250
993813722
971572046
483364606
996979595
68025632
737304468
517213820
621904814
870650001
359200739
58006083
802117193
806394365
695982618
629261375
480037003
675237275
663724558
785780335
629330639
423900096
402712858
36030920
461116115
565666718
559799170
21562861
857913478
572783971
213832454
216623985
11660467
189670485
812856135
991346344
267729420
604159582
901060279
256219450
679818272
657384586
86015578
50948742
205171520
880285916
16597153
147823106
629362383
956621771
824488567
512205069
849231388
446086100
104541828
696846537
89825535
442573840
624811980
84830803
650462736
521549616
494310292
818838476
382304030
734462584
32602355
130804946
725786682
596264941
753364994
553059617
614238977
862330847
392479628
463458752
531905962
42155494
309077362
68847661
76659271
625107418
24004164
502568208
254211984
612833977
96471730
649310998
282286113
864115819
166301733
787074084
646480898
892203251
560071123
981970697
56568203
126774398
133562763
935503861
387091125
205531749
283643503
115652085
839686070
183744752
164047873
505168669
785642976
69168750
11903673
232660002
796993328
750712260
21744886
522653713
20518935
649028737
702049956
562433452
302958350
773893817
717520386
350568328
512552672
762433848
690115397
724897239
219451412
638220391
8826936
33961659
925735503
735458252
779512123
783733201
667171512
80689825
5620390
128247067
509656798
440961958
116718516
25339958
62885736
830004917
643947289
246840984
681793380
217996156
475267689
228915336
833949046
198607310
25338550
145615766
619124170
292276513
36412840
959271786
952442266
598681486
269860614
57704249
116320244
971436284
507699771
587514943
685829087
859995306
370169474
173600911
726537966
521743306
600027589
956245646
167828848
175060760
235875000
52459224
918483285
196121899
789254900
601862985
447835049
519276312
416644777
470309597
438693020
728432401
192473997
253239250
215134277
987904050
361004766
239280941
969889681
412260373
179441973
172613721
4802979
727966948
64952171
303090846
689969481
137065550
336846480
480796928
213516921
270015395
231938774
248666729
939795037
356048424
910089459
440804046
893164890
622124398
839401869
709262041
793991446
191814232
663797738
278097247
918976267
679076357
719817848
673106751
255844341
76235241
35918390
794762216
341997415
956727702
22494656
219619259
256637632
77083918
178160390
798684654
731458914
532373865
813210592
785536272
96009446
278328604
195875493
769595344
806677867
26955997
798801305
117832820
273878274
210725864
704011445
484940029
129567801
673066428
74578515
953409337
410182080
371921007
330882275
34463103
78654650
200829126
236897049
553753001
975599968
891211898
799259527
925461029
854724804
230802148
636790565
692004465
590847418
904168611
106594990
487414403
288854189
934888308
752788919
345845639
949038429
296551419
351283322
55484819
490213621
819738522
362486189
27981
234320703
714833961
654918868
104428956
569714082
701410434
404426242
955604595
72514332
322406596
55252206
233345468
606241269
725588996
441332043
398591703
826174310
931696195
625282543
730466103
280865193
573996310
615221954
249511763
520074358
357960904
254263019
63305823
834671559
114739969
528231027
32344652
22971225
981188249
942266604
463172804
745620444
927203891
847638705
140323953
819147118
960011279
942230189
823775216
86689553
963956029
29568968
132877548
202490020
316809812
54804062
826767853
411883365
973772869
285007798
808825346
84123419
405985834
44285566
974927957
497140253
859239676
878239807
116805353
463871347
169228203
724223909
931632289
138492713
110102761
194305206
854912320
817304062
225477535
5149663
821210629
776686587
272917401
694925140
556706936
704801212
201020146
405889750
753976064
298327338
140596210
129819880
720808742
730035900
672348246
770723579
470901374
431200980
340848593
335910983
987091444
161455188
104268835
940428915
229659170
925283981
130372265
115902394
395120067
656187980
994629122
289536354
637618463
130956392
267350974
303747938
344432163
623077614
163507687
522322418
199148218
984093005
364213834
844301887
617156402
119570576
256096642
650371353
589306196
996321209
801358736
990078037
94397336
738472973
52912912
304529422
305812118
258770076
929659066
842156333
526022944
86647890
783710274
750453996
665655077
590019810
497528324
478118547
409398316
469425112
829717918
511450083
475120119
72015600
55643778
924076644
530700286
834870716
304857750
528545041
215704353
552315925
2082201
925205186
915588506
775556833
385143347
120981971
498039244
625894074
830602997
597024001
283062463
39256107
757811217
99380508
892226718
499051215
719118717
17231920
7238702
754677720
697238796
167282497
8661953
435574474
398779816
317293309
50267714
358418556
918523098
386865715
7240031
398288429
680909109
97192802
256832152
107120933
511638385
14377487
683119410
19910499
676089874
784771421
904007
344652985
647128312
664741528
61150093
250800503
549009415
344287901
860766169
843586934
36290209
177317097
50136561
662140656
133590642
135102946
745242643
658279490
75670179
748201853
16612115
127971789
468795675
969200005
693436486
501250605
670629184
53483872
30098416
909909875
435966708
12809557
466915485
940962636
471673478
918026782
991491408
846294538
160343384
10951886
704550066
472686793
656705590
586352844
526027462
21772182
208320519
894422353
740096613
183771363
940459268
120795441
663708715
975645132
138610690
568163558
368659626
216408621
103199255
966086912
138092553
950035051
929141500
579211425
943222496
566203974
253333883
640967578
440942973
151390375
886826252
931420865
29353683
191960797
256129017
121348550
553940364
649141465
291430354
979875110
437480835
584402105
14754424
342389612
152268254
188456591
388661295
89415073
358356574
705108256
4646103
792794661
488763510
918605236
610292049
305363022
701512809
638759618
847853048
269236797
235716549
322450526
224860596
811825905
640874659
415634454
104829021
507040889
862747700
259913090
299924557
217117967
397932180
928533964
137968274
230334395
359576587
87306645
824890371
624818989
618805194
489370289
839774784
482563665
40849991
934999785
214054708
76165240
243534025
578409788
464045229
543238037
47144649
474961469
620334308
134290638
401522588
877945245
311893255
318831902
474974706
100276943
233469137
524776901
874777617
337231347
618533546
214516655
128205713
111001594
306028936
241919054
463359333
475968284
780593496
201636009
132912830
706512668
654804298
416736515
469285062
664089397
464966920
949752223
190977537
365863245
626359872
55441967
50800129
672583102
654308027
389314140
132686047
28595509
249922656
531539776
517756236
43655169
572266380
655428728
220539317
658581499
599537919
576906256
642431730
135228696
83120350
978231372
647906929
908243225
939975656
810403144
524375385
147712982
503924831
797645792
575758997
88702370
893115274
643656142
453705123
256705876
71080526
962429215
301727892
881441836
77574011
503121900
258380518
313361891
995188264
207210357
203953787
463279486
557297775
24341430
923489213
449506492
385137590
270330793
564563812
382876337
713728616
222515413
91282349
721197469
692458532
64748410
10646331
964971608
1174960
690960057
439399834
123977770
177494159
235699053
571330505
992751343
86560998
934826722
234094673
994938317
474196795
504839633
662979075
41257883
384519218
140796342
763117018
569150309
398448727
83384020
90524200
253860093
448953714
254926106
957615643
670348541
43777293
14192706
777635095
721464991
706191069
261481673
67470086
407555175
201499449
721946175
286846192
194909763
100521342
517465883
458558031
213780573
306816000
513263377
345171179
92357914
830999173
315890092
393705571
342514330
312441657
321448156
475475451
113083810
353307210
56421414
963423786
25967112
793392966
338278102
563258777
6502334
49346434
793525788
865798347
53288175
531309788
367660624
323733464
615101251
100253443
873529256
93355629
129640384
743600096
574373040
312207276
530817538
144095762
980046161
384043703
729427444
24915524
17521187
926115301
39654173
824868638
936179802
32090510
775260944
933872030
48010675
415359832
885960219
957822056
769877891
545147985
31434953
968173010
769497597
447860810
837055773
886196200
102031591
657999234
891302363
58673946
352474290
912256246
22987802
311927171
667957874
587667637
492727814
492202813
452945329
54206163
380089346
774185560
401529632
4683811
67209812
354954163
832629579
934903284
93970751
412602811
91986946
821293375
540657546
182203431
737225745
344059298
646513119
58488350
652807354
294347055
514913132
101709945
291017534
647675150
24680559
835108363
873693154
415542269
461124669
478612787
438451597
326554298
759945545
843574503
416672925
950900971
761937567
904305956
391902491
736941297
212392156
62057242
647658813
485182011
912354485
27671691
177652130
858073970
974048824
316847334
521662906
969128025
569423415
758822395
169258797
323143727
421670362
42656505
677558645
805180460
363726286
893241072
319786513
788409523
271053197
59133328
134855790
114430992
470966003
992113596
136781761
962495895
293861079
834033830
429329139
586257579
565311526
441739835
269071587
35014432
241285188
876207515
706005875
779270316
974862885
30503041
193119655
306186725
379126410
373567042
484677876
12978205
633478035
633076323
412986943
478976022
819983191
206380857
815015769
166858718
380077869
820873887
865965074
211594702
160861256
776259341
527314803
537204589
613190003
965596150
778448638
549204098
127377227
18500997
127925139
2797332
644162927
153102464
827133109
886641004
122113668
702307857
908659729
880258594
292802297
178389780
17695515
388179613
41726052
208833083
476400132
545759937
937864618
537994877
222651698
563931647
92461955
825847449
429047058
387021463
755948631
377687525
589787364
775124859
589764236
700791456
940738597
698496830
655635394
954811821
925399
914851088
783369519
133052244
299695457
872062279
127698914
598897547
95750142
682976638
621607398
945380525
574751403
210295880
495876592
550780089
381217700
48219629
272204064
696929087
571198113
116137017
790254613
353339020
616030507
586557085
674419458
668352881
558833860
504341527
814599780
788960679
234814876
159111302
889307602
90605898
773520461
720407948
196681611
537204161
694185962
532842892
69097424
54793652
863978967
171901211
966481488
256338335
849447783
701346458
218539518
307271599
156860641
614640662
190702045
603979447
81981658
749881026
476901929
282599376
353543381
893006151
32393565
980998062
765296953
352422991
823532837
513847315
630158862
913124134
362471026
614405777
319469031
489609811
744594712
520424398
594446356
875270657
594291345
501495177
563128586
536847645
104469065
892123995
217270013
242795619
599233590
742492776
965692234
246199727
81086914
365175991
699985591
592001455
836388250
113054535
207396122
610791445
309951948
696959036
316783517
566369981
955445567
637662241
125362257
904426551
131928319
557480997
282610339
27386329
544999823
782368022
682438589
38446728
287470977
669188492
68934141
49068935
660730721
636729541
274649331
479355311
871414431
525426960
934272510
867465452
230699540
205544945
264031611
753219590
80161252
112751436
98091182
306460838
788759718
121528147
240828723
743766416
755977048
676121815
20347704
245739160
39752682
674837073
339315312
899074238
14696321
111854446
588304188
885269209
314312383
355091720
84470087
804575280
729300068
618047363
743899816
105824205
856213494
888537042
900176897
512100661
666335623
135384406
494298019
880346918
959338575
625564209
326086042
30331083
802334153
201043529
532366505
529059659
689537956
129654498
808639967
358337114
871693956
22529820
920909279
875803739
849356599
872197225
410313607
835991909
267057230
890019652
347247952
620803033
230874565
464914784
640813899
152262392
439240274
18048898
759211649
407718830
431287484
814283615
802802671
170300295
533891608
808863090
486720676
595339536
372039883
299580221
97443250
144649092
80684075
454817712
194764621
968551291
305739424
726127376
568914582
542684383
621095674
122045921
297731176
274699207
146634625
219666967
798483339
858613572
846826986
119974304
857035499
747311896
769009197
112804484
629812041
20757170
118234474
877626665
143328875
35640088
896349471
141923023
13541002
79829461
330774400
299275345
141165215
175943886
85446177
873882624
495324629
765305137
420287785
512619024
557829229
789314304
712750034
277448223
833907736
53446668
158172548
676871345
614385426
900715237
120549515
28331450
599986629
807938984
98645647
534562935
874977414
904940450
969845941
539377449
812564765
375598386
732475395
15565377
962670878
836757202
55200152
301165574
139882227
442885768
494773642
203577213
466095902
522541594
346759720
329381121
108280844
360151968
42197097
121465977
116979632
384513918
816318535
986065918
140262876
691029071
679573829
580529632
274074486
560989691
335933857
284949556
566142537
596866477
5948329
275992040
572812721
414144425
615731206
139742633
33568455
125506123
141056892
121745304
269103536
814447193
782030306
553684815
19815889
441707529
816350590
661618188
39381754
403748206
100599366
539553947
530175670
78825528
197291134
207121329
311939953
653920124
948689562
127043929
372243502
297634912
208378855
750203112
709447001
777860569
649211630
687955477
172435235
277596604
455012053
71591778
974269446
373146665
945487992
50122582
106396605
427766633
133452231
724905305
652834458
873977763
686198980
991554458
778992006
121979069
158261157
133774165
449813270
497602951
759106208
304977844
106625085
88454474
669989300
138429219
760482468
98186246
87152317
511547145
95262125
333630355
75968681
57644605
287018725
917658272
598262427
268331722
43522982
488599384
242105329
178293180
63979680
509449387
426282298
467446573
721551835
60312091
749491432
340882330
100668191
154491524
593312162
389602111
254066260
739968052
272216723
724979922
163837989
280181174
232103475
205120457
283464628
28339356
12097295
347287482
553466670
767504379
720639586
878593912
834769783
248834882
570724565
566384524
400046461
385755888
169278791
797781539
241069815
393175443
807182970
949985283
1768734
852564962
90547748
271120127
826370771
638836869
607060629
772204940
898669543
789351177
888953029
922529032
985859844
367225684
762870249
509989477
613897743
594486554
800339048
605489387
815909064
767225285
610439935
67931814
587914997
744424442
15015569
121099087
36010023
41818761
73622235
97152792
419293998
2327316
518570470
54744631
996141486
468432936
964817762
640571479
210439142
975852925
139317765
754173911
327510973
104218764
599812261
8562578
243396156
98392063
230446586
882082084
812641651
851659536
451086643
48713723
625436184
841307306
478271919
229430779
229398
150034592
105721373
684415410
276176040
197786507
334591367
53338255
631812746
890793319
886051389
808164534
650079619
637320103
77993480
825216402
396942124
971100930
798954250
623555633
208785957
640432461
652373047
15001155
354982697
46063677
98295799
816624674
612191288
483505785
964603917
91416916
80440613
785894617
982947371
115414343
776259550
110610875
89158961
353441097
647572428
272920008
366055693
879127221
422536699
37660658
257364684
952917201
735718301
68079616
729711352
926842516
211479850
995510983
808143928
242253109
676267531
364893111
152387602
91686115
63320283
860251062
292685012
439087319
610936002
771985327
357328396
643972411
557202638
574182676
81672759
721082219
435007156
151011309
612120670
902413819
526229470
964079200
619723932
848117077
41531187
816005371
498592051
947201859
49144786
665429194
723157559
921731939
368807995
574785679
752152600
30344132
425765045
862412483
804378829
114457537
109209018
346098232
508884015
586708781
942302936
702956289
209460162
809345771
689831023
139187825
582901357
114369490
333608834
657121604
133355898
114011891
631108029
30017585
31194404
837579977
956184324
101213902
321558964
378768735
894899321
732911328
198591215
739116954
291099550
37025877
697488201
350127998
103422355
130078786
916195244
952122438
99518323
583988455
484841587
126437604
571812401
8487366
489752871
459477052
20805756
840355588
438091137
400823686
393122701
753706567
818209698
465810559
630153784
307304676
611984539
198290069
614323634
981937450
559087952
890079508
826127750
133706928
816313351
944760082
814421729
763678063
323256459
457706372
135334375
962519841
128955147
31921340
533307975
486040338
727534904
764199931
478799892
927749330
366008396
564332505
802592078
315839717
302722743
806953053
576567471
657834547
162882410
636433908
915071386
290270388
451131990
813545037
411128426
95736294
795399708
612387212
621997211
668826454
876509450
540782859
772368893
141074177
487541263
861891672
130832434
827355664
859728391
213811107
450616509
211453039
564366688
578398618
645975256
242689623
104293481
740842950
503749034
395988597
436878936
535121313
750059073
255129826
951589114
338455381
461278542
689712405
208499153
141222771
207349872
675539104
141716452
907577459
243317179
7713227
932041328
954262856
227448760
785173483
575822532
146232230
361749641
613892326
45681035
921277508
708330248
357892137
298425978
593610073
450323361
981240953
633362810
132933025
112134825
636241309
449253027
768129474
506776113
725076646
565652885
108929329
167440419
915757859
998495127
444912658
563396630
30741687
384306479
939282162
783943419
419741470
133247082
57995106
924835487
483623500
960883024
429901581
663431320
24174278
441837364
611421114
238300276
343633821
285112807
573848969
801847901
348119210
327176866
250756414
371610369
837542792
932343256
133948550
587599831
220247302
360105
806307665
566329513
71710184
95108103
980020678
161398163
300032080
407622342
648091952
673057715
603921530
922820170
84226520
885818352
613662230
310671658
378051430
822559911
429368909
303205348
686092588
670876676
982359562
698874560
253983510
497043861
656057201
863993849
633222385
446308206
333349593
377376494
78791667
1610861
389125747
873266957
854874983
311625886
572945971
670510717
565212530
167177594
63074002
849273745
269271837
441876478
450025755
947064323
96689020
221185428
652668290
129801731
970174539
107027196
133559640
762806976
834311363
671719582
204614170
123681829
819907874
540820187
914819766
932359630
739028071
240600940
786352980
189782875
840144858
15883228
30785635
917034514
593033374
505699618
643257078
270187301
704805086
464475663
31565966
190133819
880817039
795075747
235324734
493475662
155146557
4365289
464310312
437989606
307837822
857648546
834750847
482072645
872200547
803060088
206751841
892041614
476918037
927620984
55870836
534622900
567004087
3856320
653847364
552165354
497188434
169254598
3384969
201916494
978329741
364332705
837223042
468825070
278717551
30459262
701848590
854898794
169500322
561255507
932901219
375567229
16381642
155694575
564822298
171423196
760871694
781665373
889052257
954581393
420098732
595503587
480036002
442550825
296496979
973453449
749247708
496249688
587550557
156256228
261106670
100303621
746661377
485471034
509589244
536579737
129815036
840691018
813813634
35780031
704876561
897629494
918440359
973102941
890529798
948035218
367882789
438001906
807288050
532798389
417192993
856833952
998646127
785633328
550469521
253718976
954063089
867198550
227406519
880844443
284806349
694716629
548406788
456371292
620371297
789233984
660525973
682767845
36901874
927417050
29684146
629806748
406882755
590987418
47247525
459308401
506958070
93246285
866599126
919080954
558816456
962674453
330001167
135648818
671451525
901259216
947721946
722438942
18215404
922644541
30978241
896208873
999147008
699724097
256209637
868909534
750932498
134621646
571226646
439329127
77829558
382725606
352933814
258711904
294717764
215509034
909184379
409677115
976178515
771967116
748187289
614056629
258806684
582917329
6743222
700993968
101814343
12807889
363350773
425725732
49085676
16659556
92031269
208697207
707796401
547657623
154417573
356152827
936440485
198052998
925619222
747715436
3050790
541544260
30662950
801087132
9445152
560639176
193294360
406276192
346938205
493014109
825025367
297776666
302384960
118301780
965822434
443166907
346479756
841054619
930020667
26706077
390200076
105635600
348262700
830310518
55973893
41866624
180622604
685612396
630359492
888071023
294321050
795572412
805379686
808819736
152608923
471934270
934088080
951218469
950147478
18585382
152738146
403933796
562517420
503223611
718225076
171648883
467030200
901367667
767197686
290410912
934424544
82875361
93540877
870041281
341334809
23110437
760719256
311981401
203118425
797760408
895269412
37261764
484047537
835695968
493018285
742104079
675771686
17323441
692727847
37483350
563129753
626095104
250408016
640017618
319604776
780974894
281925019
979856069
49460695
501305276
996300612
902744851
252264183
298811259
464504708
700325702
393789192
261796301
396370318
701644453
629291775
457487865
331202927
676580301
307182098
110665832
412810772
657001107
636797143
44371464
531195013
782314857
492876974
29149713
146044229
88895066
599697294
917992430
276384417
806638840
132424311
600780420
589099936
610039202
470563434
486293455
641809156
721163732
2525902
1606348
406473889
673017220
251830880
112467591
721487409
643720117
945129148
967645363
604207717
947723009
550421044
574747938
961489921
148470524
1952167
273360563
26336791
496496425
287229967
632177222
654435056
568002858
128286085
711816203
4972262
498673192
220246266
911183807
749231442
768458265
583619283
236018585
117564713
78012206
806833293
37135128
283074764
625688415
855201425
430910130
254077673
260480992
533135034
347379921
793865301
518487510
133287419
795796478
573339880
690052314
888455563
800776370
4413596
346638392
757770176
644914982
948495099
131606885
514335295
93177429
284128910
932011093
155933683
853026510
139782707
290663264
115185411
22533578
573089121
76066108
748350966
56162608
824733489
655971606
673785432
27042044
61800274
74336118
497323299
373870157
438736049
690396014
384330959
663190858
25742349
856135966
750760666
376906631
350230039
386467249
191174563
826936676
78101346
585882735
991986266
113319208
971701640
960841944
261979245
77977191
418289340
625058851
47309938
280545047
763584747
999148829
884572660
184534989
682298760
589918639
134935286
373548225
255683791
132426559
434946000
54126245
383213682
326862915
269057942
617575681
449458191
753984952
940631137
311821105
791472433
582757900
413257574
866049937
946783934
54823629
836920411
635567308
555344459
208816676
166530632
407466551
196086958
99006269
277569760
456985293
217252347
472739389
754535693
423332045
740264341
860611066
863096043
146845631
41308463
353723862
640872162
161942482
536454316
609405482
326569094
183111958
517877575
869294498
26254975
768755236
85805894
155358558
588463623
833731662
321110785
21686882
580462363
843400971
496156612
411862204
584468831
960961812
314742471
453411160
456525593
909776567
427612630
383895184
715357476
907805409
645446726
601168673
961424376
362537445
920196848
195115122
261116649
199876398
300467970
82308755
4339449
277122613
647955833
203136781
928793102
191542818
159427916
59236324
65830790
911288191
670058749
300047131
828343327
536075366
923493080
728309069
771188297
670901539
173557619
691120176
360265571
634160517
247954891
287838432
196449662
964411161
119016299
331402865
67975214
719665397
769069316
12699196
209674994
416590677
591266471
537396532
982805809
227163329
763336193
215448430
346461630
555907256
106340986
529756485
49375929
346887008
88568467
244901651
677814178
297500049
781335790
427153470
20471983
773274427
823719501
226631828
381014944
143854727
781744003
272292141
420373699
108286192
14474079
790563347
234950447
136395611
523411491
588655995
557541905
926196815
748179014
638911064
520263469
990978007
111829629
501529034
61388079
14434459
116612994
673859042
300648286
308867565
232816113
942731075
946231667
24866195
580485192
839848160
187393325
836531916
21419977
130504332
162355677
534197076
772453061
225622198
200392185
496247653
32230229
146281550
277896685
752396799
39108229
958886497
39439123
729578432
674862901
619899922
393630311
785495759
97620233
785750982
356582222
102030605
191057122
336245995
150123957
922784512
991217295
118516950
524835261
278123334
578401087
179436040
308954485
181639082
578530484
237752839
515062525
963618274
830108866
480323153
24516196
258084989
619722330
102274695
484449826
722431457
32433037
764864151
785037742
177189889
21973517
680648505
905237554
11036217
224567661
307348210
837977175
51350207
145562048
392509013
934442182
78266980
262197163
715869285
483062600
766504311
41610404
538825789
184154153
79825304
298226210
600260826
702583340
733711184
502880125
305141469
905721629
139481594
173202683
289453078
130043186
862352801
608311205
631168950
340388893
127037366
759734293
583781154
669517655
123497404
668347562
631415642
332541374
358184676
127697638
534761063
947018454
519569378
507135030
139543036
705653130
250263465
732334949
626347364
808847576
792570179
746195378
336541024
129495158
751661276
797468748
155104199
126298497
370036659
56567496
499368272
816175054
73518659
380530879
15801926
73259785
704800376
343906754
884696664
272518969
590574112
62777638
222070409
358155868
448323671
23953508
12005739
441821737
90396310
328090313
211089414
183968141
864833480
838524857
693012430
344335594
754355253
179149683
319527573
825579017
738988279
495471355
825714505
911073042
56340903
148968513
807571998
45486678
153765361
489524621
331960716
776944390
851438413
166669391
207917490
678872790
730083889
182309290
973119564
228153325
984733260
895270369
470551784
223811273
252862306
538443576
668132475
243555107
829685079
215401560
490309969
483949715
702162956
149038078
569858469
333498910
452986932
93883635
696798296
304934398
26194823
136219153
81529686
708818256
900620742
888520255
193173739
651968763
777043806
650699063
109229838
261507699
726418210
920445867
607859899
769970971
634365190
643380654
933186599
614977617
807464696
864500387
966648297
786643395
962874264
252941436
547005893
285709808
95055692
751622712
342685829
824325328
87348705
643262782
856314767
969629878
422449233
247187998
520143894
511955771
269373444
621033244
543146725
127038705
141823975
411541
532323372
809768164
126350470
701545052
664633560
891887565
594556925
579677327
266726816
975013524
111958892
30321079
771173880
98097580
283457767
449147664
597897997
667525355
906012370
1107554
742029274
982520176
506349411
491283625
820488611
869236412
491206954
148065656
429106402
701487377
626109664
520129938
951715421
578805009
478646260
970322742
814820263
66734514
416249662
580007602
18301505
5056729
86589099
987132983
104771603
416764156
834139163
275736995
452678441
104504831
664828484
525003412
85453057
146016615
468046441
347079045
531538758
170779997
561572442
759707815
810037253
317418705
806076884
22591270
969771099
808303328
496085510
449311953
200137632
540155521
894047821
183088336
279181399
50857146
133885683
6519670
214904072
346753897
511962274
962289107
76148694
72752259
527566359
685393952
197097797
878746966
279467530
588434825
366585262
790269613
509424203
122671727
345379926
46349664
217455888
71180657
436435345
115496598
382788996
1588046
46181266
766702008
917463867
321331110
487956578
259466542
980388476
206364306
476376442
780572350
64154462
838947012
976060875
170936828
490508047
590679802
646537656
716058858
394471282
802277899
631309113
736793071
145540740
584267824
49686266
798058235
524899181
822342209
451825471
398500676
863594916
290114636
385335527
148684150
803967326
558489528
893092620
281071488
976435014
259754489
578528085
432004195
708998110
291180401
469279344
835793973
770482865
116776
57379985
863383003
804447381
66805554
174043565
971260690
902646275
845925392
827654473
412206030
525111637
18030111
778853620
509583231
33767798
907508181
593830776
466948887
568313112
368710947
286370914
13340104
929183544
994059796
338731620
521402814
845017833
224686644
469258198
313900927
719355442
440379952
102944899
442727438
92385140
584309057
932850410
329574581
906902246
493865769
617106660
684007375
233728713
648703835
589081086
662289700
119979594
555018826
612927078
916273870
930598556
694493797
192544777
736749673
382595403
843303674
876678114
832814476
726507520
455343448
665146280
924223471
734389845
287760011
319148818
736669872
540093029
1199847
767021221
553432866
1676553
570514105
505163978
656334748
239604331
103067166
969589732
776701968
836231955
801295697
493792751
199041100
960160694
6433840
146689648
856806546
412588975
378622747
137461530
133005382
442439651
136798884
479395621
371945884
889567831
760372746
941897193
441695831
729228122
265756812
311835418
257876043
135192503
14494287
742857586
216952925
54159743
563112306
523951578
862647267
881539793
715156935
794540609
771207252
594689676
922698805
237841677
626014651
684944622
121808624
757026545
135686521
489474075
145250283
397626900
321332701
943978449
583834702
44674866
904582687
893514787
48609949
508875970
600021708
184704582
311007479
653355482
996751004
338047219
632149334
527659832
280522426
222280177
105620649
134417751
236761951
878019436
729912050
550215054
230646816
774139413
488069029
268334215
307482149
847895421
513901724
488563900
874397574
7760803
480210479
556836074
884497351
872290231
108078302
294199053
63537124
464349634
969944427
717415845
492369447
339688805
544899017
372389617
951263471
807272121
37003526
334708677
550633275
748055945
84811907
315192846
286066755
84334041
905572557
366154436
784188957
331299763
922682953
669363417
123132967
35764689
98341675
755679031
170931919
733329531
507744437
651282962
437185654
999263123
561942848
248917034
464694512
11438120
233907928
971898887
170383834
796060333
242122474
969291417
766569890
99882696
814059629
160553553
902674793
581180607
744682761
206795510
672996454
935286716
855231036
817605008
765234251
215010933
542976984
365873087
508645015
94370181
729524858
189745997
34268422
976008482
129310994
892381839
734230756
122514253
404135341
937872129
4552584
686478064
295123277
738215975
555901410
252620931
726552685
836460020
627051285
6734909
684433341
987213920
126853264
11571578
482363396
624519784
731207861
372614554
565405006
716327421
124033405
874378467
310057923
550990667
268161208
508681343
122825142
542820060
153074383
745302694
111778461
65670243
708508542
564563889
729398018
397312486
333782896
786401103
895425606
840368038
409644426
568624870
328042938
70679252
740741914
823644720
601365758
146168127
763831452
25656361
400754069
543978649
291816698
158096612
884679347
530784361
263039822
214421000
143474788
738571794
888745016
566244812
981826099
94936097
882297975
586473100
40734372
133785924
540127121
635532740
74183312
476647772
132016968
797408652
703015660
789709896
118978764
121346576
988609768
156856126
102501099
91393483
118990615
899073979
71217858
503231576
526853705
166682245
633916452
826848524
93345256
444491586
268764736
833921319
814600515
529851930
229765920
514955250
355970437
588421497
256547310
37669950
49645186
21025164
884599175
640724326
848773384
41868141
649648404
88970937
359629680
116946133
984598658
877149138
550662920
787271268
393597150
143041500
126284203
96414132
437940784
964455797
444478669
210018721
695227261
527623667
748745205
622703495
904968662
931349392
753531801
135585379
110528569
507732905
310350023
142295386
213298106
786840377
610196797
73082690
715508585
277146308
527687867
133832871
256288620
144901407
95515866
745038528
102244560
666704923
543550585
662412797
104716543
159367787
503215759
576751520
329470683
797218629
492333523
305739641
680244583
365296048
21001834
992105045
518031050
447503173
754086725
711620056
173387273
381600636
249110237
837010350
849377701
919731270
672280826
26136971
198362919
130347779
76069543
997132674
67173803
989380378
208220693
434390023
177669811
181761534
380619718
718704896
350866811
177417746
937621719
378458694
599356108
129133991
177302781
160088819
191750711
86966633
789987823
538322997
619525841
609917821
309493009
837195028
688200549
873560662
901868790
932114298
884319192
498159915
43584672
544611379
87406899
612790903
863365109
820024022
743469315
757365188
837738835
999663082
167763852
390620214
432536444
850600968
67541482
896488244
614287051
339542277
296513532
904606030
429510291
83093236
642317600
991135625
725155713
653066471
622994532
333934484
707217308
280294792
505005202
143445636
475925372
500321935
741634559
117196468
802503409
538867326
161290551
926547082
800781969
19375363
812405294
110931576
319969734
34167820
963274573
798164714
724327845
900304717
827683856
275193809
551044004
368940072
103666741
568154642
120880646
421143364
461803997
256044464
723148942
755118299
476627597
680474400
327209956
927652053
274107026
958743931
18853263
529457624
577781027
904222960
905563779
315447940
870752334
676955538
484419413
382095692
556771051
231903635
85840552
581551198
938779527
945858873
558491662
158562463
285712383
212059602
686912342
810177413
636695270
962376687
799506861
211549854
652721001
674021660
696505059
789970720
977264504
70019813
932255570
250656058
245091630
17415956
853609983
258928207
736384644
930680884
992466547
740839908
824137180
292738202
299426857
139676530
903221810
993971202
365151233
792685604
898810518
391276789
995857076
748529626
882335697
328447152
903101356
312883962
629135463
410886792
797071188
206260670
89876586
540492735
111111945
944270894
866230598
981763897
97494238
69901573
55402480
408260621
378370078
79460231
20039452
80399725
191711907
393332285
158809399
26222237
24100540
513198763
28109504
672063804
468253850
10405850
551019654
926048243
845789083
539238155
35992749
52539978
781552207
813698178
512431208
186992847
380620314
121004579
192867555
76838762
510015019
424960027
100980763
602143185
643910937
616266488
447183687
168786917
590571173
377464778
833270454
850085433
60685664
544887951
949523306
367840037
583346798
708358686
774747619
719440607
4036469
975165398
28256383
153147401
671528597
617038624
423496918
115932447
570182355
211537449
676315655
326090271
597900621
655238386
18042834
218945084
925442556
945416313
658288987
489058732
983629249
868036168
759950945
157959303
486717630
924834753
337092645
257100817
33123112
89547476
93182492
787121224
152504750
757011005
229965695
183974155
37153540
728956540
118899613
22057276
99893688
863087011
489483574
717086698
639385147
37896941
36245765
759433756
192829500
126072140
295524975
469508770
457444473
793217001
832837407
212686980
413667871
149803011
445488298
316295526
86068485
454337881
203079701
720196150
580326851
747827192
23260652
695501347
69556221
468398853
89352264
136006017
131292111
133240318
951702650
329669651
989721764
957154947
75355045
845791570
432064575
581342237
143519350
121349701
201753389
325120174
547467173
21104187
820159256
763536413
714149203
529633980
62760500
695495
477467077
364095592
477419460
111145355
881060061
935980690
684901339
806551564
566878752
104488282
128972270
786921321
29466972
30987847
50834466
353675100
85643651
804929245
119279206
875932802
507845628
111967764
382160905
464582984
423389721
544008588
500869718
423463952
572864665
301400316
967550084
381940116
765226894
131919837
877917415
920868152
364328835
694130673
24406615
387325970
419316557
428775311
30543628
668340360
406365158
122191160
652683620
951040864
390741805
318703071
724516124
547281259
817578214
607050488
490658291
823134950
204481707
375551987
112085356
28940880
506887061
610188940
652311569
464303651
688415391
210653017
570428690
891576059
433831268
725657362
834893568
222579753
466968307
284334465
57845133
834670379
35389599
970904135
689601119
856629970
720669643
44458399
413299687
967606937
700962346
909295015
645908603
398467597
296532281
557696334
91108257
836984824
914988412
401964656
809146099
91170395
738256979
548505835
380613995
378410362
17049496
700057066
143143585
261081154
982274636
420456827
709652877
452758022
128275338
959431718
147581306
310256482
585435135
75084437
938566002
347070743
690495124
274596879
925173446
597873264
880928744
761600930
447670205
740878848
692722717
406426226
167042539
760849468
546142346
23633010
543046119
79050751
103845643
435304053
79484340
829791877
189653199
109605870
104772148
349471074
62555169
420552322
515027388
374329414
709117890
61820521
283694235
911472813
220628607
2286516
425923452
142294980
780128449
701542368
181344474
563671413
975395167
370061899
787309588
339037560
503565068
360400677
128720851
598849390
368708537
363706013
838012365
625801130
343192901
540811710
116058624
16255195
705069144
767753893
4193789
181079889
36111170
729518849
976041606
839708757
382427286
632326431
586334650
15522198
710980182
794159023
539060781
347443882
109757377
410277316
698767245
838261254
773541862
927163927
635144040
429666871
774394092
584319776
981785098
533526601
615070187
396055941
715336213
194743820
495083160
690550562
397715215
119173379
928591552
527421569
24429475
100733365
70103440
447281725
361463035
797958178
815660889
506262062
285953498
894779763
992206805
865372637
743120167
404769207
592964805
479774655
561201750
515371857
442158199
484420982
557365377
687420726
41709457
339708376
837679239
103651407
804677308
660566131
253161201
205183911
43276654
401298515
571463621
282666898
766635247
121539017
379111432
146652713
188426045
677707195
926824126
838085723
259790016
914977526
82779417
145439443
247293784
718494332
265896786
302773294
881516794
905595062
612345515
658191062
683498421
371628688
500873646
799578476
12222992
209928357
267323129
168364388
930852686
724003628
149947176
775210823
312521919
554250160
750800105
910260677
724339668
527300793
226045757
635021013
484476342
939363828
756771495
479647654
342551209
73093148
839320742
52781487
842678556
778997628
909727447
252031855
997126052
847149326
831284336
74328401
710433875
302373885
101452550
451467601
247029774
119215637
197873797
168004410
917949521
263201400
601961421
370818627
993160685
689682265
46104849
571184248
472092795
314989156
736024786
953970458
537341315
202426466
592201660
986143260
522710473
415461073
80661650
749563014
236716182
736286081
738379151
9730761
724957612
831572636
143565225
212235154
816220392
707231854
869325340
19500116
29101564
837068197
582611197
117194997
260690160
255887964
617140250
734646065
879402207
208334244
263790601
76498000
412722630
973831309
223068077
575610908
86005106
299108367
846136859
815879474
749968077
178416942
951372795
114810161
383915954
149007142
454989655
338102889
147107710
648623860
17569219
319574132
124146139
703276320
100141513
855017224
640701823
734208216
621112360
766262907
92505403
750713609
78996179
381552945
64231630
520028123
479469776
446721191
411340361
913299911
247325902
346375023
940806577
19286961
101905945
204727087
429344612
689272937
134394518
852341323
18581947
941663690
550189558
773730282
104058758
267069854
24172146
969093727
788676883
39232261
571873228
787150228
38686194
864863491
823503232
38320645
506491084
61424915
80647498
703721982
590484353
551556522
236797072
322303607
959249649
851858762
660844567
795921511
407542821
324554754
324819243
616686331
693758124
145078138
959387619
84822502
251783385
443928579
872564511
840947044
875247768
386486267
353306148
62422194
306604526
203436869
409962196
749692429
946603811
483426567
910250646
965882785
437291913
935106410
300884546
378710043
370488992
99795998
59812152
413128240
824137667
761756675
771349574
804469147
740094565
574504705
735089784
171506677
558530985
4762570
76958150
656514526
899226638
450846844
46239660
271751484
212815386
671728617
313935802
454008084
199174090
638939165
742592023
975012165
391596366
596524708
7175466
573246224
795806290
443287166
687906851
939508558
707540844
836238232
838340533
466971077
299124952
94661327
308126321
629081713
767022727
977843307
899360025
91537099
408396068
414674107
841735174
143479039
671570407
744858009
91169258
816537094
163184042
232426195
293131943
702609097
405557365
111549893
910380900
629512271
45559098
75083311
428004910
379227810
171521968
883566769
438693899
877900704
308789687
385486547
181374313
265995773
654051965
923111873
432125561
118665522
106396378
823545631
51083473
612133472
126444229
645374641
285988255
75082379
294309878
145875272
730457379
419305773
189159067
127429615
957329233
245082980
240766794
864644779
978116527
96027878
671884157
445304483
891980244
428774645
545097043
125174651
560386531
593863156
947626444
497810798
92313824
841748475
513963547
429761034
585801583
421327257
112990369
719292266
260921923
614567317
428925071
699590077
549894650
380932233
238455702
645414879
375068160
949128137
57063247
392520303
628631368
737745247
806055457
228630480
413810623
823504712
640608372
755140543
764301915
965947366
128137130
129671493
56603858
797396165
696408925
8419488
927137750
13319401
921467750
195323130
333781015
476622076
913856354
155884065
769470904
587818752
868165803
922645973
116685986
611496759
109395983
38394168
738384951
187922324
858784835
370006606
558946257
712315626
512800576
198627364
669843796
404076041
356458752
916754605
462697286
917031354
965932862
715040398
321813599
252841421
198639482
595283904
700985066
567051282
82297025
397337745
558463128
145053370
623246548
251093113
72204531
134017792
73790056
51952466
61655460
37534726
53362150
956044685
635220364
4708113
669014287
99867843
994947172
325328562
635042854
768577286
196980633
918625385
726540323
924849869
20428946
687775541
610635066
329448548
98912193
786511160
769901254
963420899
589921555
102275798
20858362
312973502
398320813
660571235
302157934
582635989
101716204
965384674
762858849
991268602
863942436
203509489
862200148
13843023
141269063
93556424
540689829
884801298
279118971
968817047
912678103
738202471
378172661
879649979
150510969
117236740
73212808
415168630
498464687
963372330
124597608
41072482
833287476
533587662
412159984
389748195
136508808
89622002
368965873
263647675
208309604
11540905
176077222
901203917
596360047
295948827
499861989
745782590
703929842
424779611
87267804
893584922
68212773
572744773
923960796
270682840
293457663
378597715
28110012
28368145
236009274
414143801
106538030
645748305
316019718
889684459
667539126
676435868
873035151
246028598
669897321
189165374
507188718
82397432
840665133
622764045
126597013
129617695
686235752
998601606
534251566
998961045
176870361
98304170
386749307
775329002
678239539
663256602
374750983
788764868
122462238
72165405
422514953
60702000
714574306
380985201
589397147
84930390
698903868
321793689
523315435
527900879
178323244
55665128
364413012
184220727
456798219
72097626
10022570
918572546
951466564
940619527
600402912
443918088
670052011
721749692
81211523
791531329
507393870
197402970
197327035
343260077
271820382
17386009
665433592
527729403
703614838
819030369
30833927
32254520
201061748
594960685
6887859
380160471
560068222
71927484
320533047
10464077
894029306
909164461
843267357
540090904
982549834
598960532
12646329
424402933
631659416
702820436
10982855
34714465
338306231
35031795
35541429
433469551
617245899
19154816
902894723
363536093
402323931
908278663
99639175
847466626
335298929
489353283
93515721
624327314
811824739
552161018
6779783
919246943
354550344
505635179
422515914
555447154
141427121
809486563
910879566
375115259
386921179
660480220
518412361
109737042
817923838
778306295
122948986
315764122
220894461
527088227
99481116
258497265
114479252
129915652
983421367
38163675
914203347
876479420
578601463
400703164
622455272
25844692
980812671
186076786
530428422
205875828
952643541
867470299
347494952
118556928
55337429
860312446
284367511
636150012
125381156
889664465
849456769
28521062
682781690
864844823
132403081
538796284
758830480
142608310
245332286
380520110
374385368
7464319
886369083
760677820
343079441
866788041
776390260
944114467
782657187
709055256
998610228
32541761
688662666
348424931
45732066
335006662
55890407
375256589
103029955
370601839
658003498
577570076
944532291
794315105
504492813
292962376
889046953
436035397
467964515
334641041
608614949
193897987
674174730
613739047
857504178
205039366
860642832
524996142
160228884
704840481
1411007
831488272
3139571
846006003
184437818
166352614
97125797
525134165
544691771
889445831
69330968
434395351
435136131
953490609
251136177
76173414
459612913
328305202
822923759
106499982
902151465
199148883
330518989
930721055
494480779
623207154
357253916
537501779
661807662
990790312
92941515
354223386
771962339
398346735
64026289
352434543
38901527
220513550
688821974
798016899
551763814
487066050
664146944
770560148
474843207
793291036
583518837
542642815
336209866
620625571
620308462
982553106
982579435
258875328
629740929
86305716
611422196
181073480
867428260
937025699
19387915
115071102
933867231
619360550
183869284
868923589
738367317
322632814
798340376
652265562
189447051
706523738
944448661
824237936
568011650
993730717
12116000
260558003
414752837
2707581
521955870
92332375
523401454
267774866
742254980
85567510
589299938
495517950
127179897
693479871
199017257
54687382
665508548
138313163
119850533
668042460
524373465
930458563
795049327
857560728
1942992
711510951
213034132
160113543
996601681
251864839
395686706
135730257
898264038
508564582
19808427
141638443
28436048
89541150
84502419
656646370
317917944
166656402
303194229
449556155
809412389
677279237
807816879
133822145
999226899
913767107
518404693
804854537
101259540
31455969
286848359
707009432
660272975
906222260
528089741
149817556
288874553
613741798
918237725
322074195
930059071
401702781
453009627
127415943
721269542
474054402
861856403
109112710
174504923
822461428
65500464
671952157
557611033
100801473
891800778
790290183
107767920
941403894
287067216
326021736
152976171
740831108
736186535
609010738
103334403
764537381
403167977
25233309
355358399
684420599
502461883
610748248
147834171
138681444
542465915
614151669
99438400
431758701
39969884
806844233
493211306
311876873
333594888
687664071
189507276
826274175
434194190
133741289
992358441
272747930
270783603
656434005
232972649
325670182
846379729
678521175
971502993
15396495
509878275
131342148
535643114
251609374
93002967
60446724
250695921
845490285
405674610
555107191
182701464
528770639
805117896
568313547
643383850
852199727
555455617
880824763
447725635
725249168
535777403
141826786
147453321
700336336
428888038
112434308
258265686
77031159
826854369
401520192
87982773
616898170
252301355
323945131
617086482
775807382
153494915
768598975
669223200
480126615
990970299
950451681
226412802
762140997
596376520
951532319
754545862
336584920
365847352
196984917
592054358
411876084
234901230
235304635
650828266
512589288
468465894
493595321
923080369
146251402
575029095
975701888
386958880
381579623
782834609
6296743
48829340
954424411
846620161
888822919
608658124
31049558
429741353
10438675
157189799
951317695
29539858
806743134
485722350
668894486
303964533
493376321
313463785
638065213
216682892
191699166
1701344
504267946
624553493
802785658
612760429
911441779
67681453
797174041
340941912
137550809
16474616
837214583
186906299
141618321
63141045
697237449
39362779
403835223
565778753
98122026
69314948
386310434
571923153
199869757
223161459
749333789
118202041
850228590
410347565
7239034
68900402
465047216
681174604
269107098
761425096
82572490
980165298
204124661
495749610
316785048
347273874
707854422
632587647
113175353
429828141
813178600
77445904
184889400
259878580
496340293
72696573
590306744
9884395
598658804
829205842
479362465
750358759
717526217
297755463
914365191
946536668
196053014
151870946
537687015
595101825
316728636
594374743
263242201
2347992
21045921
234567787
999355427
729348754
239446387
294045428
735700833
708083449
539000322
762927487
49667231
330663900
581971602
124896419
619572220
948380667
437436926
235343279
426553914
52027129
178777639
687784121
92789864
798788472
34701764
429063216
901272796
273203038
95636575
531060839
7561409
173490280
600668417
424412613
73934231
591095179
729721556
96773951
817063727
462586155
809522139
232325211
442639294
841341589
447718715
986387340
494078741
345766947
854239092
135266692
830052628
469356757
34419703
250193800
15712787
231949706
61052770
448441267
141004773
612508527
694009186
790773306
11155253
827266070
375250749
650740738
217056406
949880826
529149752
365076622
661413670
86836631
164820014
735098836
505867542
548121467
113729677
17269495
342268218
871730335
762957081
616943508
886052657
791532417
499766581
714993053
343267751
286788062
593140447
528463216
249908649
560802313
143047795
265770749
445733436
885852099
914660030
459398862
717242532
672185477
251441017
470038121
616996736
621153426
97390552
9195233
132127432
149338660
707305712
480336339
484014832
512517364
685940072
441279616
710656794
249781051
221837725
16700384
618822102
357470914
882790434
134091594
923194486
943869802
601233120
559287063
747505381
448774009
341408727
215888296
538376760
899587034
706910358
801396410
200437666
825324976
15979331
177764139
82492519
826878652
223088293
84782993
152387901
238553712
343801525
89135726
155207803
918743767
315844402
461885634
877350745
750520642
92321010
808290671
618722458
123872722
795083604
251754614
550188541
767925610
12156523
105023243
247874519
250043274
86209722
529415134
643656346
528263817
686279113
411003391
162020558
36604578
573565844
944644591
560172771
103826600
240495962
388061114
336164532
128773150
638954181
106605520
239868652
128749932
816873941
572766407
326932916
108378024
469016354
918991835
298350279
474352108
913753488
12021407
668360740
744398315
552235324
140242356
633289356
582921324
961608218
292112444
886217975
183950858
746535948
113876936
174291088
502015219
109671127
23037094
499894899
820998952
830630778
541273149
2038332
574070149
458696191
769943648
38566669
761664148
390216841
868654892
797955245
884639354
658223162
156868200
60949754
586445044
903388588
27604903
965373740
960434472
509479333
472150332
773750737
145555095
959607436
868682974
555314204
260752110
876532217
245373443
759362118
773182146
664555852
376200305
335777762
648874065
141393970
727942620
964147950
858586013
38211066
10038976
80479741
935098798
295537373
703087346
517612418
843431963
40522196
452259265
41810742
546056896
955636474
764435654
9240852
921747196
288731275
875784367
159157429
117375986
170357252
304299235
964708405
976034243
99213462
563900056
649048664
657113159
721946276
697526501
793010934
251628103
662972511
756222891
359703960
590512708
608327699
813424769
770450247
459086643
549014722
668823220
766133984
313456690
866065200
217835005
46847770
135549847
146801719
633195579
296033310
919479708
101408981
979185989
75184725
639139697
273472665
716194354
840677871
730772438
111517674
123043217
59300719
569730739
135638111
444849424
841269677
138097428
892604997
785404219
471675982
448036424
310704842
103984365
839034195
756940079
827217487
365811018
227577779
919540242
321662786
183888603
472665313
796890943
851810313
924808133
576324702
176966361
774744831
555532954
64840643
722998947
502068441
320794072
54700964
29113531
151009961
879032940
78477165
642437137
783476302
947803228
321652776
136981635
170164879
17582749
550965022
746088667
547296436
47970126
333539324
808493055
485845671
769630724
823371651
572891757
493899042
649053256
435250756
762768691
422347364
80923291
737765814
761647041
297591148
422211582
253679417
532199952
140559154
628606182
345487811
442390088
80575267
970709598
885170704
416402946
784829704
480818891
621052847
128918411
27178870
79600333
545962291
795423862
349914474
305013792
505065150
102009967
589337264
120507307
106995659
673866044
898917340
821392636
593060704
487214324
8502959
869674500
317811326
174657882
35485571
575564698
63776004
146569950
746516599
313323563
988139513
301441208
382052996
242179424
262540232
146018690
603840970
433398174
755365009
38833333
120284774
454257237
844303542
251854531
13111925
791965295
113010459
502447508
371646325
769671693
46308361
927449328
38917024
52930579
626044871
669669459
40152568
612938476
36068782
413977356
771480675
514253130
893248679
977789003
551639733
675652151
292233460
921106610
588103537
319879832
19790876
815171515
813222159
480499027
188487469
131859614
393985162
732378220
641341529
508252192
358734275
437110835
802333086
679701139
301297429
865376234
401956290
773745384
678932493
535963343
948699158
585241375
986527243
141911308
154378437
377424114
103395249
341048615
759343616
758229365
769516564
623298177
177049726
41817321
589783862
225849128
331865273
441108324
480726408
209859449
962570813
871433826
881973345
62814589
461493926
829489957
751500967
401595216
937924813
113755477
668319135
23276059
737232676
83317877
847068996
14366395
969266941
736852821
872632313
268875541
952740458
40311376
643830705
633016313
865531869
5371294
10854869
106124807
2388224
158665262
552367529
555797790
392895911
829530844
345995642
306226219
725007673
121275797
48117395
181924733
304671562
21339971
687916337
24994005
28728323
128419453
966137659
254403272
937821962
223852392
183827331
113504768
276645090
767315119
530339326
121971308
527800750
1156566
10482383
547012635
873319396
603287614
881583350
471854912
51236404
993524586
674169932
270626877
386597111
793324219
326312097
298490251
221478648
780029928
338990392
1446783
146441437
318295728
549387289
398783225
173758417
444921928
857897402
582632463
107584181
302614176
388300495
136092158
59851151
822086599
211784121
82101840
184357313
116573830
340761699
157496273
13571542
354609830
884366514
110884869
934620666
437553295
167366155
492938212
792929094
380705058
27285085
441983845
67274382
15241110
913533868
598583701
127005813
615295774
596391049
163290529
763085897
314145177
297030015
878535801
198182679
967642240
542238623
723102248
716512928
763373090
582609917
188660603
941867879
698235967
976165800
132038578
562784467
132196973
816743524
977987246
13196972
293530521
943102144
998963182
938926938
183613118
421016840
16267670
671076976
466113272
907620445
912721497
438024339
957871659
787146065
393806140
226613939
735262087
235175371
651994753
904872557
531955156
446119437
385727824
547532356
137393241
645349584
63374301
867943799
610625105
655993211
605102395
107954432
283915735
275853894
188973800
626840225
325252032
806772019
844774868
111916709
168653228
369201966
818769195
174514060
450678985
720092890
915333672
659760503
441991028
922811787
895956331
358460973
417037448
32414527
697570682
239672542
525598193
776259321
16806682
36024126
222738707
619432516
133255797
236259529
163973229
752791510
657538516
706121627
267190839
968291527
156698931
394029945
875193264
31327364
250540908
827581348
84331397
659375206
595428748
454467573
407476630
402582773
946823405
303094326
506674891
105015237
970164453
894960722
399321136
495709092
554960005
856795602
99377066
992254139
120506448
461554074
93640972
57565096
776945719
890783497
7576260
744410266
969246673
347881960
884652797
158857341
520768226
927281213
103260870
850258269
453677849
528442901
13849226
433492144
971693278
644256098
330284878
894039936
773047277
552175874
714598101
113013645
997923661
813911337
572483941
739250382
873623602
380110181
328602789
969594500
22343400
436627434
286984968
621926754
982941496
267448220
32382698
723468754
48818892
63355680
419204370
410159785
175889865
466484711
597066715
851414199
815796135
847315780
342416995
948141861
437125650
692565028
30109576
357406253
314686280
865425018
318631209
789681215
306979942
255771345
288437894
345840136
303274588
424469815
847396516
970211420
275400070
162289151
515347212
132474080
299325941
610582255
451044289
298501662
885062355
661166975
355140258
158940704
347282460
400204134
788813433
140828261
1304733
149635678
855429697
546611780
182962297
394323506
229681588
392948619
613945480
224712848
110372474
407686134
209445364
106348179
23573301
546071285
902682526
511268952
97158418
475035048
806099394
84777118
969810115
211944159
102315923
457219013
956999971
700982245
929721409
64647539
680130459
413893903
31621718
278505818
67405471
167887707
699773863
398640875
585677527
567364052
61043955
736463799
231397347
887418479
870533197
545832452
205580628
335861610
570734166
17382106
517361062
60915934
300414523
44951020
592061786
213528769
581693053
949307471
299421032
380585125
359901983
896639607
717016561
870074682
286411311
571804252
254422092
814503500
583431651
191363938
664641460
49493439
294050608
873145106
529519583
21587266
215393423
593643175
647279765
510470769
216081062
106728127
851420230
549472742
383466272
53000402
53848536
29989047
988035851
723685428
859522277
143420782
231330190
366133522
217514808
783420006
102019310
943552985
879609430
291590858
467694364
691595629
799216125
575381346
22485346
897522554
729023068
949294
194897077
984325226
915867777
584555491
456773842
268637531
327230505
59903455
951505905
556297216
461140063
673390131
696650919
218582501
798210321
459111296
111542787
99550378
372536645
202495912
158708195
928692745
691805072
355794914
813687209
810311665
523413554
654353191
72726198
980255020
228482625
766536741
40717025
11290812
254994072
621395545
919927454
43394611
833682454
480273320
386024703
48298060
620636318
584529293
500013210
438002689
72663812
458004757
520744799
339229607
141200770
161076942
376225424
38995587
15286767
170507655
126390489
646396887
516824801
392999342
840265424
281555487
53092483
144114587
628982698
152990282
912868172
566746076
565065846
237001235
193427783
374343912
529243003
897892144
397339788
161631083
292839679
258577195
896019993
879972135
477772992
956137637
773705067
626568833
583257944
90916048
261443304
905024273
520790144
427232771
5364445
20672699
779208761
595743576
998553672
993731010
207425380
998472621
685454850
241119618
766739360
250773797
237371204
443668494
490237057
470856249
911927342
678047525
631789227
950791905
648823690
398832692
595620935
53972652
861704203
844790128
92420398
92789758
378648783
384801484
410532742
396258889
401005190
860798230
26451919
673623876
24505347
62098645
45177460
565143849
122773517
738524188
843903848
781971974
596378818
149796702
210860840
606975873
242406987
641928237
983415324
31918931
464725259
572812808
395572976
691382373
58559612
353576053
234089540
894952254
774888753
544807540
754146165
994774375
412931072
51886449
971673902
656881930
643048340
16113504
957374621
294762842
133186221
859217877
966714704
619957722
952566658
208443635
459697552
772455203
806933041
30169201
980541291
678101557
491780204
101893245
504002391
49738832
695031654
50515383
873628599
619564400
219687994
501253315
224921862
340047348
552438896
409636433
84976676
38887137
29678946
616215170
574098251
33310449
272744463
53925597
991472189
226197351
131327790
816607685
257521901
343491506
450628209
919559621
12783925
823643801
216684599
621184839
354253196
867966458
619864954
894930136
324076093
411411393
354111241
367670259
899293102
202443867
887697985
681548020
295761179
599552875
492739710
521752370
441785060
204105063
924823369
982886668
91360418
558657317
153944374
751531952
385148570
972119983
744736925
293321290
337759884
878240195
124273994
583795384
34447840
696402486
931532016
730273809
636510165
481002814
285540632
470466372
358287408
348060625
470310493
264901428
697202312
438163461
223201726
842925196
759335190
163967154
953061718
191565450
614905267
48766042
129997232
735660669
116242981
735037439
8863749
490750925
75963365
823238912
704860025
833186689
331848879
808939596
855088650
280129634
499317363
171451240
612544145
39392645
924275239
355345482
323529322
407182447
467461467
662433313
96083932
995652366
843481633
58506237
650664218
662071157
958841232
10257195
929353014
503983073
826551899
385412449
61497206
949209143
912017669
864065148
877870892
586059650
264050995
891761718
691232394
250143919
866113454
39769039
294307251
98089111
78395542
258926443
61172234
441473390
618714729
92391833
985114770
637024486
597953836
375662942
113170523
816832645
588632181
525213621
241191874
533468808
678512470
653223139
614765560
388375784
690297326
604932886
861733879
487213959
428356431
416003540
48405560
486657004
837536112
597245602
573968683
299086322
940653428
952193161
28450588
271553350
803599581
583203336
284885691
416974130
382401419
321815178
784986558
43957426
847612645
757908514
287011468
823190556
508115856
398130009
783115405
514613543
428562639
842010425
994866243
229373971
878848097
641558302
398376538
243173442
546971555
143366219
275715445
696280113
944101951
206529430
385880307
975464774
198866854
919937822
951304047
576847945
668174099
644663437
850868682
17854429
76405466
583942590
278680299
973364806
482275308
100224980
469503212
45183362
57578738
146202799
112625632
460875043
78467336
112346978
795676214
403014964
81680606
481315839
286422842
15682447
302425474
274055452
568462490
463118806
771723235
376696823
580382242
834957570
768261479
508086912
430418660
33005172
408316916
599005967
427886641
443717305
78666436
156533012
890634050
476039223
309110952
103271291
518643116
789260533
87234042
9121648
126920333
58300611
639831571
476063066
774430380
127765878
143073643
583939891
501306383
930482274
195432020
717728622
685372866
22687990
436019267
220130109
510342729
713620505
985350820
319655659
703986311
348061749
915515386
123505668
460357358
747802262
507596857
702586283
518048300
679575506
159935440
320582361
622511643
518531480
608634686
400892656
787880421
508696831
737683796
797036916
659949188
389067834
989853124
811166586
960525011
58137033
18545357
130390551
780295187
23072068
620506205
441260682
114012881
387505293
16270341
4866347
919172161
547141995
503924177
283592238
19795245
517949645
693397455
520571937
994997013
415214632
951949077
808053734
280527941
578911355
345521234
855906290
413707159
117252223
713179772
310159740
393190033
268856178
237320673
512984207
703662129
24993262
284051137
908339363
904940420
632467376
240498173
117362980
319700283
342955621
774073966
293865135
225348191
28055949
142815167
647169012
713592229
251064539
328998833
534439047
431213266
900435445
506088645
790678830
658961302
540195076
198232234
682644378
870724873
502595963
680537953
246685962
63828585
943230776
606622670
233067899
166797962
528259501
434138283
67460629
940047174
880720502
672324559
712043109
969656053
838351123
446363313
793135454
367328618
211408687
322622015
597274585
703067025
831703232
170410724
994496270
58004668
308996151
316412376
131726100
108221500
470519627
962100355
238536841
271436114
162353161
722805516
562207743
932590623
137383350
529288855
486820385
453010427
423842110
488973151
331963884
619496516
103837568
153255631
151488255
698320373
893982177
870359984
324050485
437436906
912538611
256853066
159923923
809003373
706038276
518431058
766150551
286585401
466234222
868345115
261077852
503256662
796084413
502315964
9577433
285814956
815956011
654461717
640753379
459539161
239265137
906053161
302648347
135897438
885246168
936686125
307082053
896112713
418707988
824412770
505428700
398759426
813516791
319267464
699121678
582441843
236691902
683882393
829901721
126520893
158127062
887390191
801283288
9497776
802664389
143436296
956234375
972421033
82841503
84968532
64910818
990054919
35797562
95816128
523309530
715858354
873147598
687022742
345791389
493687126
453287283
502595283
828543118
357399833
791314697
893226669
712558745
238057024
301987075
111881422
133668265
38243025
957508387
218398720
270046736
605345636
77665105
458109741
736969583
535033720
683616986
371982442
220522502
201233424
18431908
691624494
124352246
171578026
719590276
829029461
941354157
652138871
688173401
16830794
366354205
78895852
931984576
146688476
225859465
475186218
884025251
431620130
649188040
119486695
110883052
473255131
134982538
144934470
412553202
46326953
699911414
507444805
11577829
93869414
78997007
309436067
949322748
733417702
248643066
461833288
68671315
698950667
9218949
656654580
323877114
484980363
308102662
163432972
382637717
362814674
877592869
866469543
924336773
110744643
275186113
204838394
672971009
59285477
626409458
528664048
160564805
561432174
908991638
636664289
379720714
241562714
336894474
93142607
12335678
158598829
545636099
610376902
223435668
537249655
621404125
916271484
485565059
395375487
283385350
156853571
941452136
165126776
724722142
895058831
693520272
979313355
477822328
473065256
56790961
10529963
461256661
503427270
292373395
799874571
663543796
628989094
69272288
558088042
319761354
770505026
931715955
535316107
977538454
885814577
929310304
245945671
249857347
297261221
370774340
818810855
820533681
863374319
727950854
827202930
88874053
626504533
862610058
523121323
597625929
641254229
842003731
474890799
945837649
46817518
896343421
459054811
315675896
124598604
93683787
974137050
54805081
606413576
109997853
277540281
531721081
979000073
1363804
677347
41106262
523315048
113684694
105097221
228417285
744246112
700855469
958096554
352240637
807732300
696431368
970669981
760517207
954154566
413174091
377488181
392085714
498702165
28047517
865072438
714775775
125385681
54113671
91669792
700632691
870453062
263206552
94116494
53659266
5001439
909038972
934907199
27573496
101908641
299548480
527758671
337596420
113845044
547444631
443134177
449333175
712733406
372211531
215704721
148025062
855709375
878364623
13590931
48817600
176412583
536804911
91274907
823196243
137884495
92620075
807698922
330416632
209271162
779457413
86967403
73385334
566848499
116067273
290534822
710103689
213300367
84042781
144288795
279715911
153007803
929243770
704395577
680333345
782353100
685107243
288831256
241435309
778051490
848104363
498985085
382537790
803343184
355854519
107497696
19952257
99352287
345030191
316814899
26708070
445485499
76311854
600797871
62714328
872962256
544973608
680542091
737018648
453265738
453757634
482057291
848562070
937446733
719370004
338248392
857772516
476319087
159712253
888139734
840822577
152860684
64166606
772811733
537716441
759743353
999990181
368212575
77562161
560924019
359133686
732670798
95613514
935520371
381396713
497966239
717452994
434392814
278938909
737568337
928717982
439756875
996358500
602301694
608601979
996375471
41756331
999748386
981733010
704637684
965573236
191710189
100508440
979886710
121288263
60260984
300906814
209449992
288880125
670073640
433626583
301827256
873726797
213303029
783257020
954019615
976568196
965749845
86757052
613712203
701680535
319404064
980829487
491216099
204152638
266417467
124898781
315723372
6456983
686279657
771140258
470115992
63698318
552254831
625553280
63191757
648358289
431818123
649321719
383878043
695575547
821878055
298460079
405928178
441128568
305925206
573988815
913971726
86078372
396034226
638376079
117630989
978013104
392545968
513774898
647558589
28600249
157099427
121854609
828772664
596786632
81310042
682749028
81528298
956525941
773747908
824985171
278988183
722257626
921462986
140539161
358520966
938307516
230743899
112875727
702846424
872190003
290526240
352801035
493197084
131234611
546687559
531626269
3072287
496935799
700232470
132417690
986186585
869662861
435120412
677990385
107852104
106013513
399951326
111557621
552604932
743219049
808108835
137380768
401347083
783134786
649143767
345101054
433361110
557845728
96765948
993228348
554385526
150875579
432805270
290378466
217849715
75706301
358628680
695803445
969812431
297156787
838053010
550121239
682163595
228460269
606738559
67774071
449944245
634953161
321303185
365826104
276170703
614937504
458831862
706669038
454215475
667258408
195136647
935489019
798717255
615682868
873787825
307741446
159872010
85964755
147582101
733437477
29103177
413662175
117564020
651304046
854138729
273446571
649438817
638506830
246962684
7552938
621804359
993865547
459030231
569642528
476004056
196074188
32423483
849546802
347307342
446642582
366314503
7702637
595335726
984581652
805691722
26093653
837795252
660119126
932945887
36574410
721216171
342126717
470483610
723294630
265537288
982328823
320778970
185880811
868268165
599062289
688128929
478774870
315095359
52356575
403281317
735577302
127613674
450749182
920292739
364528893
763254096
94476564
976754832
5070524
170164210
411505589
426568701
9071704
956463372
856582283
934358574
807184255
503071517
429982427
574695915
807868920
376275371
981151856
979884363
806648588
874266008
135644307
884001602
192638833
584809776
134388355
51365907
79217316
86089056
313515971
401772132
935734921
123014304
712420450
436179968
210048458
184907284
723965541
464474158
30681455
100933809
48251724
618156539
788814698
837463035
329368308
141831173
955321082
268027996
881802687
49811903
311349111
612701591
915520669
43622640
903274378
576224910
54044154
728913259
283542531
495297475
739144878
975785572
129629682
263649748
242450248
15573970
162955686
486851648
42368126
738891603
69567630
591830717
862818463
46508019
532755364
457863722
507889078
123190197
578300790
67729249
490891752
7662516
80704299
644919728
445945286
78355592
943083365
655599143
1142802
310912949
689824169
955183128
563820004
737613317
727169481
962407900
766374074
995521002
351625972
105526491
100478433
981720973
494418708
647515294
108181758
125321291
587886308
860030579
659994812
691611272
79183168
508993842
387040225
784721082
924603529
63029012
925276841
163651375
124781859
187736018
455495482
746147082
527595029
854046064
425965842
347272205
758559742
336146806
523117350
727451570
765678910
124321107
255326640
311717542
908291438
294868031
196952689
121842076
126844049
924989331
6679746
808318345
999253149
52457325
424653671
768307994
380365072
433295038
821263641
191660496
617692263
81181978
254305557
153853434
871606803
301127031
731703653
926819775
597535941
10679193
169269711
807901239
97865775
175948136
387019006
474400778
260008639
740365367
135719581
818370754
126336189
521372487
806459682
51144962
725184682
829853885
139761113
751072110
674770989
316421193
596804698
64019611
732179325
334725357
206004243
976157926
840247360
620988158
812935294
549850648
568592508
601667297
436264226
454002503
943702498
489812862
13213322
309683147
128087427
624987384
397505506
604446140
95252786
54695002
702848066
181924661
526613182
217472972
113792006
124540225
275462392
381983159
468661331
122661762
481838462
465479246
215124997
58115681
288574355
42368910
72644200
6444050
725912719
634839041
503860234
616826768
704193571
868134891
440188276
741417114
478381883
950228734
390405995
663628677
478146935
726029748
902736658
60073504
741619925
939138353
844436748
236149931
33467139
839797316
613768136
288542648
566071159
240079357
330821559
159380104
907828964
463613426
507507346
56770524
789413216
873807152
247788105
557744573
468530872
940857156
74531569
295196363
69924108
634643963
780173382
253094648
818448852
408951398
41289594
555151926
418652402
854522461
877276198
126788338
83763737
306345008
233593231
98249260
425138833
473205033
514104704
878006120
441274732
54736326
815402430
70232860
41994543
226758803
381776844
904914072
170919074
50238890
511167747
498888269
516152169
97835781
133729657
674428073
728803672
875407549
585938902
4758558
545199495
720970121
321069961
151947303
115679493
18074512
65404610
386496781
621914420
305007387
767969500
331018839
670910547
746967047
489804028
845674541
457262588
903973299
116702978
109562399
288854123
342828824
486440494
320698280
725558969
399597510
131037469
859882952
875998944
713448008
128060777
146193781
148922076
370045092
673038386
638169027
76049245
840754717
408907773
106662465
279873326
213454312
748738305
796018771
963911470
806638750
489261985
82885209
287673965
483383266
435311152
94630317
523903331
555693236
447558702
814881795
776751866
710558375
958428779
186749432
390140703
240046318
291044307
316983941
765385075
518108993
111164613
71841861
559344194
848391163
445763466
215475944
540284121
112902172
619260022
499066719
448678795
7973105
273535544
376039709
108672440
277754287
116954571
864646926
132821486
647550747
957236142
983401495
404350573
703100931
318294747
747837492
931489184
498915575
700681097
63583499
452555630
754179975
417272156
546933202
156628520
54119825
661178529
6131674
600950593
549287272
912893863
9269987
80485750
466432877
534923900
477687395
71787654
13606739
412009417
40486565
86883012
635084718
755651325
116310070
133743412
543502926
469059636
722900138
546620110
449324059
493168971
989829612
127327989
790745114
17008224
764857808
167186846
421056080
973992344
289023775
303173964
628267089
893262971
3343114
657423099
355545115
805946444
138769854
401474267
102497308
389800956
34233478
980288827
242942688
580534724
130856771
118032383
739509576
673175973
724547479
310685947
787162514
231360149
292502524
21677983
755847441
537908832
675726727
480964370
343592066
139623703
401518709
906737116
603015390
368916719
282140446
960214706
286189092
242456995
191932591
623935735
522397920
822826851
243528339
12424841
683802504
508785085
131722420
780929965
299350059
480141785
813603627
724548195
30014239
368416028
294500791
264495317
230348250
520910563
620117437
760786839
491652123
994253910
706792138
746262264
28577351
24748195
99940584
966776128
722054249
37826957
125672413
454438212
969610086
95995525
437700509
692691473
699643177
622530151
44212621
246168055
794488023
672332816
113060959
857114679
806313249
14593344
108700670
36520246
568922673
39003714
833334101
693295787
963960963
251906636
584804536
813546994
505669022
732425081
45284620
264552928
125395209
180276250
490594644
534246197
633919190
441632962
112840576
969774239
219421508
13719999
995216481
442401552
834207232
792062512
747772121
545980061
13309342
432512899
272270296
405678340
877242888
579619453
524986092
97919231
112399207
909917159
34078728
193134731
615912838
723181861
471916648
778706405
12297205
135984987
97189317
130380079
586920235
813594287
182613570
309419191
909241254
92668915
787519564
759011409
670151261
16998880
407546312
197812154
775536723
639148286
69569840
4834690
516137080
314905872
855668600
476123194
181513351
499427139
139209261
555887386
973260502
620736453
89877108
626068296
411613819
665771856
85180099
429632880
539454872
714691940
82591280
44316631
239233459
105582106
842818806
92434395
606103767
826148509
882913218
813523895
48956353
973558488
142866063
595081568
76575664
805327818
344875493
777970113
742303360
148023775
553396672
346557363
16033362
614671224
408425628
250584613
550370771
56963300
111213056
989322737
39447038
442748124
471720702
381057212
142889145
413493224
992394637
920229181
646891955
51272397
567085986
773233096
448785726
451245244
564512225
491829789
470953950
23329440
426972085
831866492
377465505
529043923
553118980
882805836
233158991
994637554
389772449
678851910
286531249
196920800
750744461
596393298
826861400
65000256
794232802
959170218
834727735
328597096
191328453
538445084
293656262
538825688
748025959
875540527
704317437
165446224
333658155
159990897
98370851
283852938
485496475
216675741
804196785
871255561
107445085
562921956
309544811
427748629
712867318
599838120
183503821
