876 1139 3
6
40
4
43
14
1
1
4
36
45
38
20
50
39
7
12
43
27
40
6
44
13
48
44
44
47
19
33
29
44
47
32
18
6
12
26
3
49
50
4
18
16
50
3
13
4
18
4
19
16
42
32
1
32
45
8
21
7
37
39
11
43
30
13
50
41
7
3
24
16
23
15
40
7
41
14
46
32
35
50
38
45
15
18
42
50
27
41
42
25
43
48
36
21
29
3
21
39
18
47
1
10
48
42
12
12
25
12
26
22
11
48
35
17
6
6
12
14
46
21
3
43
40
48
35
27
39
21
45
20
42
39
24
35
6
13
20
35
47
20
35
18
32
40
40
6
26
31
10
32
24
14
4
22
31
12
7
7
16
40
50
19
40
12
4
19
12
3
10
34
49
47
22
47
37
50
48
48
37
35
12
29
35
40
42
30
7
24
4
6
47
48
43
7
33
49
27
41
11
7
41
21
9
15
2
29
35
40
25
24
2
9
35
39
36
27
10
30
1
19
50
13
35
38
34
16
35
32
50
28
17
1
50
37
13
25
6
21
41
4
24
24
4
37
1
24
45
19
9
33
40
10
22
2
2
22
24
50
34
43
5
7
34
27
4
1
2
46
19
3
49
39
50
33
23
3
30
9
6
1
14
38
46
17
2
41
47
44
40
11
25
47
32
7
19
49
40
7
46
28
45
2
41
27
36
2
20
38
8
45
28
46
12
43
44
36
5
41
37
2
22
9
42
4
36
19
38
14
12
35
3
44
36
30
40
46
18
44
11
16
12
7
27
45
13
27
25
28
10
48
11
3
13
2
9
40
18
11
9
9
37
40
35
16
44
29
7
6
7
15
4
15
48
45
1
20
29
9
15
20
3
12
10
6
18
46
18
6
8
43
22
6
12
2
26
39
35
38
28
6
43
24
40
32
27
7
46
43
44
28
36
9
14
34
17
34
44
50
43
2
21
37
24
27
40
18
21
47
16
27
18
10
32
40
23
34
28
27
2
8
46
44
4
12
48
3
39
46
36
13
12
12
13
27
24
45
26
4
37
9
5
29
2
24
10
14
10
16
9
40
34
42
34
3
31
32
40
30
47
12
23
44
18
3
23
15
3
5
12
27
18
39
25
1
24
7
9
17
23
45
21
36
10
28
25
7
24
21
40
33
14
27
22
19
50
20
44
12
32
6
45
50
10
41
39
47
37
32
4
37
17
14
43
8
33
15
34
27
50
36
25
37
21
5
23
33
27
20
30
1
44
5
20
8
32
46
41
26
44
11
45
31
31
37
3
33
28
24
10
11
13
31
42
12
50
5
17
11
2
28
50
5
32
44
40
28
6
35
2
39
5
26
9
42
50
22
24
34
48
20
28
33
42
5
26
15
11
12
34
25
5
50
13
21
17
11
22
45
23
12
35
27
11
21
39
38
33
40
31
38
16
34
9
6
31
25
38
41
13
16
43
22
7
5
12
36
23
19
14
48
36
29
46
25
4
6
35
7
31
14
16
47
22
1
42
48
26
1
19
40
1
43
22
1
21
39
46
27
49
8
38
30
25
5
11
20
23
18
35
33
36
30
24
47
41
30
9
37
37
13
22
7
49
11
9
21
49
46
49
26
16
25
47
10
23
28
10
12
50
43
40
37
33
30
28
26
28
32
11
15
18
24
2
35
1
48
48
7
27
42
15
41
7
3
43
2
30
4
1
24
4
28
48
26
43
17
16
5
18
14
15
33
22
9
33
37
30
37
26
15
8
37
10
18
21
50
7
16
5
40
33
14
44
10
7
41
4
14
44
31
37
7
38
30
1
32
26
9
33
16
30
5
43
41
18
16
27
46
10
20
49
16
50
25
4
42
3
7
14
21
27
10
38
44
10
21
38
7
36
13
49
37
18
25
4
6
2
28
36
13
43
29
44
9
46
38
47
4
4
28
6
8
37
14
44
47
17
44
17
22
4
15
47
48
28
13
43
32
21
38
25
30
46
32
43
10
296 331 50
681 633 45
420 211 35
638 445 49
697 340 40
106 412 37
725 453 41
575 347 1
470 840 7
716 192 3
481 756 34
99 267 4
303 498 3
768 23 24
628 299 20
691 99 20
449 725 19
760 627 40
733 665 10
772 111 8
449 341 32
343 450 18
587 314 1
620 868 1
261 560 20
462 318 18
393 210 30
820 603 1
470 756 26
360 793 25
770 824 48
278 751 17
178 64 14
460 290 42
531 500 8
826 93 12
862 463 50
44 347 38
564 836 44
619 231 45
319 497 36
399 361 10
726 799 8
439 82 31
455 112 50
625 135 32
323 68 20
377 796 49
69 216 17
345 581 8
630 267 24
110 75 34
223 683 24
524 105 8
134 343 40
131 21 34
504 875 10
141 613 23
461 738 7
431 350 6
674 736 14
383 305 3
494 240 1
722 490 16
363 642 38
153 681 3
245 727 38
112 380 48
332 653 23
803 42 1
256 313 7
314 383 44
144 730 9
436 674 31
71 401 19
587 787 2
187 755 32
526 773 14
686 211 25
90 394 33
145 544 1
854 238 42
133 638 43
359 405 8
753 54 28
28 825 24
765 51 24
127 208 31
428 41 17
662 168 7
773 438 7
151 341 22
544 757 3
96 310 22
638 60 32
171 753 30
26 367 28
49 183 40
844 487 38
321 311 19
629 325 25
613 546 16
199 255 6
212 532 45
619 345 50
722 726 40
455 321 12
835 851 35
18 340 16
293 265 15
157 364 4
160 772 30
475 263 46
806 621 39
3 645 4
52 16 4
367 847 27
341 212 8
362 785 43
168 198 41
739 157 2
190 40 34
238 25 34
482 632 14
27 660 33
828 641 7
163 559 23
514 75 1
675 362 12
589 575 25
763 426 47
599 39 46
605 268 47
539 388 41
593 587 7
134 507 36
23 554 1
507 834 4
202 544 8
347 386 7
152 291 34
455 91 29
485 513 18
275 508 15
674 830 1
314 493 28
342 736 3
144 136 42
408 744 31
75 489 41
164 654 36
669 625 19
803 377 25
162 254 18
572 159 13
695 71 14
148 431 45
411 32 31
73 357 29
797 198 10
672 586 33
764 114 31
635 304 15
869 2 3
312 415 28
157 136 17
198 645 1
688 587 34
849 65 37
767 63 20
823 361 12
92 633 49
368 699 1
758 264 21
402 160 5
217 379 5
588 668 14
129 554 14
777 448 43
578 695 12
632 530 3
798 871 12
721 593 13
294 152 32
721 510 9
824 673 32
196 83 46
689 18 27
238 831 42
626 743 7
603 326 6
472 366 45
747 136 22
302 62 21
57 179 7
166 462 3
429 552 19
257 239 39
492 628 13
767 291 18
820 675 22
350 215 46
1 573 5
719 30 16
487 299 24
39 43 45
735 66 1
219 612 25
212 504 1
657 509 50
655 86 1
211 860 42
828 613 34
172 667 30
332 237 42
320 313 3
336 435 7
554 268 7
786 767 39
443 594 4
126 244 50
96 757 16
585 211 32
362 88 35
485 781 47
661 805 24
529 737 20
664 414 1
668 28 1
322 223 24
782 567 4
302 17 1
196 384 35
717 524 43
490 821 34
725 512 31
367 280 6
509 296 34
71 855 35
863 43 27
590 455 21
159 778 50
871 150 33
494 311 24
354 781 10
751 741 45
605 218 43
766 215 14
734 585 33
626 71 2
529 160 2
843 658 35
291 712 20
232 473 14
210 352 21
187 368 1
663 169 17
772 420 27
188 584 2
801 277 14
591 237 15
292 786 17
593 182 10
761 588 20
483 672 40
50 617 31
85 492 42
488 836 31
420 189 1
328 653 14
489 754 18
33 320 9
58 550 30
518 138 48
93 494 10
152 210 28
13 708 45
747 839 44
251 535 10
91 370 19
843 131 12
126 332 41
384 130 4
648 549 43
401 75 30
821 135 42
681 826 1
624 132 8
830 555 13
549 175 21
232 321 29
327 27 20
800 359 2
709 496 34
23 535 33
185 44 35
201 634 41
637 330 1
440 627 9
297 284 5
368 737 18
716 186 24
609 234 35
668 454 20
226 342 30
702 674 2
56 370 4
581 587 45
705 159 19
742 79 27
3 470 3
23 37 25
88 133 30
571 724 10
225 240 25
612 427 13
367 322 15
204 343 20
472 778 47
381 781 1
215 127 32
497 793 19
67 761 29
653 184 5
369 448 36
769 346 6
843 200 36
151 558 7
32 472 27
386 630 31
423 700 25
839 598 13
53 787 34
758 379 15
273 201 22
175 22 31
69 282 12
555 732 17
792 456 37
48 547 14
714 71 7
12 292 19
259 734 20
619 625 20
108 234 5
42 793 1
840 133 3
754 759 7
374 54 11
824 452 41
213 186 9
365 661 34
671 730 23
478 572 8
307 19 35
175 235 32
259 356 16
391 78 12
461 335 5
507 14 13
496 89 25
452 218 30
822 715 1
449 679 38
357 79 22
697 448 40
113 535 9
603 851 8
421 332 19
501 86 37
849 389 33
638 451 24
656 366 4
69 141 2
779 638 43
713 372 41
299 194 46
72 361 8
187 837 2
849 548 33
247 629 22
467 523 34
379 222 35
367 183 10
83 225 11
476 495 37
438 461 3
7 47 46
443 106 23
562 748 17
646 281 33
170 410 40
579 646 2
215 162 17
622 322 18
805 405 32
678 711 27
350 719 25
846 818 50
16 418 43
540 64 34
53 658 38
45 836 10
393 170 15
415 485 4
576 804 8
171 252 38
303 873 4
61 315 47
813 422 2
13 66 2
345 767 29
136 823 11
59 643 24
282 130 27
87 703 18
420 683 28
129 723 7
273 667 48
39 232 30
483 443 16
310 251 38
59 805 5
244 493 45
52 860 21
333 343 25
303 63 50
96 482 36
5 432 28
733 171 2
753 614 10
237 275 5
486 503 21
736 479 46
821 488 27
427 248 36
35 5 5
378 194 47
393 267 42
184 22 25
676 391 19
168 9 8
75 506 24
9 575 32
419 691 22
344 559 31
678 437 37
490 433 12
457 400 45
46 666 39
92 597 35
722 188 11
79 761 25
670 43 28
299 417 14
737 476 26
601 716 18
80 485 23
686 73 12
376 729 21
252 843 24
340 96 15
674 694 43
1 873 3
383 586 47
742 627 19
657 840 7
695 440 43
709 248 6
350 629 1
50 93 34
336 653 5
201 313 34
51 672 27
694 92 37
312 759 46
448 533 43
354 624 30
287 261 26
337 580 33
639 62 45
595 569 7
250 830 12
863 526 27
579 774 41
813 392 44
395 92 44
772 549 4
351 501 48
47 269 30
501 512 24
110 729 22
656 679 2
55 82 39
280 442 18
398 127 27
657 720 7
259 295 16
25 63 27
224 709 35
585 762 11
669 142 45
624 706 48
652 383 29
448 382 7
20 450 5
599 332 17
202 713 43
609 779 31
37 185 1
836 835 37
616 635 21
300 517 50
291 187 14
194 24 14
146 603 38
293 814 1
513 150 11
83 173 35
873 166 9
40 292 30
553 146 49
138 580 20
390 510 20
121 303 3
477 344 24
333 534 21
7 115 41
729 381 9
66 196 22
837 95 2
325 860 29
453 159 30
371 479 49
416 85 20
158 86 50
705 487 23
510 404 22
293 790 38
261 273 50
525 40 49
770 657 15
369 80 1
281 26 11
703 470 35
716 453 30
53 664 46
450 202 11
433 652 1
284 307 8
280 173 27
547 552 44
219 637 16
807 869 45
414 388 30
317 795 7
141 590 26
408 33 38
453 779 13
385 726 12
72 752 9
684 107 3
353 826 12
100 423 32
96 421 13
463 318 50
843 462 43
855 268 46
188 468 5
348 842 26
621 574 18
728 369 10
83 241 31
757 391 9
22 10 9
296 606 1
176 577 39
737 663 32
770 171 50
521 216 7
304 299 10
676 202 14
315 223 22
31 204 22
249 826 26
67 560 11
370 584 13
522 404 34
414 478 18
72 794 31
355 58 31
695 491 4
612 829 22
369 307 7
735 725 7
523 169 2
46 801 40
583 79 43
758 774 33
493 521 33
422 113 25
112 695 27
22 207 21
628 323 8
96 20 3
321 874 10
270 530 23
64 257 19
85 130 21
449 431 5
170 792 31
365 681 17
373 49 7
825 215 11
854 353 46
407 785 13
817 397 21
604 153 1
617 644 15
300 614 15
807 694 20
150 404 45
86 671 38
356 720 18
444 300 23
519 506 8
467 415 21
852 801 41
95 65 19
358 699 47
317 213 3
280 686 1
633 111 24
475 109 47
55 115 2
192 544 48
674 873 22
511 743 26
265 772 35
464 739 13
697 35 19
261 737 38
430 411 27
47 665 41
344 73 42
707 210 23
624 91 35
678 9 7
847 767 33
613 769 2
14 288 6
517 355 24
869 126 7
573 241 16
209 738 36
786 155 10
274 55 5
712 204 7
261 151 1
509 114 26
64 109 12
506 499 2
695 635 5
516 786 28
244 86 33
455 649 2
688 629 14
331 638 49
405 46 24
793 179 30
173 478 50
534 438 3
95 412 35
861 784 38
803 861 10
732 721 12
509 471 8
205 601 11
399 545 5
860 312 8
177 439 12
65 336 35
585 239 3
268 125 46
565 413 11
714 113 3
723 700 9
566 741 35
635 651 50
163 796 16
805 345 35
168 369 18
1 612 29
205 433 18
187 56 50
644 331 1
462 791 28
786 319 32
849 219 47
335 678 10
100 861 4
781 604 30
128 75 12
210 490 22
238 374 23
376 87 38
534 436 15
710 507 6
1 176 31
279 40 47
156 823 38
311 422 3
28 803 11
545 373 37
168 257 48
663 679 6
792 84 2
271 152 20
42 464 13
76 402 14
28 485 33
386 167 11
46 679 12
214 325 49
366 680 2
694 467 28
660 617 2
268 707 37
832 702 14
24 142 20
251 522 2
826 69 35
680 663 5
191 293 9
200 45 4
345 747 45
834 447 37
400 688 32
445 362 16
116 605 2
158 747 5
269 686 40
202 643 17
222 256 7
144 127 6
137 669 19
532 177 4
132 735 50
752 861 22
389 371 9
46 163 1
549 494 21
574 725 44
782 822 11
609 801 16
124 8 1
455 400 36
683 11 14
327 319 45
138 311 36
135 167 20
650 485 39
378 171 47
739 18 23
33 563 40
647 537 48
656 847 39
837 383 42
404 861 21
686 409 16
822 737 8
602 448 5
78 342 12
481 362 40
855 717 23
192 158 21
843 15 22
442 238 8
297 243 27
700 24 32
804 478 44
348 382 20
162 613 3
874 463 18
206 57 19
370 483 15
308 507 17
142 712 13
472 876 24
247 432 50
357 302 2
498 459 15
183 470 34
169 871 7
179 34 17
855 536 40
205 8 6
204 656 9
565 847 41
396 376 39
307 847 4
709 398 24
605 458 7
820 99 24
82 782 44
88 672 4
664 815 35
283 359 50
288 133 17
14 138 21
658 805 35
512 730 23
609 692 3
535 598 11
361 754 12
580 626 3
313 199 2
55 197 43
314 584 5
847 669 36
606 179 13
259 383 30
637 317 7
698 860 27
639 742 12
328 876 25
224 550 50
179 509 15
76 265 15
622 212 48
871 37 23
73 401 22
139 803 37
600 40 43
371 753 35
722 855 31
12 827 30
342 697 14
134 3 28
335 668 21
729 873 39
159 832 16
243 743 38
818 807 20
56 140 39
375 509 1
104 687 47
650 684 32
212 607 3
522 735 14
165 870 2
715 310 18
754 554 40
589 691 21
422 248 2
499 354 17
743 814 19
559 160 38
236 37 3
221 201 28
466 335 6
713 728 18
48 278 41
736 31 5
39 842 38
596 225 37
827 27 40
655 277 26
581 56 31
485 731 26
458 408 2
639 535 4
601 735 20
829 144 38
443 141 4
168 472 22
2 438 44
445 402 20
378 541 18
491 675 35
595 873 41
836 141 40
687 255 46
759 691 16
789 639 41
594 862 45
488 721 38
193 751 35
16 104 37
493 729 7
575 601 30
339 846 48
194 660 6
14 35 4
323 593 21
605 115 3
858 269 43
209 157 44
286 873 3
281 788 9
779 516 32
364 765 1
782 720 19
432 109 25
228 834 12
51 345 15
594 574 16
265 318 14
731 184 41
354 281 2
62 664 38
801 523 32
480 780 2
836 670 5
469 821 42
828 229 29
487 2 30
719 142 41
31 287 14
631 235 15
141 554 42
133 137 18
181 137 27
508 609 13
102 501 47
32 424 6
283 731 21
215 374 26
217 226 7
55 230 12
698 585 33
630 418 22
650 15 33
425 469 2
148 254 31
325 303 25
251 865 44
425 742 45
92 777 7
808 250 28
201 10 20
588 770 42
360 858 40
438 641 15
545 235 30
527 256 15
425 554 32
853 53 9
544 66 38
842 191 6
289 255 15
740 413 20
783 158 50
394 752 43
802 462 15
255 733 1
10 121 20
607 430 6
307 49 16
500 66 24
288 435 1
137 353 4
305 799 8
150 445 29
842 68 30
419 456 35
137 78 48
182 442 49
561 386 42
472 693 23
524 416 36
293 664 1
374 331 23
275 402 17
861 349 4
37 452 28
52 142 37
736 320 37
551 832 46
19 16 1
117 113 2
57 170 8
235 220 16
198 453 32
869 319 27
767 342 44
632 330 4
690 495 15
130 635 6
531 593 23
653 689 24
119 267 18
380 442 5
645 327 10
623 594 10
534 373 13
281 579 27
702 89 2
218 171 28
43 766 12
440 100 20
428 34 7
830 265 42
665 303 13
107 698 37
614 449 19
715 390 32
232 216 21
770 94 33
192 789 2
185 706 32
128 210 24
350 432 44
845 38 8
693 500 48
206 96 39
339 66 34
651 645 48
676 491 12
320 295 4
302 699 44
135 348 2
361 90 47
595 342 40
432 433 3
450 721 33
524 267 33
192 353 27
219 832 17
86 601 10
773 595 9
95 9 38
346 252 10
511 873 5
706 375 4
704 202 25
385 51 43
646 206 23
53 588 1
453 694 43
58 717 45
252 359 6
453 529 11
84 315 5
443 206 9
751 618 49
759 735 37
118 254 38
349 688 46
27 463 8
232 802 43
349 853 10
68 125 41
386 666 7
418 52 32
80 200 25
463 713 1
477 394 13
121 865 46
16 770 5
660 505 31
231 634 24
331 222 1
261 170 33
207 577 6
139 261 28
457 532 15
479 85 44
288 445 33
164 427 9
8 191 40
480 61 43
113 554 20
409 653 42
314 84 32
462 42 40
633 527 29
331 387 39
207 334 15
621 407 42
791 247 23
752 169 16
797 705 28
830 780 26
438 140 42
844 773 26
799 549 19
562 264 4
715 33 21
134 548 31
221 237 48
361 466 15
99 534 3
17 31 32
135 589 3
93 722 13
868 216 29
142 692 36
678 751 24
535 709 50
552 291 49
459 797 21
34 579 4
625 1 20
11 3 13
494 396 10
777 731 39
159 63 40
287 396 48
752 737 50
177 599 26
796 710 9
770 284 6
305 77 3
387 22 6
120 1 26
189 457 1
26 727 17
506 126 31
145 233 8
817 260 31
868 764 37
188 570 28
475 773 25
359 739 11
819 232 48
103 872 28
240 55 3
262 192 33
297 860 18
856 483 43
461 489 36
617 843 40
801 655 26
681 534 11
853 180 28
588 750 8
783 519 14
443 728 45
