547 39 50
50
38
28
36
43
42
2
7
40
22
5
27
1
12
26
16
2
38
3
9
33
4
9
14
3
16
35
49
40
38
28
47
21
1
13
25
45
13
35
4
26
22
25
47
4
23
21
49
26
39
38
41
26
8
28
16
47
25
1
2
33
17
3
29
48
9
47
42
32
35
10
2
34
45
9
48
6
32
26
27
31
34
45
22
25
50
38
2
42
26
30
12
38
29
44
8
42
16
48
26
27
49
36
22
11
21
39
46
46
31
18
3
6
6
11
49
10
45
6
1
34
31
31
1
5
17
10
24
42
28
45
38
41
29
10
30
35
50
7
50
25
41
50
19
20
5
2
9
1
38
21
50
15
16
12
39
20
45
31
41
48
16
1
15
29
18
32
11
5
33
25
38
49
49
27
16
29
9
14
16
22
29
22
14
17
11
24
27
23
10
19
20
32
35
4
37
10
26
20
15
23
24
47
7
33
19
32
39
27
10
23
21
42
45
46
21
43
37
16
39
13
25
20
6
12
5
29
4
2
32
43
1
18
38
35
31
4
41
15
43
45
25
13
35
11
12
24
13
26
32
34
40
7
22
24
6
7
44
24
9
21
22
20
5
22
41
36
1
1
9
47
10
36
43
12
33
26
27
35
26
16
1
5
10
40
4
2
45
34
37
33
50
7
47
6
7
46
14
49
22
7
42
46
2
15
42
18
41
12
16
21
24
34
28
3
9
46
38
37
44
23
41
27
27
44
22
29
27
9
22
21
10
4
37
26
8
26
44
24
18
14
36
45
15
10
19
6
35
34
13
42
17
4
45
44
49
3
45
11
5
2
8
45
32
36
43
31
33
9
15
41
18
3
37
49
46
18
2
13
39
27
31
7
22
50
23
33
4
49
48
25
19
29
20
31
33
39
29
50
44
5
34
35
37
14
38
18
9
15
22
14
47
27
28
11
16
16
39
28
44
4
27
20
16
39
6
38
27
10
20
37
3
29
49
4
2
49
29
37
45
11
11
43
2
22
30
34
41
42
25
7
40
4
7
15
49
3
38
1
20
46
33
26
42
50
19
19
41
5
36
2
22
13
45
1
27
5
41
7
36
34
27
38
47
21
11
49
22
41
50
50
42
18
30
45
9
45
15
23
12
8
46
29
40
23
27
22
41
3
43
43
26
11
15
23
41
45
49
5
11
15
43
36
17
29
12
18
10
8
30
1
31
18
17
2
49
20
29
49
31
1
48
50
49
16
35
18
27 242 1
242 284 1
334 263 1
187 122 1
226 407 1
426 187 1
94 317 3
503 334 1
1 281 7
43 59 1
374 331 1
531 495 1
79 78 1
476 163 1
495 503 1
26 338 2
411 183 1
497 483 1
220 426 1
11 137 1
523 11 1
164 476 1
407 523 1
78 547 1
281 94 1
163 220 1
70 26 1
59 61 1
183 79 1
483 411 1
284 139 1
137 164 1
263 27 1
122 43 1
331 226 1
61 497 1
338 531 1
317 70 2
139 374 1
