491 3000 37
78
48
29
12
9
6
49
36
14
3
36
35
32
43
35
25
26
43
10
3
44
4
27
5
2
25
41
36
17
14
21
34
39
17
38
44
20
23
3
41
28
7
3
16
10
31
16
41
5
9
48
41
1
11
27
38
47
39
41
2
7
29
4
22
28
15
5
8
39
6
29
12
44
48
50
2
29
15
9
31
24
20
11
43
35
14
30
33
34
48
19
45
47
10
33
33
7
13
4
30
41
32
3
49
45
15
32
8
39
4
29
45
43
20
27
6
15
48
25
34
41
46
30
50
9
19
17
38
22
24
15
35
46
34
25
44
44
1
22
41
21
22
15
24
45
1
39
36
43
32
8
19
47
3
36
42
11
16
35
36
14
23
21
12
19
10
18
3
7
23
11
22
26
13
47
29
38
19
29
47
27
4
25
8
37
3
46
4
35
4
48
31
3
47
28
15
20
8
47
10
30
32
28
30
39
48
21
38
25
46
17
47
10
47
47
19
10
22
42
25
11
47
8
11
34
5
18
43
45
45
20
40
20
24
41
46
11
22
6
24
39
16
17
9
9
38
26
21
9
10
41
35
37
13
30
15
37
18
20
50
31
24
24
1
37
30
26
49
36
6
34
34
44
25
35
5
1
46
6
3
46
28
46
12
31
34
8
14
17
9
15
7
11
40
29
50
27
36
45
17
22
2
26
25
6
17
27
17
27
46
9
20
28
3
6
50
9
9
32
47
35
11
18
47
17
7
20
12
42
37
35
12
46
34
42
12
16
37
14
17
42
9
44
15
31
28
32
2
48
23
40
43
20
1
14
33
39
46
35
9
45
3
3
2
39
46
5
33
11
3
35
27
20
36
5
44
22
9
40
47
2
13
44
33
31
14
42
2
16
13
18
2
5
22
45
5
42
18
49
42
14
36
7
3
11
46
4
42
35
13
14
35
19
40
6
50
15
36
21
25
25
45
29
6
46
40
36
3
1
16
44
31
4
33
36
3
28
45
25
22
32
28
2
6
29
2
20
28
31
35
33
12
27
47
47
16
6
2
30
41
42
24
46
31
19
28
16
31
8
32
25
31
37
10
37
1
28
36
14
14
41
23
12
9
31
25
17
38
22
16
5
485 167 12
417 137 19
363 264 10
43 252 33
152 9 14
371 396 2
12 185 25
90 47 7
431 274 47
273 409 46
376 168 43
108 243 4
119 231 25
169 261 45
151 404 43
490 297 28
447 237 33
76 25 2
351 164 14
148 60 20
335 76 19
102 94 9
362 291 47
284 369 50
70 405 25
114 200 30
185 402 24
105 265 33
215 151 16
46 196 7
102 145 16
321 6 24
433 104 49
382 340 1
205 414 28
129 347 8
300 369 16
484 185 5
333 75 9
476 61 21
113 431 21
13 410 22
438 35 17
388 354 25
483 18 47
96 435 12
441 405 42
145 318 3
219 469 8
475 237 4
36 236 28
216 112 15
217 48 8
116 358 34
53 219 27
307 294 38
455 77 47
79 311 7
26 478 20
337 227 15
294 11 25
369 147 39
303 407 14
373 66 47
296 71 13
140 300 28
470 65 7
59 54 23
205 244 16
159 61 24
133 111 14
213 354 30
253 210 34
183 376 20
262 317 15
202 222 22
293 167 27
210 7 13
362 148 1
153 303 1
216 484 31
203 220 11
359 334 18
84 349 10
193 12 6
23 414 50
2 227 50
416 340 34
392 385 29
283 130 31
338 104 20
441 103 31
477 148 17
216 308 11
407 198 8
262 467 18
306 394 8
315 380 2
283 353 16
267 328 18
383 488 38
112 269 13
402 442 36
162 375 43
178 201 7
236 15 47
478 384 42
294 220 39
158 104 23
204 406 12
5 148 40
384 264 13
200 88 39
269 393 2
94 374 5
94 14 23
334 76 37
350 276 18
19 269 36
319 331 16
435 400 9
169 119 14
404 370 2
250 266 11
457 31 33
280 252 22
472 20 23
177 395 18
222 135 21
417 162 14
66 232 34
114 278 16
269 249 29
259 4 18
400 272 23
329 173 50
372 76 8
330 435 16
112 414 46
387 7 40
463 444 45
236 32 45
189 31 10
426 59 21
84 34 34
377 306 14
103 214 2
109 28 34
440 183 26
102 216 18
78 354 50
418 206 48
141 131 20
471 363 24
108 465 9
218 148 43
423 477 42
103 95 25
165 68 4
192 34 7
444 125 11
105 179 40
289 442 47
77 284 7
28 166 17
35 120 11
471 491 19
249 362 38
323 396 39
122 38 26
427 180 41
182 32 13
365 291 8
352 190 36
249 446 37
384 297 41
357 350 42
296 222 15
2 311 32
43 269 32
341 354 40
111 89 45
434 489 8
436 211 50
197 357 28
476 216 40
114 394 2
1 146 40
473 68 18
96 328 17
98 82 12
73 119 31
196 314 4
312 259 34
234 419 16
270 19 19
159 151 21
104 410 41
148 212 13
97 262 4
436 65 1
102 79 27
487 248 30
228 86 3
213 203 16
125 392 19
436 331 15
102 316 17
74 88 3
218 198 10
217 239 33
429 253 30
253 366 27
124 273 23
60 284 38
475 281 3
19 406 26
69 352 31
412 229 41
220 171 40
114 194 34
245 308 17
250 403 25
63 369 23
292 387 47
220 450 33
61 17 6
177 11 38
355 386 35
8 246 17
469 351 1
248 396 38
186 435 11
197 60 25
231 17 38
432 441 5
404 414 40
78 48 46
9 481 8
162 435 49
275 385 39
452 56 4
353 341 29
95 416 1
48 207 29
147 250 27
6 130 21
392 291 36
358 400 30
56 468 22
449 39 44
414 127 49
336 436 50
151 33 2
118 309 16
321 226 43
394 54 12
54 454 1
115 407 16
456 62 8
363 407 42
50 357 39
241 334 3
341 33 38
214 94 3
388 328 6
115 53 25
69 235 38
285 417 8
218 199 5
476 423 39
365 395 34
290 354 14
116 110 48
42 195 20
364 466 43
390 483 3
254 283 14
432 200 27
255 325 30
255 264 20
13 235 41
253 20 3
45 416 46
302 119 33
168 139 49
344 216 32
97 38 33
241 329 37
117 449 14
53 276 9
347 212 41
309 290 36
147 100 45
347 450 3
413 490 10
485 345 31
143 198 18
441 377 22
464 360 10
12 477 10
60 94 45
85 208 20
5 384 24
206 300 49
416 197 43
101 191 40
164 313 1
130 311 44
8 55 32
391 186 42
124 333 17
478 337 12
87 97 12
294 283 46
415 470 5
46 195 45
338 135 34
295 380 36
321 375 26
273 466 49
437 419 3
406 38 30
375 484 47
137 291 49
480 54 24
461 420 32
22 150 34
424 431 2
274 19 15
88 294 38
413 489 14
241 78 14
239 452 2
256 180 8
297 90 21
128 367 37
423 379 23
425 15 40
253 285 49
22 297 2
230 19 37
85 160 8
17 80 46
304 21 38
470 173 8
367 417 2
329 470 1
215 347 50
405 221 4
172 228 18
484 85 12
213 145 7
253 267 19
232 264 48
469 319 14
40 396 40
489 117 46
429 353 11
73 285 37
192 112 19
348 210 41
243 328 23
404 21 4
118 67 50
264 130 1
201 172 15
389 145 7
300 352 22
200 356 5
122 90 33
414 287 38
318 340 14
10 300 3
241 240 42
52 151 37
94 27 33
401 298 40
230 94 39
22 41 10
161 335 47
214 341 13
188 372 10
36 248 21
398 102 7
305 346 13
309 479 28
489 290 30
219 151 10
138 299 8
286 108 1
105 317 5
403 64 3
482 373 9
1 140 9
350 165 7
347 51 42
11 38 31
181 370 13
183 202 28
291 426 10
291 157 26
24 170 33
53 44 4
151 245 29
49 387 46
15 69 16
457 53 29
64 265 3
270 173 20
137 306 46
125 423 7
308 144 4
340 136 5
347 139 1
367 338 28
33 275 9
464 64 5
79 277 5
490 94 44
236 389 5
401 42 16
16 284 34
5 55 22
215 360 29
443 375 3
425 215 49
463 156 2
294 391 19
407 174 3
302 249 28
208 428 46
202 420 15
226 140 47
211 289 19
367 336 31
252 333 12
39 13 24
288 467 26
62 249 44
130 340 11
309 321 18
69 400 37
317 42 2
307 469 20
269 378 37
322 101 49
151 348 7
283 451 35
133 196 46
380 336 44
17 283 26
339 351 34
12 200 2
92 259 44
214 471 15
3 449 29
394 449 28
296 39 16
181 38 18
121 345 46
211 23 37
371 238 17
254 250 44
89 252 9
203 318 21
329 421 13
111 453 17
491 461 16
162 53 3
415 160 42
85 429 4
434 165 22
426 162 3
118 151 34
82 425 47
449 329 10
80 442 21
262 155 47
237 46 39
347 91 13
260 293 14
130 222 23
358 138 7
356 168 6
159 413 19
132 58 42
157 344 8
98 437 11
262 283 46
484 478 36
66 473 18
237 28 24
169 325 49
41 437 43
463 72 29
157 107 13
375 228 35
204 21 50
275 190 32
19 71 10
224 114 3
223 359 15
255 308 36
251 118 29
467 93 18
123 47 23
39 381 2
352 386 10
186 100 45
79 347 17
181 367 5
284 113 7
214 371 13
308 106 13
156 242 43
156 441 18
190 373 2
206 293 26
424 121 50
432 291 13
386 289 16
221 30 14
310 407 42
101 66 46
422 469 26
354 200 9
288 137 2
135 319 10
178 14 45
460 303 29
188 441 1
54 410 10
315 365 38
239 201 46
243 444 27
454 10 45
148 181 25
50 303 3
243 60 7
346 357 23
97 61 40
352 279 5
433 437 48
215 45 20
382 454 4
286 205 39
299 60 2
387 89 15
325 361 31
407 48 48
158 270 12
90 396 6
27 490 35
136 294 30
410 156 34
290 403 3
292 235 2
437 485 32
299 295 44
52 284 48
210 354 6
372 308 21
229 396 4
65 481 31
343 326 16
30 462 2
454 24 24
69 319 13
149 59 28
328 417 34
17 193 11
22 2 8
354 120 30
396 69 38
400 443 26
287 200 4
297 129 16
466 430 30
141 440 26
324 180 31
275 24 31
275 256 30
160 409 2
2 65 34
216 419 36
275 35 4
290 206 4
244 311 36
305 145 8
469 296 23
260 174 38
126 198 33
461 220 46
87 434 26
267 68 3
289 406 26
114 8 19
55 443 23
357 335 26
349 248 16
436 181 37
197 220 9
340 17 37
161 76 37
265 31 5
100 304 28
106 213 41
299 91 39
309 246 39
363 468 3
161 254 40
132 442 3
325 268 9
123 217 20
109 30 41
281 393 46
434 103 46
245 339 36
458 154 31
414 133 46
195 487 7
482 228 18
74 439 26
173 257 21
389 430 2
378 415 19
150 383 16
137 240 6
36 407 10
307 297 42
187 421 31
207 166 35
199 233 47
344 158 16
381 345 7
106 155 17
147 65 5
241 122 48
349 185 1
333 110 7
460 7 14
438 44 10
367 312 42
156 276 1
282 305 42
429 22 42
99 103 39
40 479 46
167 130 34
221 282 4
310 346 6
91 50 19
340 358 45
77 325 35
364 450 1
260 360 6
477 11 36
57 167 9
392 464 17
44 16 8
73 296 27
321 407 2
339 30 2
61 147 11
189 432 2
358 94 6
146 96 42
281 264 22
463 176 4
78 398 6
180 270 17
10 65 46
119 67 45
19 486 36
235 347 45
476 487 27
153 402 31
379 62 26
181 81 1
438 161 43
303 383 15
241 189 29
21 431 24
320 183 37
48 367 17
381 392 2
11 353 45
105 288 23
208 281 25
289 464 34
444 390 27
389 281 2
436 274 43
307 491 47
145 288 33
15 343 16
414 228 38
475 235 17
86 154 2
444 277 26
165 219 15
275 37 22
283 192 40
187 309 8
440 136 32
163 24 20
427 243 38
491 375 44
78 41 5
305 331 45
208 319 3
324 184 16
260 348 37
353 252 35
135 384 9
350 212 36
348 211 1
217 63 45
216 304 46
120 373 5
98 44 12
149 303 8
335 391 50
420 129 36
22 191 45
92 365 29
354 82 6
52 164 13
316 265 18
449 437 21
349 265 9
347 43 6
361 356 5
201 143 2
114 110 23
85 187 34
220 323 4
82 164 1
273 58 33
177 195 4
414 153 14
330 390 6
345 467 33
81 173 32
175 132 33
42 135 43
51 214 28
440 270 13
99 357 27
260 221 12
217 132 10
147 20 17
369 208 13
70 215 50
437 150 8
440 472 25
27 256 3
381 363 6
375 135 4
363 201 8
298 40 23
476 16 32
320 72 24
119 349 48
228 222 4
256 328 4
422 205 2
140 426 21
159 361 6
9 51 26
41 253 26
150 392 39
413 58 19
485 74 8
219 267 11
22 112 1
162 443 6
28 283 17
239 351 39
210 238 28
420 190 18
326 404 6
124 157 4
299 452 15
336 53 4
396 215 3
203 233 37
470 315 32
354 335 50
244 461 41
34 451 17
265 399 34
311 194 3
141 354 25
278 48 36
23 31 24
181 397 22
68 396 38
172 467 4
233 127 4
346 27 45
433 95 49
380 75 22
111 442 36
460 212 41
326 34 40
392 383 21
113 490 4
159 46 34
276 410 48
90 49 23
21 310 48
486 177 9
273 403 29
161 72 2
159 434 21
431 95 29
261 210 21
154 189 19
463 172 50
329 445 12
325 360 15
174 283 5
128 436 29
186 490 44
383 333 44
245 217 41
94 1 49
42 91 41
25 62 35
340 301 2
175 351 8
397 284 50
439 88 50
274 395 48
491 381 14
190 343 35
430 226 6
28 320 47
247 245 45
373 387 28
117 34 42
131 421 3
48 462 9
300 435 7
463 458 10
248 78 23
270 227 50
249 316 49
119 429 22
357 256 46
338 438 7
376 40 44
307 277 36
5 469 19
226 295 1
53 207 36
202 295 15
17 241 23
468 191 19
187 106 21
265 418 16
345 149 36
300 209 41
491 159 36
162 33 12
37 400 23
471 50 19
471 154 1
436 329 10
264 169 1
61 318 2
257 291 16
244 245 40
326 334 38
221 285 18
243 164 43
133 245 26
124 190 20
145 333 33
48 282 37
257 471 22
463 232 36
50 411 19
484 36 3
365 57 16
182 93 4
351 236 24
63 401 6
257 279 48
165 438 2
222 480 14
260 447 23
19 130 20
471 413 9
111 81 35
98 279 22
317 150 2
344 487 2
487 151 36
398 294 30
314 212 40
391 140 43
222 176 7
113 367 23
201 145 35
339 281 36
240 490 27
470 21 18
480 97 11
159 327 6
457 16 43
49 17 36
10 306 22
354 171 11
411 132 23
390 170 26
297 477 24
58 382 7
371 335 15
121 466 12
13 408 28
338 169 44
218 134 9
363 246 43
195 433 3
472 90 26
435 450 31
412 47 23
452 372 43
246 129 22
228 173 17
178 45 10
475 70 22
160 18 26
21 120 13
277 403 21
96 174 17
287 472 2
229 483 10
113 65 22
298 201 40
185 38 36
483 267 23
251 306 3
374 403 20
114 222 47
207 104 14
262 67 2
178 235 40
342 433 2
108 279 2
163 292 19
219 156 23
437 258 4
331 233 24
462 271 5
482 330 41
316 31 7
247 28 48
219 76 5
18 349 10
381 330 6
209 19 31
176 209 6
385 86 39
53 319 1
144 401 37
161 97 20
468 213 12
165 462 34
447 198 24
145 244 48
2 274 25
481 143 33
403 131 8
402 110 38
42 11 31
250 70 8
407 463 11
3 265 45
397 342 6
5 62 22
447 262 4
427 290 43
38 464 30
187 19 50
156 46 39
34 90 7
475 31 4
338 89 50
140 393 14
444 57 6
130 113 15
382 163 32
353 428 2
116 437 4
54 449 30
328 490 4
237 224 29
98 206 29
64 372 12
313 144 41
234 140 17
79 285 5
84 458 16
387 75 9
442 482 16
1 375 19
41 245 20
228 432 14
300 243 33
268 157 23
127 92 5
171 21 4
45 265 42
262 40 8
446 472 3
191 451 17
478 371 40
98 345 32
454 16 44
227 321 2
325 374 1
78 291 8
121 434 49
167 322 18
71 272 6
60 219 32
387 429 6
473 306 6
163 326 14
52 253 6
72 10 13
266 485 9
203 18 41
260 57 35
237 21 2
487 148 10
371 166 45
170 406 37
374 288 36
410 269 25
35 140 50
46 253 22
204 14 27
187 204 9
25 204 1
67 182 22
425 405 47
39 362 31
417 407 3
81 325 24
96 117 2
3 445 29
142 118 47
67 436 40
314 200 25
110 368 44
310 108 46
343 195 43
371 324 22
173 289 45
281 274 1
144 227 25
203 264 21
25 183 17
49 102 11
141 386 30
216 150 6
272 422 28
16 309 11
488 71 41
336 124 12
158 210 21
18 116 15
26 62 10
47 237 3
281 189 39
464 479 40
112 359 44
481 347 23
134 12 12
30 171 32
29 204 10
473 464 36
6 435 41
192 364 28
376 473 28
307 451 19
19 322 3
461 269 48
386 48 28
293 457 6
163 308 49
320 297 27
385 111 32
62 255 30
463 235 27
373 474 25
260 166 35
394 271 20
158 147 2
491 25 46
334 38 7
337 205 8
127 401 18
284 419 25
187 9 18
331 346 20
160 316 12
380 343 49
209 456 21
371 149 6
192 107 27
85 331 38
462 100 10
426 321 1
410 114 35
375 436 8
430 457 37
372 480 38
186 118 34
466 15 28
236 66 18
155 281 19
223 480 43
100 286 9
258 442 37
450 390 45
465 121 19
164 125 14
237 386 48
489 245 38
103 324 43
441 155 10
438 188 29
285 137 18
333 446 18
205 104 10
436 347 33
262 65 12
209 103 24
377 259 50
408 339 5
140 468 10
382 440 6
292 171 43
175 463 47
385 198 32
298 431 5
284 160 15
403 279 33
24 336 22
425 36 25
35 379 16
60 317 43
451 460 6
410 179 39
401 417 16
266 185 38
216 123 18
353 369 39
333 210 31
271 171 19
77 112 13
15 175 9
400 350 25
333 163 33
261 9 12
430 283 42
162 365 2
290 486 28
479 146 28
199 262 13
44 375 4
176 253 30
228 132 28
145 414 47
121 12 2
16 248 15
52 240 30
263 131 2
252 454 31
318 119 5
103 478 28
82 378 49
424 344 29
156 26 14
375 33 24
422 34 8
21 336 20
285 173 37
297 460 16
272 367 48
226 404 7
224 3 23
213 246 16
373 442 34
362 174 45
452 482 6
211 282 15
374 411 43
474 133 29
252 207 16
255 109 9
152 186 30
375 202 1
187 450 2
102 8 19
299 49 24
166 199 31
273 181 30
304 454 11
464 340 41
160 135 45
366 327 19
297 295 11
104 124 10
67 234 47
24 80 45
59 412 34
430 110 10
161 27 11
51 264 13
433 87 47
343 456 26
146 4 29
406 186 33
189 117 6
359 452 12
160 313 17
409 490 16
181 245 16
188 167 33
172 219 4
143 395 45
10 226 22
193 54 24
143 123 19
350 460 34
462 325 39
284 338 22
433 330 11
191 314 34
397 56 13
14 217 5
289 423 18
457 85 26
276 104 5
246 443 48
214 101 25
445 485 33
396 43 4
198 200 2
97 155 36
307 416 4
285 68 21
318 382 5
240 10 22
417 483 13
24 166 15
108 203 1
23 277 42
391 31 41
43 294 17
271 442 20
431 133 40
86 164 48
98 188 18
78 116 15
441 455 45
254 47 31
97 346 30
439 391 16
52 318 15
126 390 48
35 251 3
43 330 3
259 265 15
135 12 12
60 443 11
123 480 7
147 429 8
200 264 49
354 411 1
263 150 37
148 356 36
439 246 39
254 49 2
339 413 28
170 282 15
323 430 11
92 392 9
123 214 40
337 280 24
409 298 13
243 455 3
124 444 36
172 36 7
98 271 39
14 180 40
191 304 18
108 13 50
254 148 29
462 190 37
385 52 5
304 131 41
331 203 4
279 277 15
313 13 18
239 259 48
469 381 19
347 63 29
183 47 43
347 420 41
327 224 38
219 215 40
144 396 2
83 417 3
425 189 3
280 57 36
360 334 39
325 381 28
480 53 31
156 415 18
488 210 15
323 107 25
89 286 5
470 207 41
120 1 39
122 74 45
450 225 4
148 407 25
302 90 8
424 377 9
347 252 24
386 425 6
485 25 35
55 337 18
82 198 18
286 295 22
82 315 44
121 111 4
275 132 6
210 269 40
38 320 19
32 489 31
26 154 18
40 259 42
120 199 22
422 480 18
413 188 11
305 35 4
238 385 11
430 87 49
166 236 3
38 435 42
224 209 16
343 99 35
260 330 40
103 222 1
100 335 3
427 244 36
342 65 49
435 421 15
42 432 4
128 13 36
258 249 15
261 414 26
386 68 2
25 402 1
388 218 13
32 138 6
409 333 46
286 406 49
350 28 16
186 371 35
336 327 10
225 367 36
341 140 3
60 156 36
415 99 29
67 176 18
439 81 46
94 8 44
423 416 6
175 442 49
112 32 23
61 161 16
84 132 35
120 8 25
240 363 7
253 203 50
462 475 5
432 130 27
393 350 45
41 436 19
132 444 8
56 356 33
152 387 17
225 78 4
419 463 47
136 275 4
461 305 49
63 439 10
364 480 36
155 439 45
153 79 45
236 315 12
305 484 1
285 61 10
373 295 15
376 77 33
458 353 30
453 24 17
335 288 38
391 484 14
405 105 26
42 82 14
170 19 30
276 238 41
172 56 46
442 443 2
9 23 12
35 141 10
202 415 26
97 187 7
361 350 31
249 227 41
1 262 24
455 131 10
93 391 39
196 390 43
125 60 32
431 461 35
133 94 14
468 222 16
35 459 42
133 224 8
369 454 23
153 394 10
98 243 5
322 240 41
269 240 46
218 16 17
308 485 28
194 423 15
351 64 8
161 385 13
421 2 12
34 358 12
106 197 22
122 352 38
58 275 50
20 167 2
370 60 24
187 274 33
310 202 4
54 107 5
387 476 4
51 102 11
56 284 33
169 94 7
89 60 25
383 375 6
87 345 20
465 341 19
93 316 23
68 161 3
289 362 33
67 162 46
465 306 49
454 255 49
192 40 50
1 87 26
381 91 48
6 7 16
383 428 16
170 68 19
475 456 4
96 453 36
190 132 2
142 490 7
320 398 14
11 310 25
183 85 29
239 219 9
424 62 1
5 249 25
447 310 7
154 118 9
24 478 2
10 208 32
266 461 6
162 106 15
488 216 30
231 236 6
242 329 15
156 445 16
255 324 10
448 266 23
202 328 37
119 146 9
393 390 1
24 158 22
472 325 32
362 350 25
294 186 28
289 468 24
296 408 29
114 221 22
476 463 25
78 258 10
149 48 18
277 302 10
347 72 38
446 112 2
210 400 2
186 389 1
137 341 11
274 107 38
416 249 28
397 296 30
294 397 18
212 55 5
433 21 5
270 298 49
349 411 46
462 129 24
285 99 17
323 136 11
489 169 40
338 86 39
304 195 5
172 459 28
445 431 36
415 176 36
141 321 22
89 476 31
462 378 42
353 321 16
444 475 9
344 155 2
76 400 40
256 222 15
224 340 15
171 186 40
468 249 30
263 238 2
232 272 50
473 118 42
122 94 37
451 438 43
285 105 22
342 356 21
266 367 46
412 95 41
95 14 47
58 447 16
177 59 25
91 435 29
222 69 33
158 341 18
226 53 50
257 154 21
379 139 35
56 459 7
285 141 4
318 14 44
409 331 20
248 182 31
392 406 2
376 269 27
215 333 29
210 329 28
275 255 21
350 20 21
276 60 23
478 444 19
147 367 1
338 76 49
40 328 25
264 18 17
435 85 35
100 358 3
285 323 37
207 184 27
219 276 17
103 246 19
22 402 25
156 428 24
267 167 39
28 270 42
394 450 50
431 355 20
52 166 20
369 258 25
139 4 10
80 85 33
398 413 38
299 239 21
37 190 19
82 452 50
258 128 26
346 64 2
448 121 50
181 49 37
413 178 13
60 383 43
294 278 12
314 296 1
321 216 31
351 249 46
251 79 43
193 294 36
99 160 8
358 165 31
85 192 44
106 181 34
446 478 30
155 66 47
117 367 10
490 179 1
198 474 21
481 350 13
455 490 4
211 7 17
52 180 9
365 193 3
407 121 7
176 150 4
271 314 36
116 201 8
9 213 24
113 410 26
327 17 17
67 372 6
272 476 10
333 290 1
313 182 27
204 333 13
161 100 4
268 160 13
257 126 42
236 76 49
5 441 43
32 115 2
307 263 9
102 448 36
30 299 31
230 112 24
33 225 18
418 39 13
109 25 38
200 274 40
347 354 4
456 201 7
331 267 37
350 126 42
481 418 50
301 396 36
13 291 34
285 366 3
373 306 28
171 427 42
284 101 5
183 39 48
211 92 36
434 265 30
391 78 40
134 172 41
482 474 30
19 454 41
453 105 49
433 259 30
204 373 42
13 323 22
307 298 12
143 29 41
395 375 45
337 43 6
454 91 25
374 331 10
183 143 22
100 410 26
80 204 34
295 79 1
196 44 5
59 319 6
145 127 37
133 18 4
349 295 1
47 317 20
181 31 10
258 157 40
248 4 20
50 435 12
96 24 33
58 96 47
385 446 7
481 224 23
490 7 21
310 394 39
388 446 2
483 34 31
248 107 28
7 124 49
15 437 3
211 4 13
470 171 2
339 78 3
404 144 42
1 457 50
330 446 39
348 261 16
221 255 21
415 198 34
368 83 39
146 281 40
484 343 36
351 86 43
316 443 45
51 227 46
151 424 11
181 5 28
103 104 30
385 260 10
473 204 32
442 100 10
420 286 37
110 431 33
213 132 28
369 260 21
469 81 15
247 80 15
241 327 41
195 78 50
140 395 46
87 422 28
313 415 45
18 255 48
19 360 22
186 172 41
354 483 43
214 33 1
67 5 49
8 455 42
17 194 7
131 265 43
62 96 19
352 53 24
148 306 49
478 259 3
318 298 44
136 131 10
376 246 2
291 444 6
402 41 22
33 171 16
125 22 38
390 247 13
192 134 5
240 36 46
247 186 22
476 239 1
392 79 37
120 73 36
351 241 12
322 245 1
353 142 26
303 223 28
201 440 39
425 219 14
227 437 36
32 6 32
323 194 47
14 121 24
79 445 31
370 121 2
33 38 15
168 114 18
479 211 10
285 162 1
460 287 26
318 251 38
91 432 17
450 143 24
303 286 43
326 186 7
165 479 24
70 12 6
334 163 20
143 25 38
142 71 28
368 117 15
25 121 29
104 316 16
175 156 36
478 172 4
178 293 7
15 298 16
414 360 50
440 176 38
484 113 31
212 56 22
313 210 11
212 305 45
254 421 50
76 357 19
180 230 22
360 490 2
451 92 17
242 412 23
125 404 49
358 206 30
402 352 28
478 485 12
86 301 26
39 462 5
406 59 48
12 182 13
409 428 28
409 315 14
165 55 35
385 400 35
276 423 19
450 158 4
313 355 47
381 31 26
127 130 6
20 106 19
255 360 2
379 31 35
164 284 5
153 193 24
97 325 48
373 212 22
155 373 11
473 101 15
26 36 13
479 124 20
378 425 49
96 277 41
250 152 1
297 176 49
95 282 35
69 96 25
1 429 38
241 331 35
86 127 31
468 105 38
55 403 3
368 191 11
441 179 20
99 474 15
193 128 23
145 8 7
258 324 35
154 224 2
4 2 28
268 460 44
340 322 16
162 253 4
451 109 43
126 87 36
363 216 13
324 373 32
229 221 50
295 475 40
159 442 34
254 372 9
360 266 7
148 190 34
58 376 4
454 147 29
322 475 25
472 466 19
491 276 36
36 63 35
53 459 29
315 328 50
67 102 2
479 470 21
356 169 36
83 391 50
89 398 37
462 178 43
367 265 4
358 194 18
79 214 10
319 287 43
484 394 10
397 191 13
77 169 26
285 135 40
190 176 21
292 362 4
321 210 17
311 369 11
202 429 21
95 171 49
37 86 2
24 43 24
152 445 24
380 269 9
195 287 15
263 433 48
25 107 40
459 41 29
90 97 24
408 471 35
72 478 27
477 144 50
273 238 50
443 352 41
314 297 27
385 136 24
449 158 19
53 105 26
421 371 11
141 335 40
334 22 7
158 351 25
183 62 16
449 352 49
345 229 9
263 55 43
165 371 7
369 106 43
48 124 19
316 33 48
333 89 15
232 423 37
293 336 12
284 444 1
312 326 39
152 362 10
421 235 10
482 261 20
420 249 31
319 350 30
263 317 41
130 440 23
213 256 13
218 402 7
238 170 8
164 219 37
106 295 30
190 270 4
332 50 10
359 383 5
180 226 14
8 62 19
94 290 14
70 294 3
97 243 44
341 121 7
264 139 30
361 205 46
46 134 21
111 349 40
119 236 47
443 81 4
304 437 24
231 432 7
426 242 31
282 44 2
163 225 40
261 397 40
195 198 23
119 321 28
330 407 7
241 88 17
41 117 13
418 175 25
152 370 8
74 22 37
104 25 10
343 364 49
26 396 43
23 112 6
220 60 19
101 19 47
12 127 17
144 480 1
472 3 28
340 56 36
186 450 6
27 345 30
387 161 30
409 332 12
49 99 5
234 197 26
400 423 12
324 36 31
387 256 43
379 241 15
152 325 11
224 112 46
367 327 34
221 158 1
185 286 10
7 123 20
321 372 25
302 433 31
245 130 25
486 449 41
194 234 22
462 158 24
15 43 7
218 133 33
448 12 9
473 482 30
22 79 19
269 334 12
300 389 39
117 181 14
60 130 1
224 262 18
371 210 50
145 71 5
359 55 13
246 350 46
411 77 35
292 73 38
354 392 50
318 26 15
371 105 31
206 11 5
2 385 21
22 86 18
201 468 42
283 288 25
159 453 50
417 395 24
205 207 5
152 199 19
279 273 2
270 446 48
452 157 36
461 117 41
414 22 14
400 74 22
460 121 50
60 13 11
56 280 16
259 397 44
206 267 30
412 82 25
226 289 18
242 190 16
400 70 3
223 430 41
247 420 26
341 477 3
472 348 31
480 445 6
108 287 28
389 121 34
42 482 29
104 144 12
485 209 50
367 54 21
18 113 28
123 125 10
306 402 20
473 333 40
163 423 48
319 209 5
139 327 22
166 360 5
120 430 29
425 23 42
21 457 23
251 354 37
383 191 44
146 205 29
238 261 24
45 56 4
60 363 3
28 64 34
8 336 40
22 113 32
68 325 37
229 114 28
20 15 13
343 38 15
469 185 35
444 321 18
341 117 17
227 32 25
205 432 43
335 108 40
380 122 38
334 413 23
216 282 30
472 221 1
35 384 11
412 142 22
293 382 18
428 320 23
40 67 45
198 411 19
316 103 22
84 133 37
263 231 48
73 491 42
118 152 24
56 451 35
438 102 18
392 98 24
349 387 26
21 229 24
210 85 24
475 178 7
118 272 38
331 103 20
444 273 16
68 275 21
229 86 9
275 211 28
260 421 39
66 416 29
400 188 13
439 213 48
202 155 6
202 138 20
328 255 2
133 469 47
161 60 50
349 218 34
477 377 45
284 197 20
483 78 39
95 418 45
85 434 49
117 431 27
400 456 1
283 129 9
64 304 6
429 11 1
24 465 40
189 472 42
362 83 1
284 264 13
306 288 50
397 484 1
467 171 31
141 230 9
244 178 8
120 450 16
440 132 39
420 260 20
233 324 1
120 9 7
137 159 44
425 441 29
364 390 35
431 368 37
76 125 37
252 292 12
111 362 19
362 96 47
62 196 10
89 225 13
406 10 36
483 85 36
193 188 32
228 281 25
279 320 3
139 436 38
272 485 43
237 221 46
488 240 10
329 163 30
216 217 16
221 241 2
398 486 11
327 60 34
435 148 34
31 327 4
321 425 32
121 366 33
192 423 33
38 377 27
115 15 5
3 34 6
326 55 36
151 47 24
382 333 16
252 15 10
460 44 46
361 400 11
216 106 13
381 125 14
52 485 21
335 306 28
455 420 19
277 380 2
182 219 6
218 357 5
369 385 1
244 35 27
166 484 41
311 30 8
448 476 10
279 214 18
110 27 45
387 397 22
249 238 32
433 448 1
99 66 47
204 34 47
15 457 21
170 107 8
439 252 20
318 414 23
415 217 14
148 159 40
283 376 31
360 256 6
192 439 33
187 131 5
183 481 43
171 299 47
14 182 18
191 10 14
230 447 18
110 375 35
378 188 30
476 369 16
396 231 7
181 295 9
274 357 16
249 405 50
197 96 46
304 252 14
484 164 19
13 461 46
179 384 32
328 52 20
279 209 2
302 390 40
425 343 22
359 336 48
5 338 29
136 58 49
317 277 12
358 185 34
25 276 18
309 265 49
229 16 21
284 326 45
440 339 42
481 413 44
345 159 8
478 288 11
177 404 30
366 274 25
291 284 21
103 403 28
255 246 5
416 241 5
290 413 13
249 408 6
355 354 37
358 472 17
38 465 10
72 46 7
299 172 14
465 254 8
390 379 48
211 223 28
233 279 4
265 149 11
427 93 43
134 410 20
432 473 23
480 30 31
376 24 32
175 471 50
437 274 18
263 65 28
303 173 2
285 193 29
214 365 16
67 112 10
63 325 45
401 279 40
390 321 37
171 187 19
180 377 1
468 335 48
99 3 1
411 451 18
375 367 10
280 81 19
123 86 34
366 197 40
289 394 22
300 62 15
417 12 40
226 277 26
16 327 22
35 333 38
473 491 26
125 259 15
271 241 16
276 362 29
121 475 4
319 233 5
137 445 47
97 423 36
180 323 47
406 207 15
363 418 44
160 34 7
163 126 13
367 394 31
402 84 36
133 73 9
483 298 3
23 389 4
306 290 18
396 410 10
344 95 19
150 82 41
335 487 10
282 467 4
105 339 45
384 116 42
51 328 47
68 251 26
47 29 23
107 229 7
18 115 17
385 334 30
458 414 32
454 17 12
301 178 34
100 488 25
106 180 46
203 306 20
203 133 27
142 485 41
79 38 20
80 224 7
117 213 29
13 345 31
323 397 33
244 155 46
459 59 6
287 440 33
440 192 22
58 137 12
84 231 6
20 360 14
130 322 14
384 288 39
212 173 29
30 179 26
450 76 21
62 430 21
284 251 5
31 450 5
269 168 46
313 469 17
22 43 9
428 268 3
149 153 21
241 49 25
300 445 15
112 355 41
355 145 26
166 16 30
489 131 5
165 97 37
187 459 16
361 277 14
283 39 26
150 72 33
325 90 34
219 316 9
60 328 31
458 235 6
18 134 18
5 290 16
98 354 13
203 451 18
483 447 24
318 381 29
136 81 12
170 457 19
239 51 4
289 314 1
142 25 8
14 84 17
277 53 7
379 204 11
303 109 31
349 24 29
386 69 37
196 88 6
75 84 1
142 348 29
285 467 16
358 135 25
161 426 7
421 45 33
6 108 38
266 225 14
280 247 30
1 170 2
439 89 3
306 342 6
385 248 28
24 173 2
385 311 13
62 9 31
88 412 12
188 18 39
54 162 11
165 25 18
312 400 44
410 111 13
401 300 20
19 80 37
295 159 20
361 147 35
365 63 37
124 176 21
69 145 45
58 297 49
75 233 41
59 248 46
437 188 5
201 140 25
201 369 29
331 9 44
432 78 22
385 477 1
357 132 41
10 299 20
453 242 15
173 108 14
46 138 4
263 228 11
378 179 46
294 36 7
86 39 15
398 137 17
298 90 41
95 260 40
387 79 12
296 53 42
187 288 36
227 422 18
345 110 29
2 171 35
435 350 32
416 312 6
66 190 39
218 10 43
226 23 3
16 396 1
279 488 46
26 157 29
215 480 18
2 172 38
61 462 28
214 260 27
454 335 35
145 380 7
400 89 4
304 416 20
203 259 5
143 172 39
275 374 29
427 348 1
429 430 23
106 36 14
344 436 32
84 362 34
297 78 8
455 21 25
245 409 4
457 127 43
217 161 22
167 85 42
402 288 22
244 41 10
366 368 18
326 361 35
317 97 32
255 475 28
327 74 15
96 386 14
238 354 43
354 97 6
320 88 38
338 310 1
158 216 44
2 488 17
479 42 17
112 439 6
79 245 39
419 428 50
337 425 2
31 324 5
418 310 49
122 369 11
46 153 3
360 285 49
374 1 35
42 361 10
445 232 46
187 407 3
103 389 3
422 428 22
23 388 14
164 201 7
390 177 33
29 257 28
65 233 13
341 107 20
331 427 9
107 233 43
302 373 28
187 249 3
436 71 18
279 323 12
14 443 17
280 276 17
182 269 35
418 420 33
116 479 30
95 328 12
386 267 44
205 2 21
475 282 23
228 227 24
93 371 7
393 124 41
98 443 28
75 413 1
354 249 12
388 320 15
207 388 11
212 142 33
330 31 38
279 165 23
443 411 34
329 184 11
178 322 17
268 111 36
374 142 10
146 372 6
475 309 4
332 474 18
113 331 33
308 1 39
426 51 23
188 394 15
17 206 24
37 383 15
225 285 22
421 387 50
363 27 8
173 98 32
331 451 32
154 31 18
338 224 42
365 223 28
235 98 29
60 419 31
147 331 4
113 203 25
115 12 3
376 398 5
119 447 29
375 30 6
267 454 1
451 459 6
6 140 28
117 432 24
116 162 9
189 401 50
276 250 14
122 474 46
369 186 3
162 94 29
475 179 1
85 316 50
221 425 33
383 462 33
184 70 31
320 284 29
454 37 34
409 48 4
97 102 40
238 28 47
71 243 35
423 283 43
193 27 1
424 284 47
122 18 35
94 482 37
416 273 15
109 176 18
91 86 23
229 359 28
411 216 18
426 309 25
373 349 10
160 77 8
164 406 16
75 235 12
474 350 16
465 315 20
119 189 3
434 322 21
373 422 29
152 399 30
79 227 15
310 5 33
248 128 15
130 354 26
404 11 26
126 77 20
490 450 23
201 337 15
353 281 6
130 337 10
424 53 27
263 444 21
166 19 32
183 455 4
294 379 39
102 487 49
151 132 50
99 306 38
310 112 29
126 265 42
244 180 18
175 444 3
35 190 3
370 338 23
255 149 13
328 137 48
189 64 31
371 29 30
371 102 27
103 415 9
453 91 1
435 26 12
48 420 6
301 353 18
73 440 8
171 51 30
472 455 24
327 192 15
280 348 11
413 393 31
140 90 16
308 123 17
124 342 40
31 193 6
489 124 47
291 160 47
386 428 10
308 95 48
118 170 12
300 2 7
288 139 19
436 11 34
93 172 24
38 189 26
473 133 36
328 16 35
103 142 24
335 182 20
267 112 3
408 156 40
207 271 45
308 151 49
173 181 24
184 365 9
425 8 8
7 481 6
290 77 22
281 318 18
381 240 1
402 189 16
211 232 14
175 292 5
380 405 16
138 342 33
381 2 18
406 234 2
8 131 36
72 91 27
185 335 31
145 261 19
126 367 13
60 476 2
490 126 15
469 54 35
152 100 42
381 317 33
259 189 28
111 270 37
186 214 45
160 463 47
40 207 39
295 32 14
298 11 12
132 253 48
119 408 2
139 200 17
291 191 20
246 475 27
364 337 19
180 406 39
135 29 23
106 89 4
146 109 13
411 213 32
12 355 26
170 164 17
337 403 14
329 422 2
158 77 15
143 322 9
357 363 39
207 81 20
8 198 48
257 252 16
79 337 13
364 434 27
339 276 6
206 74 28
408 276 30
41 366 10
175 33 43
24 201 41
134 395 15
126 203 17
20 142 3
69 40 43
216 247 39
387 48 33
252 91 15
38 171 34
451 297 2
461 189 3
201 287 46
212 306 42
183 223 23
93 488 34
451 424 5
67 301 1
65 291 29
323 491 44
6 383 2
190 436 19
31 46 37
298 81 19
110 353 15
431 270 28
76 7 33
177 381 8
256 305 34
45 396 26
71 10 48
12 158 15
223 164 15
249 29 31
252 394 7
392 19 34
211 115 49
216 99 25
177 357 23
442 437 9
239 170 28
272 326 31
402 104 14
411 386 13
416 41 41
81 308 7
203 392 22
55 432 34
79 309 9
293 126 9
303 20 26
399 130 28
372 9 43
97 463 43
121 131 18
269 454 3
420 331 24
36 215 35
5 300 38
192 354 34
335 53 14
200 44 4
370 218 1
218 63 15
328 2 17
118 484 27
127 7 27
448 228 46
476 426 47
47 94 10
383 287 13
198 271 39
437 322 20
216 65 4
130 274 7
142 393 25
259 483 19
99 355 16
119 63 17
57 395 6
472 448 26
4 437 27
162 280 14
403 358 27
465 225 42
287 59 48
117 353 10
405 31 38
58 265 33
363 195 3
220 394 1
415 268 29
9 121 28
442 348 41
270 91 17
157 467 50
353 100 25
152 101 19
337 86 34
406 357 45
401 455 34
150 402 11
24 401 20
168 129 34
200 100 29
199 476 34
414 361 40
465 451 31
411 176 13
307 42 28
409 118 9
85 258 46
333 229 8
66 87 38
248 221 13
32 321 38
368 278 33
293 463 49
379 316 46
37 480 46
382 356 9
336 246 30
159 261 20
406 23 7
414 44 32
245 441 1
275 316 32
187 117 45
112 367 40
440 226 25
63 235 38
477 120 14
435 263 7
123 346 1
443 240 23
273 265 5
439 257 27
112 43 30
12 259 1
256 408 25
217 144 30
270 345 25
212 128 27
420 479 19
167 262 16
365 141 28
467 141 5
93 12 14
47 293 44
195 157 37
308 168 41
167 149 17
318 420 43
406 245 12
289 144 38
32 240 35
150 171 7
36 9 14
195 443 12
485 178 33
200 368 10
75 78 29
246 394 41
424 12 7
261 430 7
80 29 13
486 420 11
469 385 34
23 46 48
22 70 48
455 302 46
37 224 14
170 120 28
356 307 19
439 104 42
68 4 42
39 224 13
382 105 32
447 29 27
366 135 13
328 212 3
98 424 34
302 322 30
194 105 33
128 285 28
23 296 22
151 254 40
483 418 22
184 19 23
355 188 10
267 161 42
198 7 48
239 390 23
154 28 35
346 323 45
152 300 35
369 289 7
17 121 39
479 10 4
45 465 10
141 383 19
348 338 11
174 229 49
295 110 41
256 241 1
280 232 22
240 308 39
297 422 29
455 418 22
282 65 2
275 148 8
351 478 22
116 374 39
425 305 30
215 95 10
221 307 6
457 267 5
407 261 49
301 193 38
371 378 22
92 150 15
182 301 17
400 434 49
224 169 15
478 402 41
371 411 14
466 476 10
201 169 43
4 213 10
430 30 44
313 429 12
91 279 1
426 24 22
213 280 5
51 273 37
244 434 26
286 194 45
190 272 7
73 179 4
279 247 16
428 316 36
60 352 14
409 219 4
407 133 15
225 167 40
313 385 39
158 127 1
341 172 10
58 313 35
141 257 12
117 185 12
445 400 18
299 170 15
421 448 49
464 146 42
