1000 3000 57
65
27
19
30
47
32
9
27
23
10
10
21
44
43
19
19
22
11
30
21
35
10
18
24
50
4
43
10
25
28
28
13
48
17
2
35
34
31
12
18
23
29
23
44
44
3
21
36
12
10
13
34
40
23
27
48
36
28
19
4
10
19
11
10
43
24
23
41
12
24
38
49
28
40
46
25
42
3
50
43
34
31
25
32
46
46
48
3
22
38
24
49
21
50
15
15
36
9
1
3
10
21
50
34
45
28
6
48
12
6
37
6
24
7
46
28
34
14
31
16
47
21
20
28
1
45
8
49
48
20
37
29
22
41
1
6
7
23
12
13
14
46
39
6
6
26
5
16
20
35
22
23
41
32
10
37
32
44
44
27
37
39
35
50
50
50
31
31
43
33
23
3
25
28
39
22
5
37
30
22
14
32
14
33
29
10
39
13
16
11
4
11
13
32
6
3
2
5
7
9
50
45
48
47
31
16
14
22
4
12
23
3
11
12
46
32
38
28
41
6
22
34
8
36
25
27
4
50
37
22
26
41
46
42
32
6
7
19
48
28
1
19
21
27
9
28
43
4
15
3
30
32
20
1
13
50
49
40
15
32
22
41
50
24
37
14
42
50
43
43
37
20
15
32
26
34
27
46
2
47
8
9
33
19
42
50
21
4
16
17
28
40
13
39
22
35
24
8
40
2
24
47
11
28
19
27
42
10
42
17
49
2
14
27
43
44
9
3
46
7
39
36
22
7
21
37
6
28
11
29
27
19
23
46
49
46
3
45
41
41
37
8
48
13
47
21
33
26
15
35
23
13
44
2
47
14
40
29
22
46
25
10
19
32
26
28
47
2
28
15
30
36
21
35
11
19
41
7
20
30
45
49
43
35
11
43
48
3
35
48
36
19
17
23
40
7
30
46
17
42
8
40
30
14
13
5
35
30
30
48
5
44
15
5
37
13
14
29
50
24
27
31
27
13
49
34
28
7
7
14
48
41
42
45
46
32
16
24
10
16
27
31
27
44
12
32
35
22
13
1
14
11
31
45
32
36
28
8
22
3
30
18
42
4
5
21
5
40
25
28
49
27
3
28
19
41
9
23
3
26
17
20
44
4
13
42
31
1
19
11
18
31
43
44
26
18
48
6
41
48
47
20
14
15
7
47
42
6
17
50
3
19
21
31
9
16
37
17
4
29
33
25
20
24
30
2
18
14
24
41
15
45
36
6
14
13
10
46
28
40
45
29
17
46
6
13
42
12
7
22
45
48
43
11
7
23
49
30
42
13
19
9
41
24
7
50
23
6
32
40
50
19
43
1
31
23
48
9
5
22
12
12
26
23
23
32
4
35
19
8
24
29
25
39
8
28
13
12
1
6
47
48
34
19
42
37
12
28
38
13
17
35
43
34
33
41
42
16
14
46
34
38
32
24
7
47
34
13
46
16
24
36
14
33
18
45
6
19
45
22
26
2
30
38
38
27
28
10
11
49
27
44
37
20
48
37
45
24
6
20
41
10
11
6
37
18
6
41
2
4
28
49
39
38
3
25
44
29
16
11
2
1
29
43
37
40
15
34
39
19
20
6
32
14
48
34
47
20
44
50
15
5
26
48
34
37
45
20
36
38
34
13
33
34
29
18
37
20
44
11
49
21
5
41
38
46
1
48
24
18
18
16
5
34
50
31
34
14
21
28
22
5
38
41
35
26
48
2
36
48
3
21
45
47
1
15
11
42
2
3
19
45
45
1
2
5
35
18
14
2
15
43
9
13
11
31
14
36
7
33
50
34
36
20
20
34
43
48
8
45
37
45
25
49
20
38
30
44
20
1
16
8
40
31
9
37
27
44
24
43
44
2
18
16
36
11
45
2
44
40
15
38
5
6
31
19
4
31
47
17
6
36
44
27
23
49
18
24
11
9
12
12
9
36
18
37
33
34
50
9
19
38
1
19
17
13
4
44
21
46
12
23
35
18
5
5
8
42
3
10
41
35
8
49
6
31
50
36
1
42
30
7
3
35
48
14
36
14
34
10
7
37
16
24
36
48
10
31
31
3
24
26
27
39
45
38
18
2
50
42
43
23
18
9
31
35
39
27
5
48
40
12
33
17
44
42
46
20
27
9
31
27
15
35
19
11
28
16
43
49
2
50
3
12
10
42
27
39
9
45
23
6
7
35
43
45
27
17
43
2
39
32
19
11
4
43
48
5
5
25
7
4
7
38
6
25
44
40
2
17
17
9
29
10
42
13
1
14
9
12
44
25
10
22
10
26
25
37
3
20
619 328 40
196 980 2
996 75 20
325 669 5
614 407 10
229 47 8
316 132 18
707 359 18
552 851 37
866 513 27
367 573 46
309 946 39
78 110 2
530 519 38
896 669 21
166 764 17
623 5 4
1000 948 17
905 801 8
848 2 41
388 507 44
143 988 18
770 45 1
918 201 28
614 488 1
938 544 18
742 381 35
212 934 2
259 16 9
15 572 21
567 309 28
304 975 6
616 549 19
59 246 4
864 670 5
170 852 44
817 653 35
742 61 10
728 325 30
727 608 46
806 897 18
155 373 10
120 87 40
478 111 40
204 22 6
60 854 11
32 797 7
931 150 38
182 683 44
709 283 22
796 834 22
785 160 38
552 488 15
151 554 28
543 805 28
663 775 20
479 166 40
732 867 33
824 345 29
858 904 8
413 323 39
62 535 12
549 593 5
566 132 7
922 377 41
988 512 10
858 128 28
942 220 48
461 897 4
490 988 50
959 465 18
893 38 49
420 57 2
425 414 11
677 723 18
352 542 23
126 715 25
351 662 37
649 543 30
315 108 48
848 333 21
614 950 50
562 948 8
382 914 48
499 895 11
641 87 2
915 360 19
643 640 28
331 789 25
81 924 37
15 891 37
215 29 43
80 77 16
841 70 27
191 797 17
556 964 32
157 853 39
572 378 33
107 887 29
600 672 31
634 902 2
341 460 18
574 177 34
66 555 42
429 307 29
726 785 36
134 862 22
620 406 41
863 42 11
588 635 34
591 171 11
980 573 15
610 734 19
906 568 8
541 505 8
818 325 10
818 950 28
392 95 34
101 746 22
176 810 45
378 322 18
335 368 50
659 978 18
273 901 12
655 187 44
438 104 23
468 820 7
132 807 38
746 229 1
25 385 42
671 463 36
186 953 6
459 90 4
507 851 47
121 94 4
850 659 2
363 499 4
894 293 41
355 926 45
170 816 4
104 180 41
296 495 34
512 66 2
533 842 14
233 298 45
308 775 2
577 90 1
565 681 41
284 302 28
517 347 23
492 155 9
235 846 16
783 305 11
954 934 50
702 874 45
120 685 8
177 477 3
402 811 49
861 360 15
979 742 13
487 775 49
477 959 19
171 619 33
579 964 23
803 86 16
153 535 32
816 566 47
328 40 38
978 966 32
699 420 1
632 98 31
115 26 3
828 380 29
11 10 43
466 637 16
505 415 12
493 328 35
851 335 44
921 82 3
224 662 12
281 5 34
279 991 37
533 893 20
527 145 47
245 684 19
75 76 13
180 737 26
666 508 48
715 739 9
200 370 32
319 932 42
505 299 21
279 822 7
799 485 39
232 747 26
790 379 43
126 645 18
842 342 46
923 648 49
843 819 42
90 229 12
969 113 20
272 812 49
570 664 23
244 547 22
995 538 2
169 105 36
369 759 43
125 796 43
909 547 9
734 991 16
50 847 28
250 363 42
637 868 6
870 379 23
431 765 39
85 783 34
661 814 25
639 522 33
887 312 39
232 681 46
335 650 47
77 591 36
46 788 14
881 329 22
783 231 22
435 149 38
290 366 45
48 164 9
92 550 6
974 952 11
533 849 34
95 469 28
923 778 37
63 704 2
605 112 20
716 263 4
355 894 14
560 412 35
807 155 26
785 291 12
333 58 22
161 46 32
299 370 33
480 371 20
286 968 35
458 728 1
969 507 17
8 225 10
447 560 18
977 363 34
886 984 22
222 764 9
647 660 6
872 381 40
424 910 16
227 140 40
838 662 29
814 724 38
594 829 5
74 860 50
172 907 19
508 837 29
201 233 15
602 99 47
762 726 20
412 858 29
558 706 49
164 86 13
572 586 7
61 885 31
414 898 28
868 941 6
403 616 35
771 863 18
669 463 6
533 968 7
948 647 43
124 758 22
986 365 31
954 355 16
827 158 30
431 65 35
391 8 41
656 819 5
122 258 41
88 164 49
268 133 13
288 614 2
37 752 10
500 810 26
819 901 23
407 712 3
173 383 11
725 849 18
530 828 48
225 563 18
499 909 15
248 564 5
692 273 10
867 96 40
753 898 43
500 532 47
307 757 25
77 561 36
919 475 5
44 779 16
800 851 11
586 97 42
327 641 41
412 269 25
796 218 47
540 601 25
797 693 27
316 111 36
714 453 29
265 150 35
632 771 34
292 882 7
652 882 6
414 694 40
384 114 27
387 953 3
865 118 50
453 461 23
730 968 10
510 142 44
131 233 37
391 858 5
767 211 12
67 108 7
362 66 15
849 290 40
5 214 32
76 374 26
842 851 7
376 309 3
101 275 45
988 940 42
88 176 43
385 955 22
702 952 30
536 863 1
53 370 26
840 855 40
729 890 12
312 634 17
957 658 47
105 532 2
708 727 28
662 543 26
346 907 13
65 48 30
843 798 37
729 550 15
675 181 38
983 540 24
544 247 5
108 453 47
532 379 37
986 166 32
446 54 23
168 402 9
98 973 34
155 132 28
656 670 23
125 505 14
980 311 24
417 799 6
142 12 8
719 622 30
957 583 35
476 930 7
939 870 15
440 342 44
612 211 22
931 890 38
622 71 29
914 524 14
969 164 25
742 990 12
808 195 21
195 18 27
144 155 4
7 175 22
456 925 49
841 720 13
874 642 14
335 912 1
413 945 19
214 253 41
330 185 21
465 852 9
310 489 19
531 973 17
391 161 4
374 744 31
130 496 27
251 694 40
554 54 13
104 214 35
637 574 15
728 789 13
153 113 31
914 888 3
460 339 20
246 782 30
498 171 15
627 458 25
181 86 43
213 137 17
807 5 37
872 926 49
413 62 45
145 407 5
976 11 2
18 850 23
154 984 14
479 425 50
105 570 48
558 711 29
485 216 3
862 660 9
955 769 26
76 162 35
938 802 12
520 49 12
887 187 7
470 688 11
451 480 11
27 787 27
780 959 11
814 184 16
681 581 1
704 600 30
291 644 30
913 342 9
391 236 4
421 389 25
422 910 7
877 423 11
510 862 31
985 55 28
317 580 22
292 172 7
648 562 39
803 455 4
796 791 18
678 282 37
561 546 8
211 512 25
538 191 32
875 134 20
60 561 4
983 658 1
738 454 48
663 189 16
104 43 20
723 519 26
748 708 31
561 163 8
307 24 50
958 547 37
322 447 26
256 528 18
28 613 1
812 650 34
989 522 20
695 604 35
981 321 24
342 308 7
25 392 22
27 526 32
104 58 40
855 216 29
466 343 9
230 772 12
261 338 35
434 141 34
195 864 50
972 379 37
327 856 26
859 84 29
227 919 3
204 735 39
959 961 49
181 669 32
725 792 18
796 684 18
715 351 21
995 162 5
845 228 4
8 209 7
882 704 3
300 332 37
168 867 29
923 492 31
907 150 21
734 979 1
316 347 15
271 488 19
191 309 1
341 198 32
218 597 50
156 987 1
879 867 1
377 617 34
278 551 3
461 247 13
36 822 24
962 37 40
438 255 30
613 565 43
788 215 35
402 752 41
569 568 20
703 685 5
563 464 2
829 66 17
609 71 37
363 438 19
373 427 25
906 423 50
415 142 37
348 528 26
899 42 12
914 801 41
541 414 34
722 527 49
822 359 1
265 697 35
66 656 42
346 415 35
951 317 29
599 970 9
459 717 7
738 232 31
185 945 27
457 915 6
157 596 17
974 97 1
398 378 28
886 806 5
18 308 16
829 917 45
229 708 41
1 682 12
176 691 9
455 340 7
528 185 45
785 383 35
872 161 35
386 450 10
701 332 37
569 683 41
300 955 1
642 277 9
785 722 11
851 293 2
657 614 12
248 884 17
750 918 4
665 881 2
597 441 3
420 408 20
426 871 47
13 991 8
595 757 2
166 614 18
7 66 7
456 670 35
911 33 1
836 143 5
929 80 27
365 694 29
884 395 14
949 960 28
179 194 2
784 316 4
235 895 3
642 837 43
898 472 1
496 460 19
6 49 33
22 904 18
152 23 36
853 504 37
538 403 42
269 915 41
976 334 15
431 881 20
950 418 36
849 93 14
504 296 7
922 124 11
51 95 21
492 375 39
333 504 7
832 282 35
633 869 13
837 567 37
210 206 49
242 239 20
567 637 47
422 858 19
463 355 34
487 869 30
961 437 15
344 241 3
892 432 19
123 796 13
484 930 14
849 640 41
278 479 37
671 312 14
258 326 15
677 680 10
861 953 22
437 773 45
311 786 38
911 638 13
261 276 22
694 818 7
723 770 3
558 979 40
380 72 11
15 233 2
77 640 9
439 821 27
498 218 23
388 551 11
184 378 7
652 745 6
845 855 33
569 986 9
758 875 26
399 582 16
811 629 25
394 27 6
515 404 22
707 246 38
845 213 16
299 888 23
687 73 17
412 379 29
98 211 1
627 976 24
44 458 17
781 838 16
374 251 27
359 294 4
692 904 31
948 561 16
51 657 44
560 265 21
167 431 10
467 561 34
608 875 7
718 394 14
471 360 32
52 35 18
542 734 22
967 866 29
382 456 8
994 848 50
716 788 5
581 542 2
472 411 49
905 781 35
464 29 4
602 222 24
1000 502 39
241 854 47
590 5 45
185 845 39
455 943 7
432 168 21
704 579 30
252 922 12
10 834 41
626 617 16
846 174 16
982 427 37
588 142 23
404 111 50
29 270 37
878 806 31
147 260 37
773 912 16
849 537 42
645 63 41
678 853 1
449 311 44
554 174 1
661 78 37
236 264 29
586 575 22
985 70 35
730 84 26
245 33 1
357 651 36
54 469 29
764 206 48
259 176 25
741 211 26
645 880 24
71 777 16
376 985 18
678 40 14
807 948 47
126 814 39
60 747 2
941 727 28
426 198 33
987 934 37
437 864 15
881 954 19
803 213 47
351 157 5
746 524 23
751 537 30
528 3 33
993 133 22
514 730 6
512 431 23
889 380 14
806 465 45
762 555 31
631 379 36
235 426 1
92 406 4
391 293 32
70 283 33
554 736 21
620 435 40
684 76 30
534 334 41
820 89 7
633 732 21
15 755 22
741 471 43
302 63 16
931 508 14
594 509 47
234 305 25
175 335 33
578 726 3
941 470 2
791 988 21
894 56 9
246 916 37
943 695 3
275 932 33
30 678 15
130 749 18
268 486 1
94 320 15
891 297 37
76 759 41
934 395 6
860 272 44
571 473 13
947 482 2
570 727 3
571 784 13
475 169 38
147 369 24
986 67 16
176 581 2
467 872 15
470 879 23
71 653 42
204 993 30
667 33 17
659 210 37
840 975 22
676 405 9
548 582 37
285 872 7
748 615 46
963 244 8
613 970 43
518 496 16
342 480 7
302 516 4
461 139 33
487 80 27
97 842 19
124 501 14
843 466 16
344 604 19
547 11 31
357 562 46
594 572 12
580 621 48
4 323 27
721 555 46
50 334 10
703 606 39
174 120 18
935 222 5
218 871 6
695 144 43
922 681 47
40 711 36
324 349 3
757 430 26
835 181 13
868 458 3
684 809 3
706 646 33
991 477 8
46 216 31
535 289 8
340 299 2
835 768 46
335 532 25
266 646 12
434 591 11
135 577 34
89 881 44
319 703 40
811 899 22
673 756 34
708 899 17
821 657 46
861 781 34
772 745 43
174 191 49
390 532 27
339 411 3
669 771 1
52 918 25
723 222 4
563 110 41
371 150 14
313 563 31
37 42 41
969 272 38
809 349 37
590 384 40
590 528 6
883 710 49
250 833 32
246 114 28
217 624 20
712 917 12
308 505 44
161 883 31
771 385 12
924 646 23
197 305 11
230 969 21
608 928 6
264 829 14
982 822 7
30 696 1
494 353 5
303 152 49
281 413 15
705 700 22
866 606 17
522 587 11
169 208 47
154 971 24
167 32 41
290 590 32
238 141 47
714 132 18
575 769 48
719 224 18
63 367 49
663 820 2
564 1 16
407 813 24
493 853 32
941 453 45
558 349 8
24 997 10
668 486 40
94 332 7
843 785 4
583 570 17
249 801 17
168 176 33
262 158 28
577 812 5
765 583 33
381 177 26
35 776 20
796 409 16
210 576 2
961 566 12
539 145 28
550 160 47
3 311 22
819 676 20
701 358 9
809 129 15
915 329 33
855 486 27
550 56 44
276 415 34
534 230 45
353 872 33
479 308 44
893 202 28
291 409 22
49 578 47
6 220 9
704 797 24
700 130 42
812 131 19
779 886 24
93 271 15
924 621 41
642 850 10
661 158 41
426 250 17
271 477 3
853 55 1
345 349 13
906 688 44
855 68 9
93 424 10
322 18 48
348 878 8
303 441 20
120 872 14
282 222 39
867 495 21
307 531 8
196 937 8
149 761 4
872 127 8
788 798 19
604 779 27
992 901 50
995 703 8
186 161 47
472 77 5
479 466 3
857 48 27
5 356 27
383 416 16
276 309 35
690 848 28
78 180 23
850 243 12
463 415 7
499 30 36
175 183 48
916 215 23
638 723 10
366 242 32
283 793 41
350 946 4
564 238 28
260 151 3
870 827 5
536 855 49
753 918 22
385 820 7
610 286 46
484 396 4
772 248 19
980 376 10
858 814 17
222 19 40
47 254 18
514 934 26
346 824 8
72 929 2
273 877 17
837 670 22
100 327 10
492 747 19
228 340 14
769 549 20
820 655 18
656 773 32
278 986 3
225 512 21
475 764 22
937 939 5
330 338 40
367 239 9
503 642 20
995 604 11
719 961 24
659 657 8
685 146 26
792 551 17
815 87 19
186 704 3
910 717 40
944 123 47
836 554 24
270 39 18
2 49 34
334 401 45
596 4 44
545 298 11
629 638 26
960 848 10
579 286 32
521 790 14
584 545 47
262 447 27
421 436 5
495 437 45
625 290 43
346 240 22
144 161 36
248 254 47
974 422 24
699 553 39
128 339 19
951 468 43
849 534 22
283 91 6
482 395 18
807 714 12
221 673 28
274 314 37
233 634 20
956 736 48
181 667 39
442 918 16
614 487 32
263 540 43
950 10 5
1000 904 6
289 310 14
273 818 30
393 594 12
395 630 17
69 292 29
626 716 4
468 575 33
248 690 48
814 127 11
968 135 33
396 310 5
38 407 16
408 749 37
222 753 11
636 297 9
212 988 12
660 389 9
603 224 22
361 379 42
122 817 6
384 950 45
523 171 12
741 652 11
774 377 35
499 915 19
283 1000 24
922 335 37
984 725 9
12 300 36
189 468 14
491 142 12
17 352 8
207 939 9
49 241 5
408 665 40
724 86 19
824 546 2
3 136 20
329 686 7
219 319 24
794 109 43
748 837 12
848 478 11
852 304 10
478 623 6
45 711 26
813 729 16
773 531 17
789 350 40
744 60 2
345 238 5
734 371 41
727 393 35
948 225 42
679 675 7
422 240 32
182 308 36
824 26 7
662 784 16
491 646 48
502 631 31
861 293 9
278 466 46
698 260 44
647 72 11
817 918 8
498 672 6
772 749 5
794 815 18
82 184 27
485 560 9
487 203 13
985 894 39
564 821 48
65 950 10
58 574 18
714 44 29
750 909 2
812 518 48
204 501 47
581 276 17
576 686 49
508 725 25
935 393 40
979 882 24
310 559 25
311 453 9
932 89 14
233 448 15
314 911 49
136 60 27
634 590 44
732 30 25
987 128 6
687 357 26
852 351 13
45 450 39
307 796 12
510 845 42
752 558 43
545 739 24
295 699 1
135 571 32
914 678 26
554 279 12
758 30 1
781 608 28
424 548 35
379 877 6
984 430 24
449 691 38
608 7 2
443 392 41
327 108 22
735 104 40
23 519 26
837 697 7
54 290 1
794 133 3
186 358 1
848 190 22
910 837 28
764 571 33
578 994 17
916 124 18
137 81 24
609 918 36
457 638 36
430 234 31
209 885 21
592 695 39
175 151 41
91 908 24
598 533 48
499 343 7
814 158 20
320 213 21
505 971 42
348 68 8
580 950 27
326 937 19
886 536 39
536 732 8
936 56 11
649 760 20
149 622 3
534 947 48
998 107 40
440 652 26
465 653 6
611 753 28
161 80 6
21 522 48
556 803 20
182 63 28
535 147 41
546 790 39
536 215 5
731 128 32
525 330 18
452 261 11
996 931 10
389 642 12
566 669 42
754 437 33
890 151 1
925 801 45
306 29 12
110 839 5
499 947 29
67 150 2
722 229 20
171 825 16
559 143 20
248 878 49
15 143 49
228 623 38
330 400 14
253 97 6
966 787 30
383 423 50
845 183 22
439 567 48
719 607 30
992 616 17
745 340 21
314 253 38
454 212 50
940 918 15
533 965 13
56 624 14
461 965 35
498 393 20
834 810 18
63 143 25
864 317 26
973 613 42
672 856 9
181 781 8
56 465 12
529 441 40
126 19 3
59 577 44
177 436 35
615 489 8
14 916 37
997 848 20
544 75 25
874 774 43
376 907 46
640 916 20
19 336 13
735 663 2
839 154 6
506 17 12
792 272 8
48 207 29
922 103 26
57 106 25
2 13 15
534 296 2
901 871 13
301 749 10
84 121 32
988 500 36
936 111 48
787 626 33
51 45 41
139 117 26
179 464 11
825 417 15
556 910 40
437 379 29
770 878 12
728 72 45
548 152 1
287 228 35
933 12 6
890 552 10
848 11 5
826 542 2
480 305 38
397 782 13
692 526 45
231 444 11
412 159 10
621 234 12
765 72 20
560 495 3
902 271 6
180 409 15
117 629 43
99 84 30
489 638 8
561 708 9
454 164 44
552 309 48
318 236 45
262 677 2
805 396 16
17 670 34
985 415 9
133 426 43
377 506 32
562 918 25
683 436 37
781 831 48
536 347 9
238 431 25
389 547 34
358 311 6
289 946 40
736 64 20
951 930 35
548 920 25
509 283 47
586 818 13
591 137 11
974 830 46
402 974 19
667 813 27
912 671 45
214 254 7
718 62 21
462 555 32
524 849 36
91 438 28
213 971 19
957 387 14
508 505 4
25 880 9
494 898 16
841 832 28
947 424 24
197 150 49
570 311 12
226 732 34
265 631 46
430 277 7
197 95 14
416 821 38
717 97 47
515 853 5
373 112 8
371 982 47
184 454 21
773 493 19
311 939 47
660 810 45
135 934 19
756 587 31
494 847 22
796 381 48
884 770 40
667 13 19
720 262 49
677 341 25
9 132 41
245 285 20
707 275 46
559 293 4
781 4 7
96 622 29
328 260 15
763 353 9
520 120 23
280 814 13
830 249 36
306 262 13
421 611 49
876 474 12
253 570 35
205 116 32
644 133 11
243 971 28
155 76 20
584 752 49
247 347 2
760 23 4
672 329 43
298 900 33
45 741 29
937 361 38
281 997 12
260 185 27
606 12 22
121 700 41
82 108 9
250 285 2
717 512 42
254 549 33
640 859 23
949 221 25
541 172 14
755 446 30
286 954 29
169 302 3
709 924 49
26 213 13
331 793 48
895 898 24
52 362 16
946 951 18
308 986 31
605 357 37
722 947 28
75 781 30
728 333 2
786 244 8
222 772 9
788 350 46
969 121 6
471 474 24
197 552 33
114 130 18
67 416 32
915 337 38
602 594 44
287 565 29
371 640 6
894 22 6
231 205 35
313 715 38
169 488 26
693 635 10
331 498 2
666 264 1
129 325 47
785 300 8
741 981 17
937 976 13
451 603 5
200 577 5
80 459 27
495 233 6
806 507 14
541 543 7
12 296 38
70 374 14
643 294 21
57 966 17
70 380 24
993 581 7
519 139 36
699 557 42
611 95 12
7 47 5
730 511 50
791 679 8
447 824 28
245 56 29
21 45 2
901 890 31
554 980 46
513 486 20
128 500 12
893 647 3
704 597 31
399 697 34
787 315 42
205 640 50
597 639 50
290 640 7
355 175 37
97 513 6
913 426 17
2 686 38
527 442 38
745 355 22
464 496 29
711 612 9
411 928 11
461 719 37
535 273 2
709 169 18
176 960 23
374 187 6
437 378 31
872 34 22
193 616 4
844 303 20
563 637 25
946 954 50
686 615 9
328 937 45
161 645 25
901 175 3
581 558 37
224 147 30
42 248 18
111 395 37
877 475 2
826 578 32
558 897 6
662 280 30
136 917 28
28 294 4
561 504 44
741 570 23
685 11 11
676 236 38
988 787 43
487 49 11
632 559 16
545 341 24
765 570 43
177 373 1
40 256 38
941 149 26
549 648 29
255 146 26
924 100 42
824 608 16
577 582 41
551 932 44
674 861 35
834 873 36
905 862 36
975 522 18
464 656 14
860 543 22
761 11 22
778 718 27
516 491 22
888 464 36
130 923 43
680 782 34
524 615 39
417 56 8
448 18 19
244 472 16
301 727 41
331 382 41
782 7 1
291 85 3
912 810 32
355 784 26
742 984 5
322 679 24
276 554 39
272 255 5
483 153 27
504 348 4
728 827 37
650 729 14
322 113 1
625 217 19
825 365 5
791 842 2
809 984 17
724 841 35
351 539 24
622 722 32
879 104 24
723 725 17
226 92 12
619 724 40
478 760 19
824 157 46
485 522 23
328 217 5
581 738 18
773 873 39
557 234 39
140 814 34
449 870 12
571 488 19
612 855 18
922 752 50
664 141 40
633 608 4
498 543 1
135 966 3
165 858 1
473 894 40
360 839 22
366 725 9
197 561 27
125 910 21
624 584 14
822 742 18
203 18 38
681 64 16
916 835 31
359 129 30
672 681 32
47 645 18
600 619 19
58 914 23
926 594 48
975 902 7
87 878 14
589 52 6
20 881 28
920 962 31
502 920 18
803 369 4
770 583 21
853 574 38
322 341 17
484 540 2
277 762 15
675 739 17
176 633 1
95 626 46
644 533 22
751 854 47
513 520 50
756 938 12
500 1000 48
870 607 25
997 126 14
747 431 37
80 313 21
261 532 11
464 817 25
355 638 18
227 293 45
429 708 20
851 282 14
821 915 27
406 745 41
80 808 43
361 1000 13
643 815 39
704 774 8
129 621 36
64 126 39
538 782 31
505 455 2
645 904 16
700 390 16
334 978 17
975 33 9
104 341 47
751 21 33
106 851 43
459 310 12
47 105 35
591 854 3
474 850 23
682 764 16
449 129 5
606 673 28
688 526 32
756 389 20
938 998 42
970 615 14
236 742 4
587 622 15
450 236 1
576 575 29
835 324 26
93 812 33
879 277 3
936 943 17
117 679 31
859 958 30
583 641 32
471 630 5
406 180 5
839 128 34
967 913 8
425 30 4
523 273 3
14 608 37
499 601 29
309 51 42
244 208 46
955 1000 49
374 749 18
294 123 14
381 764 31
46 162 12
42 823 11
711 250 27
766 176 16
855 818 29
309 11 36
927 393 29
471 961 28
361 244 37
784 15 40
687 555 10
618 843 26
439 597 7
700 188 34
892 490 37
17 148 13
112 961 44
914 871 30
523 566 1
621 592 44
954 430 14
213 162 5
385 122 47
42 446 2
863 961 1
67 14 34
189 565 20
90 327 17
617 792 25
838 218 16
475 812 21
811 341 25
941 367 43
496 271 1
345 840 47
577 862 38
251 826 14
384 269 7
433 649 10
310 999 23
551 599 11
687 493 33
64 198 48
962 53 40
132 849 47
785 791 37
161 442 33
102 813 21
3 46 16
383 171 3
513 83 12
767 487 36
740 88 24
337 459 3
897 929 6
421 20 50
217 521 39
876 498 11
982 139 19
764 907 8
572 55 5
737 613 34
381 129 30
978 892 35
3 777 46
884 431 2
156 861 24
92 293 7
738 58 47
943 996 5
688 338 35
56 788 35
626 605 16
677 430 8
186 669 21
840 50 6
395 452 12
596 345 9
134 193 24
468 995 15
679 151 33
445 562 15
805 152 38
465 671 46
57 344 12
411 818 3
515 867 42
711 208 36
209 290 12
871 963 47
390 193 5
623 451 43
494 742 37
332 86 27
584 524 40
59 794 40
935 630 8
150 398 9
751 807 9
21 515 16
632 451 46
8 899 38
241 795 28
145 256 42
297 458 21
830 535 6
771 31 29
869 900 2
37 611 7
800 359 34
741 893 9
367 521 50
227 633 50
855 17 36
34 856 26
963 207 30
350 620 24
369 740 7
478 673 16
114 709 3
842 867 23
356 530 43
150 238 32
695 112 29
291 718 19
115 720 30
472 887 36
197 765 3
970 721 1
839 100 17
731 667 6
309 735 11
368 797 3
359 53 5
189 702 18
380 884 12
462 677 2
681 73 11
488 982 20
151 901 17
185 163 1
857 51 38
373 2 43
503 529 4
678 511 47
211 129 30
178 979 3
733 699 29
951 122 19
73 997 12
819 567 36
466 751 9
711 277 27
419 315 39
671 719 37
872 569 4
291 943 36
288 295 50
196 392 2
780 823 48
425 993 14
864 435 5
62 716 29
800 5 6
324 301 28
47 118 13
942 181 43
629 956 41
510 967 17
241 643 1
544 204 15
144 223 20
112 815 22
232 771 36
652 581 9
15 325 28
59 213 9
295 746 32
187 787 5
2 494 45
131 159 4
45 123 42
712 61 4
505 283 29
797 439 14
391 702 28
391 715 3
112 154 38
714 56 2
141 824 42
344 930 15
654 67 1
613 37 36
127 577 33
820 176 24
224 120 27
659 603 6
600 193 40
461 711 29
521 173 38
603 794 41
475 838 5
207 329 28
81 463 7
76 988 33
344 809 8
962 491 1
731 73 24
114 468 18
412 847 4
12 894 26
725 40 5
235 103 9
610 118 15
855 772 11
724 103 22
548 425 6
61 536 10
165 667 24
724 370 11
623 371 19
629 320 32
875 296 7
693 477 4
88 858 47
458 931 37
278 645 37
473 353 39
497 699 19
528 366 19
262 999 1
532 13 36
239 608 15
322 261 45
704 661 37
539 321 46
548 995 31
207 450 20
618 656 9
721 422 24
552 96 36
389 285 30
445 165 44
145 564 30
511 603 47
496 524 47
124 66 35
953 80 29
59 3 23
976 994 14
955 348 25
402 169 7
562 899 36
818 815 5
722 75 21
576 50 41
772 307 34
288 728 50
867 627 45
92 781 30
769 521 15
600 147 12
284 924 11
176 82 33
583 137 8
166 731 22
650 506 38
759 960 50
923 144 7
247 859 6
42 769 42
279 973 10
275 919 46
276 185 15
576 118 33
510 882 46
704 112 38
482 177 19
193 767 18
919 728 13
199 281 42
852 472 9
498 22 8
928 94 48
32 556 22
334 211 24
478 594 39
783 883 15
312 970 15
993 571 46
105 480 18
81 252 26
979 551 16
276 484 19
688 360 32
308 648 21
596 189 27
553 228 1
26 887 46
45 39 32
499 999 25
337 726 26
514 400 50
504 768 20
710 375 18
198 902 25
50 16 28
244 83 21
234 732 3
656 274 1
466 169 21
838 38 19
338 367 36
800 99 19
249 554 21
310 907 18
29 937 30
319 811 26
525 552 12
400 561 4
993 674 16
803 145 7
771 518 31
919 565 38
201 641 13
499 318 15
384 200 32
333 20 6
316 997 10
829 580 7
177 300 3
641 227 12
721 348 8
456 682 19
314 968 24
507 673 27
790 891 39
635 377 1
576 777 44
24 325 15
941 33 30
106 938 8
898 214 45
777 520 4
499 34 29
157 51 26
981 862 45
395 922 43
311 399 39
13 679 24
958 917 38
490 482 17
262 189 15
433 492 43
523 509 21
829 882 29
39 174 37
129 611 17
793 545 37
121 937 26
652 750 25
404 177 27
970 928 20
145 716 16
407 16 4
475 30 40
843 384 26
370 774 41
776 939 30
743 631 24
14 729 12
144 465 20
919 507 2
842 604 1
811 787 34
698 323 39
992 827 17
385 725 18
258 957 31
653 940 11
552 265 24
380 512 32
182 307 36
943 382 8
683 871 14
477 710 8
451 733 19
125 904 5
653 532 20
691 127 42
948 324 22
672 236 22
251 897 25
764 918 34
970 656 13
472 8 50
402 99 27
803 391 25
984 920 28
830 779 20
84 216 9
346 48 1
64 909 3
815 326 32
419 813 31
23 339 1
49 655 49
752 450 23
612 881 3
299 327 29
162 911 34
615 464 20
642 54 50
205 46 44
427 664 8
273 766 37
175 537 47
402 715 16
688 871 28
869 419 19
796 772 45
83 237 4
601 866 2
556 252 1
373 983 40
271 855 13
455 653 4
393 630 13
251 152 1
122 383 2
576 102 5
554 883 43
643 246 49
130 233 12
402 612 2
198 171 2
897 980 5
460 412 49
283 873 34
244 416 27
393 721 1
236 847 46
480 930 24
232 671 18
235 763 9
200 339 7
39 800 31
231 198 13
912 650 1
311 664 4
572 482 36
750 541 37
911 795 24
709 691 31
519 231 50
989 94 7
632 524 32
842 610 12
532 813 25
896 224 18
515 342 12
641 908 31
863 51 25
233 430 32
826 969 39
443 541 36
588 237 42
374 627 40
95 904 28
545 864 34
702 317 44
592 679 37
741 151 31
799 193 21
399 521 6
94 191 16
336 780 38
696 637 31
678 330 35
588 576 50
61 251 35
946 754 32
899 615 8
619 773 6
723 829 36
366 243 8
431 307 44
651 954 24
280 515 14
458 201 38
674 354 17
617 370 14
865 736 23
310 797 42
323 756 13
135 556 46
186 639 21
648 594 16
356 813 40
886 607 5
680 408 13
974 955 27
658 50 33
853 836 37
80 320 32
962 792 32
362 614 33
419 374 21
505 995 21
802 632 1
804 76 6
72 881 25
118 597 32
800 345 48
189 168 17
787 985 22
349 846 31
360 803 39
456 265 46
44 759 17
675 355 19
29 982 25
460 445 2
337 8 2
373 844 13
224 446 46
141 415 36
590 869 20
808 642 47
51 303 43
981 914 43
184 74 4
376 400 27
39 390 35
609 152 33
624 981 21
350 32 28
851 394 2
243 147 34
91 139 37
214 106 1
722 931 48
261 145 9
228 586 30
111 722 11
246 130 5
463 994 8
643 519 7
547 284 22
913 920 37
368 931 42
467 412 37
493 948 3
44 288 32
138 163 23
206 624 41
414 48 4
409 309 20
56 166 20
897 358 5
274 215 41
446 816 45
945 548 36
929 312 45
16 978 8
975 8 2
12 220 19
306 569 42
226 551 16
3 581 33
12 93 31
920 471 41
596 734 8
111 698 23
539 662 9
368 420 2
903 421 22
864 870 5
775 245 5
170 402 10
624 474 2
501 590 21
938 312 1
535 182 9
966 182 29
349 66 4
332 559 40
747 270 4
337 531 27
3 818 27
663 150 24
363 39 11
65 678 18
407 598 24
279 299 37
536 301 7
225 798 33
568 963 37
342 631 32
18 288 4
441 723 20
891 869 27
135 785 8
126 319 6
468 425 49
798 94 15
537 255 15
821 337 12
677 260 42
315 586 38
570 690 22
712 604 13
776 456 25
344 631 1
803 557 39
817 996 37
409 795 29
89 641 11
473 654 16
977 291 3
455 821 48
608 268 28
262 537 24
887 886 2
61 835 9
148 824 48
661 33 41
392 926 2
221 90 35
827 235 7
81 993 12
994 467 3
164 326 17
388 323 33
480 107 1
606 151 3
981 672 5
70 203 38
311 819 36
276 858 23
269 172 10
242 347 8
713 462 47
427 243 47
63 222 50
165 508 20
347 406 10
793 423 24
227 389 9
587 840 30
426 543 18
100 455 22
698 863 20
685 583 37
695 330 4
776 649 23
346 399 19
545 90 32
740 552 36
681 674 7
446 115 13
430 797 19
475 209 41
932 606 21
201 564 8
467 648 25
780 989 21
870 90 40
790 265 37
193 364 34
780 73 25
263 444 35
142 320 1
831 428 31
601 29 20
592 650 20
375 548 4
349 1 40
818 117 24
348 641 26
330 907 49
969 702 28
952 225 46
585 105 32
964 936 13
395 129 33
825 191 8
467 334 15
640 888 46
711 710 3
929 202 4
120 961 27
696 835 12
277 685 37
211 169 6
686 15 44
309 756 20
568 540 4
645 197 28
231 673 31
544 910 38
722 470 13
295 815 13
208 580 50
159 449 48
480 30 26
19 605 18
961 9 23
555 735 3
731 921 7
690 247 1
129 775 29
955 609 2
253 950 12
526 987 38
496 67 42
121 400 34
279 387 43
54 734 32
28 714 10
127 995 8
555 589 22
342 127 16
316 680 11
223 529 42
123 764 19
761 690 16
913 224 10
80 32 10
875 520 33
453 332 34
347 519 4
16 161 48
576 797 28
426 37 22
912 350 12
407 981 43
920 260 13
859 95 30
61 638 3
918 669 40
502 977 20
745 210 19
152 378 23
596 124 43
639 843 12
561 326 28
669 647 5
119 797 47
392 762 42
183 105 29
13 719 29
272 600 31
454 421 30
519 93 3
192 530 44
856 957 27
102 175 16
418 483 1
333 688 26
767 242 14
27 123 48
177 164 41
818 719 17
468 835 8
939 267 25
222 238 39
386 153 50
642 350 2
509 610 3
341 712 13
455 989 8
862 578 47
340 257 21
104 44 7
372 543 12
700 572 41
509 920 14
902 173 50
46 354 18
278 858 5
486 569 2
621 28 33
111 466 14
152 957 22
172 726 40
847 273 22
32 526 18
926 127 18
584 401 30
159 783 44
67 444 27
603 632 12
195 507 23
644 789 50
16 228 4
349 192 38
131 375 24
133 973 16
820 188 5
289 415 24
431 785 12
73 168 38
505 97 17
941 999 34
443 763 37
820 369 44
773 585 4
103 461 38
481 533 9
513 749 8
45 628 3
767 241 49
280 822 35
522 94 25
856 511 28
445 240 49
740 330 6
71 110 38
28 716 5
184 585 1
492 29 21
137 990 38
891 599 37
840 955 30
675 625 24
575 532 34
277 739 16
86 844 39
106 499 20
554 495 30
828 215 2
919 393 36
302 20 46
448 485 28
230 528 32
134 809 15
818 278 1
921 37 46
801 240 5
820 87 2
24 677 9
977 579 17
802 620 37
924 511 19
90 970 29
196 757 40
776 596 31
755 776 18
558 81 45
546 589 8
931 517 12
585 61 22
436 246 27
476 163 36
962 512 21
980 953 43
277 337 34
869 221 1
11 857 30
556 45 21
189 599 21
493 716 27
363 857 31
911 912 45
569 3 15
226 854 26
439 704 13
922 897 46
40 217 4
559 596 48
85 949 36
873 670 13
338 660 17
542 168 2
136 323 37
669 750 29
979 871 27
323 352 38
251 775 11
668 801 35
931 815 36
467 943 3
359 692 45
3 974 9
869 463 49
407 122 25
455 223 32
196 657 5
313 282 35
870 915 32
792 830 50
170 274 28
875 785 28
217 962 23
861 577 2
148 24 26
304 273 5
766 681 13
688 167 29
792 116 44
237 430 3
97 67 16
724 69 34
617 853 16
941 938 4
98 490 33
556 552 26
828 790 5
12 282 1
405 86 21
827 754 1
143 342 10
396 886 4
245 393 2
762 381 38
602 203 21
206 67 2
594 759 18
936 533 34
556 644 50
721 412 35
84 632 17
219 799 49
449 701 5
603 746 12
945 468 9
75 878 32
273 474 29
545 614 37
260 216 3
133 639 31
854 870 14
387 693 40
50 386 8
900 328 3
117 524 10
893 970 14
493 320 19
756 148 42
860 758 2
43 993 14
877 747 43
144 977 25
641 987 2
911 731 18
459 49 25
568 286 9
965 363 23
867 927 3
654 463 38
599 343 50
436 20 2
422 216 3
77 229 29
703 844 49
68 900 34
377 641 16
912 212 17
79 251 28
188 926 31
45 831 7
24 643 47
717 715 49
132 503 13
406 118 6
377 741 16
148 531 11
980 713 50
43 925 20
702 879 16
477 774 28
420 806 47
233 751 24
238 377 2
243 977 27
40 363 27
868 658 43
164 605 24
813 605 13
233 147 14
685 494 23
959 249 34
863 337 26
823 2 44
448 206 23
845 41 37
270 659 21
780 396 5
299 896 45
204 981 39
735 313 38
134 880 2
485 159 49
920 707 34
353 953 42
894 841 27
67 634 16
17 469 29
466 160 14
26 207 18
543 232 42
663 498 7
555 534 9
533 460 2
762 212 20
37 7 36
135 873 24
610 484 33
986 891 37
199 449 19
490 680 9
650 728 25
538 670 16
593 510 13
651 585 40
146 405 4
52 250 28
116 481 27
159 452 44
871 578 39
54 81 19
600 925 15
483 516 4
55 200 6
983 179 34
923 279 40
664 499 38
26 54 1
249 877 31
574 838 26
52 320 28
222 20 18
272 398 10
35 744 2
793 150 30
190 327 50
474 815 13
52 601 9
496 914 27
742 664 20
845 780 40
676 954 2
320 357 28
144 81 30
624 508 49
975 58 12
22 939 5
62 351 45
60 256 2
436 926 40
893 563 28
42 218 18
83 913 22
73 389 3
992 652 28
610 647 39
959 289 26
241 280 30
225 405 23
937 812 43
711 958 34
239 426 12
505 25 43
160 73 41
549 962 43
862 239 17
380 53 42
313 129 38
568 430 47
994 414 33
965 389 34
137 911 2
245 297 1
730 590 19
670 484 1
23 437 4
898 142 35
19 964 4
460 953 19
861 663 19
543 365 7
350 374 44
500 664 34
750 457 14
412 383 2
317 525 50
433 199 50
663 268 24
317 704 35
994 360 6
2 671 49
527 677 44
393 780 6
86 906 35
128 72 46
792 949 50
302 92 37
811 195 34
661 425 28
601 997 46
265 939 16
450 368 1
93 458 47
898 322 7
914 670 42
201 931 47
662 812 41
241 802 26
363 374 32
266 950 24
309 402 36
703 864 40
238 731 18
607 202 23
871 127 42
823 940 25
329 242 6
334 15 28
285 627 4
885 258 9
528 863 22
524 5 38
104 691 14
143 866 3
76 239 3
329 241 32
495 747 11
268 71 37
844 546 6
766 980 38
74 694 18
496 225 8
810 58 3
650 194 2
76 419 46
517 860 7
269 182 31
739 21 46
23 338 6
822 395 13
597 693 8
228 140 37
531 125 4
631 536 34
559 828 11
53 775 25
679 688 28
242 631 32
304 723 8
117 31 2
434 702 10
37 306 40
809 603 11
955 555 36
339 995 10
42 505 16
426 196 33
868 992 19
131 826 9
835 994 33
227 519 34
415 652 18
967 454 7
120 271 9
287 606 20
316 691 39
306 355 22
682 399 1
321 353 46
745 460 38
70 192 10
952 590 49
825 369 4
251 321 21
6 628 11
285 117 40
161 821 12
904 180 36
327 886 39
586 565 6
886 661 42
919 985 31
349 315 25
905 94 37
995 525 31
855 505 20
752 893 35
975 355 24
637 930 19
450 43 44
383 120 33
69 598 2
324 250 34
211 874 3
679 519 46
846 968 9
78 630 25
780 931 25
505 144 8
879 281 21
63 276 4
298 497 45
566 152 5
388 190 16
774 814 14
12 947 14
710 737 50
782 386 13
397 155 8
645 136 7
479 293 30
971 147 12
299 584 8
822 616 4
173 474 4
981 399 32
850 693 1
586 558 25
352 535 21
798 547 26
11 613 1
714 114 46
138 228 34
268 187 14
307 823 36
734 731 37
337 245 32
349 446 20
90 34 29
375 409 27
805 351 23
813 465 34
95 334 13
904 596 11
71 388 33
435 418 16
249 17 43
601 119 49
271 921 47
652 36 36
573 198 4
499 587 41
497 715 48
52 833 33
119 448 28
302 772 36
384 244 19
242 940 3
268 456 28
489 125 49
960 964 43
206 466 35
66 793 7
993 514 41
337 906 33
182 554 6
555 838 13
696 289 33
992 714 19
611 70 21
720 881 26
703 337 41
914 453 39
376 467 22
381 754 39
252 573 27
999 273 9
508 665 6
420 401 21
257 128 6
363 109 30
772 502 29
176 277 16
579 55 43
915 715 44
387 336 47
112 747 47
903 804 12
793 573 15
809 14 32
557 344 34
837 143 45
31 451 20
921 342 18
971 280 3
649 468 27
788 360 23
674 776 11
255 500 3
443 256 46
506 593 34
530 984 14
252 729 20
144 246 5
47 854 8
912 621 18
965 896 19
97 161 24
773 457 1
747 310 17
327 805 45
284 466 15
254 463 1
877 985 22
667 873 6
14 561 45
72 29 9
275 368 43
916 99 45
823 544 33
369 760 8
147 319 24
917 905 22
98 937 48
373 309 7
888 253 3
430 290 22
588 599 20
631 13 19
25 105 3
879 93 41
126 417 3
172 288 7
451 710 20
520 477 4
681 860 46
804 769 34
997 942 30
956 62 38
793 670 34
238 173 8
359 253 29
619 312 5
