1000 439 44
100
25
10
3
18
7
49
38
6
4
45
20
12
4
8
50
3
47
41
40
36
23
30
1
23
36
6
15
30
19
6
15
8
4
33
1
46
32
9
8
16
2
1
14
35
13
30
13
5
25
2
30
15
22
42
13
34
12
12
33
26
46
8
33
5
5
6
5
49
28
16
41
42
18
27
33
34
34
35
22
15
3
41
31
34
26
31
24
5
32
49
37
46
10
17
41
26
39
23
33
18
23
14
37
27
49
4
19
35
48
24
12
5
29
31
1
6
47
35
31
41
24
19
23
42
4
12
35
40
41
18
6
41
50
4
18
28
34
32
27
36
39
3
50
37
35
18
46
47
30
41
15
40
15
13
1
12
35
12
2
21
20
5
21
18
5
29
49
2
36
33
15
19
40
28
15
19
23
17
39
22
20
6
19
9
27
9
4
43
38
29
37
25
49
39
49
45
13
24
24
31
47
1
35
30
40
12
38
35
28
45
12
12
34
24
20
19
31
38
35
47
30
25
41
28
5
14
39
5
2
27
4
14
20
8
36
24
35
32
20
28
50
16
18
46
23
15
48
30
3
36
20
1
34
39
41
7
18
8
49
21
28
10
28
24
41
47
46
5
18
13
1
17
35
23
28
42
16
11
3
33
26
13
25
46
32
40
10
10
50
41
30
49
48
48
47
45
3
49
49
26
37
41
16
18
22
8
27
31
41
22
29
9
32
43
4
44
30
27
22
1
34
18
21
43
34
19
37
19
28
39
48
32
13
19
22
46
28
39
50
9
32
31
12
37
35
50
19
3
15
15
2
11
1
7
19
45
10
39
11
42
21
9
16
24
37
41
18
16
27
30
25
21
15
10
45
35
13
16
24
32
49
40
40
38
19
40
45
7
27
33
36
47
45
11
30
40
21
34
26
47
15
48
43
35
49
42
25
4
39
18
47
10
9
11
34
15
12
41
23
47
36
16
14
44
7
15
20
25
18
6
23
39
45
47
4
11
37
8
12
11
11
46
11
6
26
46
45
12
11
25
8
13
33
6
19
10
31
36
18
17
30
34
17
44
31
20
34
39
6
25
36
2
35
49
8
21
4
33
23
30
28
6
25
50
49
45
28
41
33
36
32
5
30
10
28
13
6
42
5
38
10
43
23
13
12
6
30
8
50
4
12
10
42
48
22
30
37
28
22
45
49
12
31
30
48
8
22
45
26
35
5
25
18
4
18
18
38
7
41
28
32
45
9
23
31
11
13
35
11
19
19
11
14
45
36
10
5
6
45
13
26
12
28
11
11
32
10
4
1
6
1
20
42
17
46
24
19
18
10
33
18
8
28
30
39
21
20
38
12
34
44
48
41
50
5
44
9
21
47
29
44
27
33
6
16
3
22
37
26
39
33
48
29
5
37
47
18
31
44
39
38
32
24
10
28
12
11
35
49
33
24
42
16
10
5
29
3
2
10
24
27
33
4
13
13
29
2
20
44
48
5
39
42
39
32
28
16
45
24
24
25
32
28
50
44
42
1
3
47
3
5
48
7
10
2
49
45
4
9
23
45
29
37
41
3
16
24
31
28
24
22
21
49
36
21
44
20
27
12
39
45
10
30
1
21
40
27
22
8
22
31
43
4
40
10
32
16
46
45
6
37
6
35
43
12
19
47
9
28
49
4
16
12
39
4
47
45
1
3
33
1
23
19
47
30
22
44
20
41
19
12
6
5
40
24
34
25
42
43
46
34
20
5
48
39
11
7
36
13
6
13
42
35
21
17
15
49
28
4
44
13
35
6
22
34
48
10
13
13
50
26
20
32
37
6
43
4
27
38
8
17
50
18
26
33
21
34
37
50
1
23
29
31
18
3
47
37
23
3
43
1
44
23
32
48
36
22
40
4
28
26
24
18
10
29
16
22
12
37
11
21
38
13
9
1
45
27
30
46
42
20
22
18
15
36
3
44
41
15
45
7
50
33
35
21
46
25
42
38
42
9
24
48
39
13
37
28
43
17
31
42
24
48
40
20
7
42
9
30
44
29
16
37
44
8
1
40
20
4
38
10
50
46
31
42
19
44
17
28
13
30
25
37
31
22
29
45
45
22
18
26
16
43
42
16
7
45
3
20
22
26
17
45
2
29
33
19
46
3
1
47
32
16
36
33
10
48
8
35
14
5
38
41
26
29
14
18
12
49
2
29
47
34
11
32
16
29
12
41
6
34
30
25
9
26
39
1
8
29
39
22
14
16
36
28
35
18
32
19
31
8
30
49
19
45
31
29
41
49
339 320 32
606 927 15
503 564 22
420 833 22
197 499 27
886 952 8
18 937 19
804 854 16
550 77 5
946 189 19
116 997 1
645 773 7
240 298 6
400 550 12
348 190 11
259 400 7
549 130 33
725 95 4
659 329 45
299 911 32
684 464 34
175 334 42
523 634 8
875 85 18
462 197 25
129 646 46
631 899 7
440 926 8
870 515 5
418 608 2
926 941 14
3 906 1
84 501 2
529 64 38
598 399 7
249 582 4
325 255 32
34 295 20
24 245 21
653 596 33
152 41 4
541 539 1
833 679 21
792 268 15
543 648 30
221 793 6
464 605 7
564 976 17
589 224 1
41 764 11
925 569 23
605 299 3
381 23 16
95 579 9
297 152 14
340 714 3
501 354 2
120 679 50
297 931 32
651 193 38
511 958 13
743 731 20
748 620 14
50 686 19
503 583 40
223 373 12
13 837 5
504 524 7
262 23 25
731 321 39
823 504 5
723 494 5
499 788 33
483 921 1
364 941 27
63 667 2
980 195 12
323 759 16
204 633 15
59 46 5
88 806 21
56 776 10
367 410 13
138 259 31
936 673 12
333 601 18
303 570 48
484 474 16
86 136 10
490 204 26
454 356 31
595 287 24
608 260 11
753 169 5
873 280 16
488 645 12
124 511 35
303 59 14
436 819 21
330 203 28
8 45 9
139 396 15
791 137 25
666 575 39
998 503 4
252 127 17
140 307 4
716 898 7
787 88 14
170 143 15
469 257 14
654 740 32
57 980 3
310 140 2
130 790 27
524 555 8
54 199 18
744 922 41
247 560 14
623 800 26
825 824 15
210 796 20
997 469 10
612 113 12
883 939 15
474 725 31
425 696 32
234 883 7
389 938 7
376 517 36
429 219 15
790 113 1
567 736 26
378 693 42
315 229 28
960 76 35
807 709 19
546 247 18
377 541 30
816 223 3
299 908 48
143 68 1
113 732 1
62 459 39
647 895 7
477 537 17
907 661 19
555 529 24
356 627 1
733 516 13
749 524 22
558 306 5
77 490 16
187 13 5
557 46 33
342 984 18
561 154 2
137 546 9
793 706 15
686 912 3
412 484 17
196 441 21
574 981 46
583 247 36
608 333 10
45 642 32
195 9 38
304 743 16
307 747 2
287 792 13
321 787 1
14 953 2
329 439 8
682 362 39
410 589 19
928 909 28
1 129 2
74 666 18
677 377 8
257 653 2
582 102 17
225 205 15
504 733 14
941 631 1
243 49 7
399 222 16
320 815 50
16 412 27
573 254 11
580 46 31
560 322 24
943 207 1
46 208 3
232 694 31
78 340 22
373 128 7
533 930 10
153 454 22
208 190 14
279 192 9
939 603 32
800 651 4
251 271 35
642 330 12
924 447 1
997 547 42
331 105 20
309 996 35
791 757 7
231 524 16
33 526 1
75 736 35
929 832 2
133 230 17
583 381 6
836 805 37
899 432 15
905 769 31
685 623 38
673 291 37
224 761 20
890 444 21
15 847 1
895 570 16
401 716 43
328 860 4
964 462 50
552 152 18
921 936 8
903 682 38
992 418 2
591 527 10
678 685 42
251 147 5
392 1000 1
285 26 31
369 307 45
812 408 49
131 523 20
955 508 13
348 56 8
192 282 16
235 999 12
23 688 14
396 984 34
755 246 4
709 194 13
537 753 14
105 929 15
447 518 12
879 303 6
952 685 3
679 513 1
847 96 35
282 210 20
314 214 29
839 896 23
740 184 2
192 426 49
761 885 6
102 905 17
517 723 24
726 323 1
728 593 42
627 606 5
422 819 19
796 103 1
495 673 28
706 886 12
902 232 3
646 224 11
488 942 18
648 816 2
627 890 1
96 234 25
322 523 33
494 820 18
885 440 19
354 597 31
945 153 22
857 477 3
62 593 20
984 139 15
993 343 17
487 879 32
516 243 22
876 887 23
368 245 23
630 463 42
596 304 5
184 296 5
732 133 4
222 160 36
444 487 3
696 558 16
754 401 1
459 221 27
280 564 2
593 138 33
714 552 3
219 573 28
202 459 16
855 558 37
529 943 42
927 561 22
820 240 2
64 825 3
284 10 45
129 563 13
796 512 40
759 967 3
362 339 1
679 581 40
854 225 11
769 315 3
384 869 2
196 21 7
85 595 23
230 374 2
937 328 1
199 873 16
413 825 12
633 903 48
868 982 11
288 338 42
933 712 7
826 641 49
824 569 9
601 310 25
575 84 1
897 451 21
885 584 32
222 945 23
983 512 21
556 738 39
147 684 18
967 74 4
539 943 1
644 342 4
268 6 31
976 429 24
439 993 4
784 546 24
788 726 10
612 62 14
603 902 6
931 494 43
496 241 40
906 462 10
856 376 21
349 651 10
193 185 11
911 231 8
190 992 14
301 437 20
518 120 11
912 728 26
6 677 5
285 595 43
776 807 10
515 167 22
222 298 50
291 875 39
983 598 2
26 420 36
343 279 27
944 278 26
232 196 1
819 8 14
747 116 4
194 903 37
120 549 25
325 584 44
547 75 7
570 983 1
128 532 49
298 422 2
959 928 33
432 804 3
973 628 47
27 845 43
927 856 6
569 752 1
103 249 12
634 367 3
943 857 24
47 348 21
169 57 1
860 754 13
938 654 16
296 648 17
92 644 4
832 924 8
837 389 9
354 78 1
308 449 1
547 998 4
73 204 41
579 54 8
898 3 22
773 187 16
207 15 4
432 561 2
112 16 12
461 252 15
688 933 18
128 50 7
306 659 14
548 604 9
712 425 10
21 612 16
205 392 24
289 369 35
513 907 3
374 47 3
203 99 1
939 479 39
806 461 25
185 18 8
661 483 11
49 488 3
129 251 6
320 647 6
992 35 9
366 627 38
633 331 29
225 666 42
99 547 15
836 169 33
752 92 12
764 285 4
261 902 39
127 823 10
808 592 26
396 267 15
396 890 23
195 791 23
254 207 29
229 112 4
