1000 3000 100
100
24
35
18
3
17
12
8
20
37
12
4
4
11
37
27
23
4
14
22
12
42
4
22
4
12
27
44
30
24
44
30
5
17
42
19
3
21
37
41
49
18
10
23
48
34
47
10
6
33
17
4
35
22
21
27
47
47
37
36
11
34
7
40
34
20
10
4
3
4
12
39
19
50
32
4
50
28
18
42
38
43
27
4
46
13
21
2
40
5
21
24
31
12
8
16
45
2
49
5
7
14
22
20
24
21
28
18
48
21
28
8
37
29
3
48
37
27
9
39
15
15
45
9
18
19
6
42
18
2
11
30
14
32
29
46
10
24
28
40
15
42
2
49
1
39
49
36
5
11
24
37
33
16
25
24
2
12
5
50
24
36
16
20
20
20
17
18
42
23
37
14
1
11
47
36
19
26
22
41
48
46
15
3
45
43
9
6
1
13
47
19
24
46
43
17
45
38
3
43
23
8
42
32
32
24
27
5
23
35
35
16
39
43
25
21
39
28
6
16
3
12
33
49
49
8
28
28
27
34
21
7
19
20
10
50
35
5
2
16
46
32
37
45
41
16
45
12
22
50
17
46
10
9
39
3
38
14
32
7
15
1
50
9
40
29
11
46
29
11
5
36
48
27
35
26
15
9
11
21
3
35
44
4
43
13
16
12
15
39
26
37
40
38
36
49
37
2
9
37
21
7
20
24
37
40
2
24
30
14
20
42
4
38
19
21
16
30
34
9
14
22
3
29
42
3
41
43
21
19
1
23
32
25
48
2
31
42
27
23
47
48
12
39
25
43
47
12
32
40
8
34
15
32
20
7
36
7
48
23
20
35
6
32
35
17
46
38
33
37
18
32
48
19
40
10
31
29
34
5
48
11
41
21
42
41
17
22
9
8
36
8
5
9
8
7
22
38
20
12
29
12
22
39
27
5
19
15
41
18
33
36
3
22
49
20
19
32
19
40
49
24
22
43
48
31
46
26
21
7
27
25
45
27
24
32
27
28
16
35
11
30
31
38
15
44
40
34
1
23
15
21
1
50
3
46
4
30
47
12
35
17
22
39
2
39
5
44
9
20
8
46
4
15
32
33
9
24
23
39
1
35
48
19
50
12
31
9
13
34
31
35
7
40
10
27
17
39
2
25
11
23
18
9
6
44
1
37
30
22
9
32
11
14
28
46
38
23
1
50
46
24
2
34
29
15
14
49
21
5
25
42
23
7
34
28
37
26
29
31
13
39
7
4
23
40
27
7
42
48
24
31
39
13
20
32
2
46
24
46
5
43
21
6
14
35
14
36
48
47
12
39
49
46
13
34
1
49
31
34
46
1
29
12
33
26
45
30
33
46
38
49
19
42
7
5
50
45
7
20
32
33
30
24
1
4
37
18
1
30
34
5
7
17
38
4
36
19
27
22
11
17
38
46
41
45
17
33
42
40
41
26
31
47
42
19
23
24
7
39
47
34
17
29
13
28
5
8
45
15
48
50
3
13
41
29
29
19
25
27
5
33
42
30
49
8
7
33
4
27
11
20
34
29
20
11
30
16
41
6
19
1
41
28
36
17
41
13
9
3
14
33
2
1
50
35
38
20
17
26
27
26
34
44
28
24
43
42
1
15
4
5
25
17
2
22
48
4
46
4
27
32
14
49
17
29
31
10
21
17
27
29
42
23
29
50
46
45
1
26
32
15
30
37
1
17
45
44
18
40
4
27
29
15
17
30
22
19
38
30
15
9
26
29
44
11
31
31
14
29
34
49
23
43
45
25
6
35
46
28
46
45
22
2
38
30
39
35
4
5
40
16
48
6
47
16
1
7
31
49
12
34
9
9
40
38
1
33
12
35
17
39
4
3
29
44
33
47
7
15
48
43
30
41
17
42
38
41
17
14
23
15
8
11
25
16
8
40
24
11
49
29
5
44
15
11
12
46
8
40
3
11
42
14
12
12
25
19
34
15
14
25
38
18
30
32
1
16
16
43
26
28
34
4
46
1
8
4
27
48
24
47
7
26
41
44
38
13
7
30
31
39
28
11
30
47
27
46
31
7
9
29
23
45
12
22
10
43
34
1
4
40
36
47
16
30
40
50
13
34
35
17
15
12
42
49
3
22
32
47
45
48
38
20
17
6
4
20
19
38
18
9
47
9
43
34
10
40
50
27
3
37
30
28
6
15
43
15
40
22
31
19
12
17
31
26
15
23
32
39
49
29
6
50
39
2
23
40
27
50
49
32
40
40
4
48
14
17
27
38
23
15
41
26
36
17
24
30
30
31
288 712 2
899 186 7
922 25 30
684 745 49
377 930 7
314 558 8
202 472 10
325 614 26
596 956 43
754 306 49
445 50 26
484 768 19
444 135 17
196 918 41
957 557 13
193 999 3
212 468 5
236 167 44
553 389 14
350 847 23
361 305 10
319 602 8
303 29 25
247 936 48
177 80 14
622 617 19
356 758 36
415 635 19
788 977 23
647 260 44
487 350 35
122 532 27
405 717 5
514 848 45
95 676 47
470 499 48
36 497 14
535 967 41
911 861 27
524 9 6
261 712 12
678 250 41
544 242 47
260 578 36
270 235 13
77 544 15
331 198 41
729 195 6
4 603 12
412 278 17
540 662 42
532 35 29
576 404 36
255 919 35
582 113 14
844 835 41
586 271 7
819 117 38
557 572 16
23 256 46
286 185 35
515 288 30
653 443 37
269 518 19
239 505 3
282 221 24
364 775 27
219 213 1
525 392 50
315 880 3
541 447 38
967 756 16
270 801 16
881 171 17
122 217 4
948 926 9
379 62 27
192 560 44
654 154 25
606 78 47
989 636 13
829 319 6
844 257 2
738 115 45
350 739 14
267 187 42
165 884 40
693 959 5
887 884 17
334 56 48
228 48 37
29 236 30
229 296 26
814 233 29
37 471 18
611 705 18
458 963 43
101 430 11
57 70 38
137 712 26
898 922 13
3 873 28
944 891 47
999 180 5
414 455 40
787 644 17
191 327 39
950 706 42
847 37 42
579 92 1
755 582 29
220 2 15
245 369 41
523 584 38
597 65 23
964 500 45
882 428 31
35 821 11
275 161 31
38 217 49
959 808 23
97 368 49
412 579 46
215 658 31
468 681 44
123 189 30
319 506 4
932 457 39
181 413 37
824 544 35
10 75 8
56 298 45
372 119 23
671 754 21
501 669 8
866 610 32
76 346 37
907 237 6
155 172 26
789 676 1
868 545 29
934 940 12
853 956 45
258 141 4
311 204 43
591 487 41
683 946 28
864 539 1
50 580 10
593 802 27
340 609 33
180 708 42
915 316 18
513 92 21
865 258 16
609 963 27
53 759 19
144 636 1
612 549 44
485 783 36
988 447 1
965 129 30
944 677 1
792 246 29
853 624 31
264 622 42
72 537 32
11 366 45
804 517 8
723 150 42
952 50 4
917 271 1
52 382 20
815 549 39
789 117 30
61 759 50
435 100 41
257 314 7
811 556 24
788 93 15
713 46 40
200 933 36
691 28 49
579 804 10
940 379 42
39 781 50
374 951 11
921 410 22
491 757 44
256 89 29
944 67 41
908 899 46
870 897 14
324 832 31
655 659 11
590 817 48
240 87 13
441 397 27
621 350 37
188 996 50
962 316 5
409 574 38
539 481 41
284 379 36
321 673 41
385 670 11
682 874 39
244 267 27
474 211 8
300 583 2
134 856 6
572 366 34
229 509 13
343 503 49
563 810 8
521 473 11
877 137 41
623 114 49
696 733 5
336 615 17
511 601 17
688 448 1
869 536 32
909 759 39
274 525 24
53 869 24
860 962 18
913 823 27
658 382 26
718 906 37
874 455 7
466 817 26
803 43 48
84 484 15
637 132 31
582 810 31
42 746 23
357 75 49
351 745 19
663 335 20
94 601 23
819 680 18
121 227 45
38 659 50
678 136 28
619 669 7
562 897 47
734 229 47
458 72 34
135 580 10
904 161 29
154 815 33
416 987 12
801 930 23
950 20 19
343 577 18
871 355 38
574 686 14
714 812 41
170 3 48
375 433 30
957 331 37
778 448 3
220 112 29
840 682 1
588 780 19
697 857 30
477 500 32
945 290 15
202 888 7
676 40 20
554 501 19
280 555 2
720 18 19
199 90 46
119 406 43
10 537 21
362 734 47
544 408 49
977 468 48
886 247 41
473 534 32
256 293 32
23 928 1
333 189 36
183 864 24
272 433 25
962 88 11
843 358 31
329 333 32
494 485 12
999 873 49
212 593 33
673 930 9
847 831 3
104 479 36
326 88 3
931 73 11
523 561 13
780 951 30
52 769 31
755 458 20
582 127 27
392 19 30
925 374 41
401 34 23
162 635 20
20 63 26
122 117 49
967 503 6
540 371 37
446 731 44
727 894 25
784 290 39
475 708 26
167 247 33
271 722 48
880 745 50
553 933 6
978 898 11
876 85 50
23 640 4
388 930 14
557 49 7
151 334 35
108 109 23
285 103 15
710 787 28
106 794 34
12 509 10
695 807 4
358 65 7
124 138 14
345 983 31
415 460 43
673 529 8
671 87 48
53 922 3
881 894 7
728 82 41
224 211 22
528 101 2
33 526 50
133 4 29
514 190 19
513 931 31
320 208 49
222 381 49
445 801 8
931 421 29
79 423 32
68 221 49
186 901 5
94 802 27
938 166 5
87 661 47
16 781 9
290 229 24
670 589 22
802 244 3
180 95 2
450 150 7
360 845 16
646 66 4
337 829 37
710 912 6
462 36 17
866 522 13
967 606 8
716 443 3
173 528 4
299 443 22
785 515 47
403 728 25
757 171 44
897 612 33
235 905 4
101 738 4
161 902 13
997 96 29
432 642 21
818 934 6
358 921 13
439 714 33
565 132 28
857 207 23
779 817 2
955 135 37
753 831 39
38 620 12
575 214 31
314 372 42
523 992 36
12 193 1
602 755 20
805 992 30
142 833 21
805 465 8
195 668 32
410 812 16
237 243 17
489 194 8
190 678 40
992 565 18
737 75 40
739 451 7
962 908 21
138 635 40
46 850 7
709 333 8
6 402 45
343 591 5
290 443 35
184 796 42
607 542 19
159 550 42
755 141 22
119 405 20
391 444 29
656 971 30
112 113 49
768 623 23
700 228 27
603 918 17
41 223 12
354 990 25
868 347 8
392 196 50
223 4 4
810 637 29
525 503 8
380 844 5
955 756 24
890 809 16
953 228 27
69 487 48
959 921 13
795 455 47
877 151 26
367 695 43
372 340 25
943 120 33
695 752 35
638 397 15
3 328 27
526 54 34
722 742 20
372 421 29
195 145 7
371 295 41
760 98 42
670 568 37
278 37 2
904 807 5
863 784 20
856 462 31
344 188 31
595 862 17
643 961 26
106 130 32
868 578 2
676 797 9
448 506 3
216 74 13
499 885 12
28 601 31
145 175 19
882 31 11
633 821 8
125 968 24
144 741 43
676 418 10
350 853 1
241 43 36
146 786 17
527 320 41
479 559 38
699 327 31
75 792 33
757 879 35
451 487 15
283 384 26
227 184 27
285 404 10
837 459 1
137 187 20
214 747 17
60 927 27
733 951 38
339 541 11
970 66 1
829 961 48
887 311 27
920 473 35
998 653 8
338 407 30
591 259 39
6 369 4
596 804 49
32 12 5
128 61 11
419 288 5
484 201 23
883 556 38
614 923 24
456 65 3
703 500 9
4 383 22
782 36 26
409 539 2
424 365 13
926 147 4
907 609 1
236 595 28
414 603 37
124 56 9
710 3 30
21 825 42
967 46 16
157 380 25
43 936 17
583 61 37
649 323 44
581 331 24
433 1000 48
167 180 16
608 496 23
628 534 27
554 530 26
495 170 42
204 679 2
555 436 20
993 317 7
435 752 2
934 435 33
406 312 9
145 800 7
50 329 10
318 299 43
570 72 50
301 36 22
964 70 47
526 257 48
495 592 23
880 796 6
608 135 25
985 467 10
414 967 38
909 724 42
795 265 42
235 171 39
678 806 14
316 263 11
258 210 40
384 646 50
149 368 49
339 364 10
50 650 41
306 346 45
859 165 31
869 888 9
538 368 35
843 661 2
93 528 18
135 12 16
443 429 38
206 473 47
194 846 41
998 605 19
834 795 44
768 897 49
105 117 29
77 427 14
55 377 29
34 695 33
6 118 5
847 101 11
39 423 38
866 8 24
256 572 38
924 79 19
211 622 43
168 502 45
187 605 48
978 545 30
200 165 46
138 183 10
447 577 50
216 565 32
780 249 29
573 478 3
640 635 21
195 49 1
77 797 27
144 744 42
295 812 25
223 628 27
906 182 40
851 796 12
444 452 1
434 285 19
84 178 21
9 686 20
11 131 46
762 151 38
329 7 14
611 445 35
749 901 8
102 403 19
867 525 23
678 11 36
202 733 49
110 787 46
803 837 24
613 691 50
423 74 27
599 559 2
107 212 39
234 940 28
105 605 33
798 957 43
904 73 45
141 766 6
141 376 34
710 586 27
389 451 43
678 764 3
881 163 37
29 614 15
282 685 8
836 97 8
109 438 5
156 47 17
147 647 21
730 436 41
8 478 39
774 683 15
360 959 41
913 867 25
837 682 48
615 983 37
496 94 31
994 717 13
75 975 31
615 733 17
882 835 26
543 644 9
289 685 32
432 181 5
766 5 34
727 226 45
358 79 5
976 295 23
120 553 32
652 247 13
446 940 11
404 79 1
779 867 12
975 206 5
356 898 9
86 546 9
57 711 30
861 991 29
103 203 43
45 166 7
999 129 17
120 6 35
558 899 23
979 874 29
499 480 19
500 381 24
100 893 36
616 985 23
480 988 19
545 993 41
307 237 35
943 115 15
102 971 19
986 676 50
719 381 23
814 870 48
41 399 38
898 789 46
771 216 20
157 919 9
62 60 46
884 493 4
758 18 8
969 660 38
261 127 26
68 335 39
878 694 24
159 120 18
118 845 19
406 788 38
826 284 47
393 422 4
133 370 12
564 743 23
384 744 6
284 522 9
898 229 23
753 646 2
477 986 9
658 857 19
649 842 15
833 811 46
436 326 30
684 204 17
40 44 1
111 878 41
167 962 24
742 156 4
517 48 35
221 965 30
211 29 41
914 470 10
61 427 3
515 299 6
477 303 14
576 378 33
14 883 21
896 63 13
429 277 21
735 856 30
851 275 41
52 799 19
193 28 27
160 272 30
19 445 34
21 261 23
186 269 10
56 757 48
637 862 7
790 512 13
960 935 2
977 793 46
691 411 22
784 430 5
147 210 19
851 182 33
107 469 12
52 852 34
422 755 35
210 848 13
731 887 25
28 145 48
978 952 41
781 269 31
953 431 3
456 269 41
410 816 30
2 424 38
643 901 1
182 881 26
227 283 48
226 356 45
115 916 40
723 562 47
438 492 18
716 848 46
3 649 10
122 614 39
529 764 17
944 309 24
667 536 37
94 152 3
540 125 47
20 511 48
220 588 29
505 912 13
826 238 44
730 143 17
180 621 37
851 582 27
815 201 34
241 627 11
216 821 50
663 209 50
269 723 21
469 442 1
850 96 49
169 529 35
465 75 32
696 896 18
773 777 24
362 158 23
691 162 50
81 423 28
916 7 26
802 579 3
564 568 28
119 1 5
769 960 7
25 187 20
830 87 44
226 364 47
188 275 45
687 276 18
303 54 34
71 285 20
361 426 10
100 314 3
327 54 8
273 54 37
52 102 37
735 21 42
473 224 1
612 737 11
773 412 48
434 239 14
34 953 32
872 330 4
579 680 49
530 12 46
757 279 2
635 256 41
122 434 44
433 288 7
831 245 36
314 566 14
472 776 27
145 61 8
580 621 8
720 1 41
965 823 27
777 940 2
383 247 43
505 311 18
780 302 5
283 646 12
291 854 30
603 837 9
651 350 36
51 773 37
443 535 32
132 992 32
614 495 11
984 300 8
140 373 4
207 887 35
915 233 6
539 42 13
642 923 7
411 703 23
995 310 49
865 383 38
753 543 31
861 822 6
515 372 40
530 572 27
823 851 23
474 76 11
687 538 39
85 556 2
651 879 43
453 313 31
518 812 41
587 579 9
585 983 22
107 161 46
385 235 2
725 553 42
840 533 41
835 517 17
383 561 24
297 196 43
522 799 3
675 653 1
896 766 45
387 520 20
249 989 35
305 665 8
894 45 26
280 103 15
714 926 43
702 945 5
458 802 6
79 973 30
140 151 24
944 493 3
520 490 39
923 236 41
394 670 7
74 686 26
243 127 32
35 265 2
564 4 34
172 575 4
982 757 41
751 519 8
217 368 19
25 308 24
996 206 26
493 792 24
585 830 8
831 920 40
897 938 38
139 476 6
796 288 21
158 111 31
784 869 48
394 243 10
356 910 16
236 21 9
753 30 49
173 671 35
887 63 7
40 503 42
272 426 18
296 690 36
221 558 32
195 132 8
854 463 40
212 587 2
343 667 22
566 146 36
710 513 25
860 912 2
348 987 1
14 516 6
637 632 44
570 712 7
553 258 31
388 141 4
685 2 4
60 294 10
248 304 36
416 94 24
765 248 35
524 77 45
51 263 47
609 257 36
618 624 36
318 197 23
718 359 20
425 131 44
807 296 5
768 429 50
365 805 35
561 111 39
670 536 6
692 237 38
635 655 25
46 944 42
850 726 18
523 52 36
973 806 31
943 650 38
416 687 28
311 883 1
594 704 45
885 574 39
122 308 40
642 951 26
460 803 40
595 29 45
367 894 28
387 706 48
685 940 36
800 617 7
151 789 4
818 425 31
132 927 26
865 125 24
762 386 5
603 142 48
456 459 27
354 583 38
253 643 42
979 180 40
778 312 4
534 992 5
414 167 28
112 378 3
263 826 32
438 373 15
514 225 13
197 979 48
707 665 35
364 728 22
759 201 22
246 876 2
867 636 26
114 67 40
631 22 25
608 637 44
964 54 25
156 505 18
303 268 28
19 757 11
477 157 26
462 339 16
153 955 17
540 555 3
635 189 16
404 205 47
928 344 41
803 131 9
106 382 30
682 68 1
592 609 14
888 891 31
807 307 32
882 606 31
19 225 28
986 531 44
898 941 14
11 718 35
523 651 41
998 758 43
655 533 24
85 775 5
137 178 42
871 620 41
705 667 27
444 730 22
864 96 11
315 743 34
348 482 13
847 932 40
122 411 28
935 110 31
358 310 47
683 394 39
786 195 28
637 112 34
790 953 5
574 412 45
892 616 26
324 433 14
551 578 25
740 3 44
553 52 31
994 139 17
230 318 10
559 579 18
171 636 27
274 676 38
307 490 45
433 795 18
610 413 38
881 29 14
99 142 46
730 482 17
977 384 17
987 452 3
957 2 12
570 324 17
708 302 45
54 107 5
44 146 9
839 704 20
707 651 20
224 772 38
737 782 26
558 479 37
624 483 10
446 150 40
536 761 45
326 662 42
782 542 8
42 850 5
552 277 49
843 342 1
129 624 35
291 212 17
477 507 15
118 547 3
91 829 44
74 369 49
967 472 4
511 607 1
439 962 16
895 358 49
268 617 35
198 181 22
775 663 35
979 621 24
442 404 39
39 527 5
767 703 15
494 567 22
606 77 24
571 450 17
480 839 15
714 556 9
484 849 27
897 876 4
908 447 20
853 563 11
319 12 39
627 440 11
391 78 14
518 665 17
512 370 50
576 898 32
616 698 27
785 344 45
24 286 36
289 82 50
145 56 35
86 869 4
59 885 45
87 554 19
297 528 40
570 848 21
296 948 44
578 299 7
909 766 22
797 976 13
10 31 2
559 618 20
724 235 27
740 843 15
926 906 34
778 53 49
8 867 43
319 175 38
844 162 36
699 848 31
560 171 32
375 266 16
548 769 32
661 369 49
415 93 19
723 42 32
135 235 25
847 353 18
128 776 5
71 215 45
964 40 13
139 128 49
79 643 34
777 896 50
525 833 9
902 731 24
9 614 35
611 131 19
27 161 35
867 689 20
455 283 39
209 703 14
933 276 14
735 369 12
404 970 38
408 704 42
364 880 39
408 462 31
434 628 48
307 312 32
31 199 40
425 979 33
518 797 2
445 679 9
505 883 50
948 65 37
186 353 13
480 351 9
528 810 19
493 478 9
130 249 37
482 160 29
932 338 24
63 523 9
762 177 36
662 28 33
729 207 4
898 536 46
716 871 2
35 969 24
491 378 12
512 886 25
541 883 15
183 861 4
620 550 15
799 537 30
384 741 34
675 206 29
831 329 38
394 864 45
120 182 37
6 14 46
411 998 23
189 427 13
582 881 1
624 702 48
239 276 1
661 603 36
999 332 44
237 920 31
50 281 35
694 142 9
164 381 16
159 607 9
877 219 26
500 963 18
903 990 19
113 691 12
838 28 24
803 440 24
266 96 18
796 544 46
923 434 25
404 807 2
647 325 28
539 449 17
756 146 47
571 392 43
504 974 44
531 657 28
65 550 18
807 140 25
690 752 29
903 404 21
210 372 36
144 957 8
880 362 25
708 772 25
241 654 4
650 267 30
217 367 33
294 535 10
669 328 19
938 804 22
888 789 47
877 195 24
658 631 22
861 797 39
862 941 39
917 484 16
883 29 33
962 235 38
218 781 31
536 836 37
419 604 5
611 621 16
820 514 4
546 395 7
930 437 20
868 408 4
595 205 14
169 53 40
426 736 37
18 972 39
297 348 49
87 971 42
911 785 22
884 666 11
627 924 2
748 32 31
631 461 13
71 352 26
450 127 22
633 957 18
908 172 23
439 928 47
762 234 18
512 739 42
893 364 25
581 765 18
255 732 40
800 373 45
705 668 47
567 163 35
48 730 28
550 951 28
513 796 4
548 362 12
204 834 2
829 219 9
471 804 33
194 348 30
355 411 46
68 649 9
657 957 49
825 309 12
501 474 31
887 527 45
198 773 14
965 659 22
937 149 29
952 522 9
853 410 14
142 51 28
566 214 36
930 892 31
408 226 43
421 691 45
386 945 10
503 573 34
120 237 26
930 581 40
953 885 12
276 9 17
309 20 8
1 592 11
259 123 14
262 364 47
798 230 38
557 171 40
413 829 2
467 343 3
266 868 36
75 986 12
111 932 12
144 674 40
324 977 42
596 100 11
177 37 19
635 709 37
178 573 16
132 489 47
49 404 16
660 623 23
307 44 47
518 391 21
953 990 30
339 59 45
593 779 7
866 53 21
32 291 13
329 328 3
198 497 50
200 630 28
683 600 11
281 1000 1
1 243 28
430 959 30
237 21 21
585 1000 2
740 716 9
705 106 36
805 488 30
872 506 3
807 138 27
387 422 7
421 188 6
648 922 19
758 81 30
799 856 10
877 491 11
995 797 7
432 287 15
533 707 1
259 382 23
956 740 3
959 813 33
102 461 40
47 678 48
154 858 29
188 420 9
977 624 22
331 633 11
537 348 3
657 150 37
1 810 72
618 406 16
419 828 35
175 240 10
613 349 25
917 175 33
327 965 47
403 591 18
221 682 42
416 633 50
387 568 43
131 361 9
217 905 22
439 388 1
1000 21 27
551 39 32
113 581 2
742 890 9
405 240 3
399 120 3
54 50 21
815 273 5
37 170 21
389 904 47
381 382 1
85 548 22
247 329 50
33 595 49
667 279 33
719 77 25
850 198 5
76 414 40
122 559 9
167 730 24
406 893 38
331 627 35
867 55 49
3 126 3
983 813 33
836 61 6
838 59 7
982 497 26
375 799 9
591 879 20
746 861 16
621 295 8
374 708 32
7 72 30
840 197 12
945 124 4
949 742 38
398 533 4
502 186 48
788 46 3
258 629 35
424 786 24
529 23 50
207 965 22
458 807 38
494 792 46
229 932 20
46 257 11
1 683 8
312 685 33
663 223 24
738 603 45
58 79 28
527 964 50
83 234 19
871 141 35
428 503 5
498 932 34
169 355 23
977 952 9
329 970 46
18 827 6
229 495 14
947 350 11
382 459 3
262 738 48
61 96 5
423 826 12
678 480 28
320 184 50
40 525 14
914 210 29
759 981 49
558 9 50
983 122 42
531 83 33
726 64 11
657 5 2
820 891 12
794 75 32
342 304 29
170 692 21
982 720 47
853 888 7
375 596 48
106 635 1
605 334 21
770 7 34
308 739 46
81 243 35
307 872 1
928 977 5
348 701 2
72 429 35
770 488 36
357 202 14
540 20 37
199 380 45
475 829 4
535 963 47
303 224 25
371 811 37
707 737 36
884 283 23
770 407 10
383 176 30
696 4 48
947 442 45
75 562 33
264 452 12
996 578 17
463 682 50
773 735 29
334 683 10
445 518 1
362 507 3
160 384 10
486 622 42
890 343 7
796 532 14
854 45 1
230 926 40
807 455 15
59 548 29
456 867 37
701 342 26
652 556 14
492 6 34
835 306 27
821 154 50
74 506 46
306 591 20
365 242 43
134 628 1
935 600 31
633 14 29
492 139 25
130 234 38
784 655 11
286 374 49
403 112 15
444 472 50
441 921 2
431 655 8
26 271 27
877 70 26
726 72 5
47 596 18
347 537 25
186 666 32
735 753 16
786 694 47
463 481 10
176 218 50
335 623 11
623 847 27
464 543 16
165 82 1
903 854 11
353 666 37
636 537 12
727 352 9
542 691 37
434 714 29
548 572 22
340 750 8
615 247 13
521 307 17
56 354 20
499 568 2
70 872 23
759 665 4
516 683 29
132 649 42
575 604 13
357 111 1
949 123 38
46 29 13
733 585 13
407 541 16
758 234 12
475 76 49
978 979 41
333 629 1
538 40 32
526 455 43
643 256 3
327 254 43
268 403 18
110 559 33
860 476 47
182 344 26
45 281 14
733 535 40
86 675 48
100 849 10
954 423 47
212 59 34
136 675 1
890 162 9
572 667 33
339 451 4
287 769 2
554 336 34
968 998 17
114 351 15
508 211 17
653 547 21
521 382 5
651 238 18
420 812 45
382 847 23
371 422 43
245 169 3
577 346 8
498 245 33
418 457 34
499 692 48
658 188 19
399 284 1
308 80 12
698 696 26
668 876 10
817 604 17
361 230 42
587 358 24
839 484 23
149 737 10
171 247 32
328 690 9
500 398 50
303 897 4
690 934 41
214 412 17
729 523 23
32 987 26
435 18 10
784 468 10
537 866 27
10 338 9
509 20 27
34 17 39
741 657 17
93 101 26
837 552 46
783 404 17
274 263 47
395 867 15
825 718 10
103 848 43
836 577 27
451 259 12
992 852 44
213 68 25
514 188 8
845 879 44
609 298 27
167 120 21
786 806 36
253 266 36
392 296 8
557 648 12
346 597 12
881 662 32
165 968 9
567 574 45
153 585 45
265 290 29
983 854 46
171 71 25
193 256 1
427 172 43
427 598 38
900 85 10
956 341 49
68 596 43
479 927 12
65 608 34
474 375 8
883 519 29
562 747 20
117 984 21
15 22 36
992 306 41
735 611 1
810 904 8
281 338 1
169 421 25
636 468 33
6 646 41
515 676 21
316 146 17
785 640 6
163 137 37
736 657 29
310 430 16
327 525 46
475 986 2
335 639 1
279 503 21
209 718 15
197 126 44
322 290 49
111 705 10
204 825 15
514 699 22
602 815 50
740 46 18
635 596 39
551 174 6
136 660 14
743 748 20
912 179 10
90 967 45
429 934 13
581 536 13
327 422 48
150 544 24
244 80 18
237 872 19
419 74 3
291 201 22
139 625 5
512 777 10
562 356 7
605 134 10
150 878 46
344 63 28
943 535 22
237 233 41
42 972 8
868 43 21
33 339 2
518 46 2
370 414 42
243 50 24
770 211 33
218 200 35
429 222 17
437 832 36
913 79 42
508 920 21
522 512 21
605 186 38
633 188 42
710 188 25
233 884 7
150 437 21
286 223 27
568 609 38
971 571 16
854 778 3
810 795 31
168 874 44
461 947 21
78 248 31
507 646 29
502 613 26
305 947 16
286 775 21
93 221 33
731 784 3
542 479 3
244 716 3
563 772 35
414 29 18
511 922 14
44 555 17
772 426 10
173 843 35
651 4 40
543 595 25
378 498 37
617 62 21
747 18 7
490 794 18
433 292 26
65 325 45
993 297 50
48 673 47
691 443 49
715 478 21
617 599 45
751 965 45
581 140 40
542 15 9
781 442 5
177 754 25
326 335 13
746 19 35
99 752 17
342 926 44
406 503 36
477 485 11
337 115 4
148 416 26
439 624 13
236 100 19
647 844 36
853 166 7
11 98 15
910 514 49
848 640 4
261 131 33
874 572 46
1000 633 44
574 166 18
743 53 1
151 76 13
414 631 7
325 532 22
37 214 16
146 369 11
708 356 4
372 523 16
176 577 50
216 408 7
476 909 6
612 391 38
80 558 25
714 121 13
697 78 25
428 582 25
161 324 5
533 96 5
934 434 16
6 985 46
225 710 33
129 126 11
936 618 25
926 791 7
181 937 7
221 769 4
997 121 19
742 538 42
336 561 47
736 1 21
87 285 4
788 821 20
390 883 41
945 624 34
240 22 41
787 374 48
706 401 14
273 480 18
406 87 42
332 684 22
112 125 43
223 783 19
754 106 25
569 11 15
626 549 46
308 323 16
25 414 23
555 384 16
638 810 48
662 853 21
186 920 7
977 506 6
915 979 8
306 889 23
16 494 33
537 329 31
310 511 21
131 120 46
754 422 35
894 296 8
945 305 38
745 786 8
102 381 28
88 900 1
895 389 8
67 245 28
487 255 38
962 754 17
654 966 35
586 334 1
536 696 50
960 200 15
947 784 14
944 768 42
861 875 39
885 207 2
863 566 45
815 420 11
212 396 31
197 254 8
670 280 21
618 336 39
54 453 42
494 422 1
10 350 8
163 288 10
82 56 20
561 67 2
37 423 14
9 774 25
473 845 13
380 957 32
243 819 21
440 861 37
440 655 50
321 306 48
225 187 34
534 51 22
454 767 13
869 523 46
943 88 36
277 890 40
613 956 6
516 947 50
764 31 49
460 285 8
434 646 42
847 219 44
688 638 35
137 545 43
928 709 37
430 7 26
349 598 5
236 493 32
809 373 3
788 168 27
853 949 15
831 676 18
622 695 23
657 375 4
424 617 17
444 745 34
198 529 38
811 483 16
127 7 19
413 771 22
712 751 50
916 446 41
59 107 44
687 585 46
132 792 16
720 910 32
246 175 27
957 289 49
222 312 28
68 613 4
166 732 49
929 135 6
474 70 41
679 148 25
853 845 47
814 52 21
439 770 8
617 157 6
387 692 29
263 501 10
676 351 9
118 703 48
265 393 19
724 348 26
295 578 38
270 497 9
722 479 44
385 988 39
606 695 26
282 510 20
208 858 4
337 447 35
31 649 24
766 413 18
706 257 40
890 858 16
541 685 34
314 766 1
342 785 32
849 413 19
971 710 20
990 884 50
903 186 2
363 135 50
576 777 34
185 88 15
482 848 32
763 88 36
992 907 1
340 375 48
811 30 20
562 282 31
258 950 34
487 430 12
283 938 21
74 594 9
376 232 38
65 275 45
298 163 39
550 407 16
639 734 20
491 960 5
654 215 27
491 211 24
461 100 38
481 496 4
455 401 40
861 518 19
545 943 19
170 774 16
41 321 4
492 207 14
433 150 9
951 178 35
55 899 38
715 401 47
614 930 25
779 548 48
754 723 20
795 580 5
935 491 40
294 611 49
961 34 45
732 570 8
206 329 14
134 617 35
788 92 42
310 508 23
981 88 41
901 622 16
73 377 11
123 488 44
824 563 30
133 46 47
407 439 50
605 136 1
75 12 48
179 312 20
959 455 29
138 835 47
452 423 42
968 693 32
205 850 2
266 267 43
922 941 4
995 650 19
558 753 4
5 171 12
521 384 24
909 793 3
356 482 43
92 349 11
427 576 12
876 478 21
359 437 13
616 328 46
213 658 23
714 345 25
493 272 32
981 998 42
163 153 47
743 421 24
665 411 29
687 97 3
620 752 10
337 771 5
225 234 47
736 913 11
885 893 14
366 352 32
907 240 23
241 45 28
165 334 31
113 77 50
318 491 46
109 582 4
843 976 11
369 580 29
185 975 34
819 150 38
343 35 18
664 365 28
407 105 3
555 801 48
833 449 40
679 900 42
260 651 11
72 675 32
936 445 36
872 954 10
915 154 34
34 844 6
205 613 8
400 375 8
708 673 24
461 835 6
492 1 16
271 476 33
956 480 13
369 399 6
148 936 6
430 517 24
37 325 7
254 922 7
130 670 49
174 293 29
380 269 11
408 983 42
402 480 35
451 573 23
858 762 40
957 775 47
426 636 30
346 863 14
511 892 17
835 657 3
398 766 10
192 279 26
747 859 31
671 451 46
652 512 9
575 661 40
569 620 10
498 267 37
396 940 38
536 639 39
740 693 42
104 685 5
121 461 42
792 595 27
714 689 3
89 813 30
991 240 40
827 125 4
8 761 47
192 360 49
815 323 39
507 829 43
756 387 24
385 496 31
770 755 38
424 156 33
410 907 27
521 816 42
398 125 23
327 264 12
933 945 8
563 261 40
662 118 29
297 272 28
242 55 31
622 301 47
515 819 7
532 828 41
469 863 3
197 97 30
524 231 30
582 622 17
586 987 22
942 594 28
939 684 45
31 418 46
54 660 8
950 335 32
813 334 19
542 502 26
215 787 10
954 78 36
87 911 49
659 288 11
253 96 41
320 984 37
687 284 7
242 979 21
975 776 1
940 291 17
232 963 35
690 269 48
711 618 9
396 421 17
140 870 32
491 778 8
258 912 48
209 506 7
195 240 44
32 268 17
953 394 6
362 907 5
334 742 48
723 748 4
976 988 4
430 914 21
877 934 1
246 176 20
720 575 16
863 339 9
398 164 23
273 111 4
463 499 35
278 423 34
919 821 15
376 639 33
826 288 9
756 132 12
375 730 9
311 226 2
97 661 26
750 339 41
871 242 48
709 347 22
459 911 7
128 319 31
725 666 18
18 189 14
350 47 21
76 796 35
540 134 14
264 517 42
972 91 8
700 955 5
494 418 50
883 938 3
36 440 5
773 126 12
484 53 43
297 801 23
232 50 14
58 255 3
785 918 49
468 127 29
707 853 39
527 289 18
751 858 41
512 471 35
724 186 19
27 821 4
641 578 44
268 61 47
373 412 1
400 8 11
665 520 14
632 746 17
584 172 20
616 865 24
309 549 33
100 436 24
421 483 17
718 574 26
700 406 15
531 869 14
257 274 24
354 438 42
876 444 38
826 658 38
183 134 12
37 371 50
622 827 37
604 628 21
49 444 23
373 731 27
68 999 44
25 629 28
660 34 9
620 484 4
981 898 43
609 449 8
273 184 16
126 684 27
468 232 37
300 457 45
248 741 38
275 824 2
617 281 5
294 366 49
44 862 31
879 558 12
161 666 12
122 99 16
785 624 47
674 432 8
673 386 19
951 387 42
818 865 14
49 772 2
394 724 8
382 87 3
551 264 40
966 289 33
119 752 49
1 299 23
529 474 4
292 601 23
6 408 7
217 420 25
751 746 2
726 760 21
510 562 15
326 441 40
725 399 19
251 235 29
811 252 23
868 622 10
126 918 11
584 241 3
724 366 41
888 316 20
137 237 9
699 526 39
228 556 9
385 38 30
814 888 3
713 87 31
474 219 49
571 970 48
599 868 20
264 916 28
83 523 18
204 990 28
58 388 48
16 882 5
484 75 11
953 665 26
666 953 24
986 257 41
699 696 28
426 157 35
863 468 10
20 803 43
368 111 17
193 689 7
319 316 5
320 429 30
700 743 35
115 456 5
369 683 15
295 174 20
595 531 49
513 448 29
950 553 17
161 420 21
37 363 26
396 253 9
2 715 5
409 303 43
983 757 19
178 129 20
942 539 40
902 946 42
454 263 36
923 629 34
5 939 17
763 585 39
537 508 7
231 2 41
510 760 34
769 784 37
941 517 3
692 58 46
428 796 36
731 628 13
82 297 18
710 167 47
378 785 34
426 745 22
489 273 4
519 174 31
57 335 42
951 671 2
25 575 24
474 427 12
952 84 36
823 223 11
548 326 1
143 854 1
428 739 46
224 954 17
209 752 15
19 921 15
670 292 40
992 99 14
17 297 44
790 312 49
444 434 33
939 817 6
577 298 13
987 790 2
130 701 35
420 583 6
631 303 11
223 88 22
919 581 20
247 244 15
134 739 50
53 410 1
728 604 21
913 916 30
599 788 44
644 911 31
673 225 19
428 718 32
61 116 8
604 356 46
446 807 48
923 848 38
303 100 14
970 400 3
456 42 20
309 882 14
458 874 29
321 587 39
754 729 25
892 313 24
530 945 38
485 902 6
387 780 26
603 619 37
128 660 33
749 600 32
637 606 13
794 665 21
714 924 12
800 923 1
427 119 28
873 114 9
357 158 44
764 374 23
323 297 15
993 412 29
623 626 25
451 173 10
862 664 11
143 553 48
399 783 12
850 971 22
277 761 47
533 920 9
10 16 41
665 11 16
212 98 31
916 252 20
835 822 21
782 953 46
629 922 44
618 230 12
205 460 45
578 884 33
473 824 44
406 320 32
965 47 36
569 867 32
218 763 6
535 756 32
212 917 45
696 944 15
10 931 16
836 558 25
729 84 25
696 464 15
900 314 7
57 523 50
672 903 18
589 961 3
670 272 45
236 613 1
580 704 8
964 538 11
400 830 8
869 927 47
605 354 11
195 82 18
479 28 34
846 730 28
63 989 9
651 339 19
487 510 34
779 417 21
424 262 21
675 892 24
986 775 22
694 327 18
706 927 44
440 318 27
514 952 38
274 575 44
307 603 19
122 44 45
208 246 8
181 661 17
444 491 11
919 119 8
740 495 21
333 796 3
441 996 35
942 810 10
618 3 40
30 437 1
578 341 39
576 175 42
335 720 33
715 682 1
48 792 50
116 676 17
693 333 34
437 695 3
757 43 10
556 88 2
949 550 14
295 382 12
247 33 6
203 652 48
342 950 13
339 720 45
722 250 6
78 652 10
293 518 20
17 872 19
503 803 45
499 656 3
969 377 3
314 33 3
712 513 1
368 547 45
501 495 47
12 451 37
843 335 45
96 317 32
705 759 17
112 342 12
993 932 1
740 557 20
975 749 36
688 51 20
162 834 1
360 255 35
629 572 37
768 710 31
446 164 46
456 781 8
476 214 15
253 636 49
588 122 13
424 706 11
667 84 48
881 644 27
185 125 8
589 758 26
392 484 22
884 883 21
948 15 26
263 668 1
216 328 50
537 235 24
208 443 33
884 547 32
900 983 33
93 91 21
645 450 37
682 55 20
505 937 34
587 801 41
791 18 31
421 686 3
578 60 50
482 527 2
980 51 50
105 406 18
824 53 50
324 19 34
785 315 19
380 207 23
277 689 50
950 243 17
904 834 6
834 697 22
39 614 45
426 743 13
786 586 18
64 708 29
481 838 29
200 561 26
821 237 39
454 764 46
157 194 4
471 875 38
479 185 48
716 950 6
659 993 42
92 697 21
949 137 31
946 718 23
954 304 20
859 456 6
325 922 14
628 735 33
604 543 2
800 914 19
950 505 23
935 158 11
483 989 26
40 639 30
443 381 26
327 479 16
983 809 47
126 127 30
217 243 41
110 422 35
723 440 48
132 420 12
933 957 8
641 592 10
412 25 27
177 803 38
631 187 3
82 467 21
36 205 11
929 904 10
18 573 12
985 659 49
567 921 43
752 289 17
724 609 28
32 472 6
707 24 19
161 725 1
619 968 48
576 295 34
619 39 38
855 168 21
451 630 48
27 276 6
179 127 36
607 415 38
110 307 4
554 797 29
866 800 36
347 428 13
363 649 46
764 666 4
339 165 7
649 896 12
5 376 38
508 948 20
265 128 3
414 132 45
270 710 23
952 802 5
179 694 28
152 42 19
836 792 10
954 203 4
838 86 26
699 304 38
252 146 35
98 717 50
402 479 1
830 686 17
911 781 1
635 320 36
294 606 41
359 372 28
141 49 7
534 504 1
515 144 44
235 318 38
477 626 40
521 123 6
372 445 45
437 526 41
706 791 38
212 162 35
710 557 47
227 396 3
658 606 46
976 924 14
162 836 50
120 925 29
716 822 9
984 593 45
133 393 49
230 143 37
187 465 10
63 588 50
987 195 45
843 524 44
265 536 6
672 545 39
973 188 4
609 822 15
657 115 40
991 348 37
930 787 33
140 900 34
845 568 29
250 860 23
350 298 32
852 293 29
708 337 13
124 932 50
200 602 23
374 196 12
421 884 27
120 969 31
768 93 12
266 151 27
579 818 36
796 31 32
314 693 21
108 886 28
260 594 19
671 952 6
7 6 8
944 607 16
130 776 7
295 643 50
24 31 39
861 709 26
853 92 32
233 714 10
27 719 46
236 293 47
297 434 35
209 344 44
857 588 10
454 108 39
185 28 2
959 872 16
80 555 46
569 501 2
536 963 21
661 636 4
36 260 3
310 803 46
443 476 34
429 916 33
29 445 45
355 886 20
175 432 28
114 886 20
622 172 46
707 99 10
907 667 16
348 744 10
126 195 9
467 973 18
828 870 17
639 390 37
160 960 31
968 288 14
560 324 47
406 766 33
764 465 14
743 177 50
840 488 38
257 638 30
900 154 10
552 60 22
759 505 2
508 946 49
122 589 34
458 370 31
873 405 34
807 656 29
304 783 10
62 984 48
596 866 1
83 74 4
772 954 35
881 253 15
64 783 31
380 554 42
894 3 7
907 894 45
134 432 19
250 774 30
886 319 6
800 72 37
203 767 14
194 832 32
30 792 40
528 232 38
319 712 46
708 546 48
53 989 26
275 916 34
458 301 6
82 777 12
925 737 31
671 927 47
167 298 13
457 574 34
239 852 32
429 283 11
73 152 45
938 922 21
368 285 20
853 914 19
204 42 6
489 122 11
766 955 26
448 382 19
927 566 17
858 691 14
119 830 17
835 800 19
673 296 8
545 68 11
105 584 32
559 824 27
274 808 50
260 629 24
534 562 46
472 372 5
726 403 44
362 961 18
861 505 4
493 376 44
765 167 20
97 354 14
811 946 5
205 977 12
216 591 8
915 694 7
17 658 18
730 849 34
19 804 39
729 553 34
34 817 50
42 809 27
83 338 37
743 971 1
799 438 48
124 136 40
549 129 16
363 471 21
86 595 41
367 834 40
279 449 23
126 231 40
922 915 27
595 433 24
323 651 44
488 595 30
320 403 37
298 410 10
385 584 32
602 541 50
318 97 10
288 539 2
967 271 49
546 915 26
310 686 14
582 417 49
933 592 35
193 778 31
517 987 2
450 204 1
581 340 8
921 502 43
680 226 21
70 989 1
70 327 35
983 791 30
664 896 45
809 896 31
988 544 2
733 539 46
158 208 4
117 548 9
443 998 22
184 649 7
256 37 1
137 998 48
837 559 14
143 830 46
463 414 19
968 215 11
119 760 36
849 376 47
187 467 7
597 800 1
430 203 30
491 688 25
1 56 14
995 187 13
443 994 24
369 765 24
318 588 50
213 177 11
439 39 33
93 208 27
720 221 7
484 245 44
270 248 44
130 308 39
531 447 18
888 747 18
407 450 36
49 51 47
900 222 7
977 213 50
246 457 47
340 794 10
625 912 21
497 249 20
694 31 18
500 533 42
659 480 25
123 222 3
17 744 41
171 101 46
40 68 17
821 409 36
761 200 13
86 191 14
634 788 37
771 133 1
381 931 28
547 905 15
650 55 32
573 173 33
909 822 29
992 411 22
299 493 25
396 989 9
315 644 20
293 941 2
693 381 5
480 892 44
92 40 13
704 231 26
205 230 30
881 387 48
310 944 47
331 195 16
996 975 25
967 39 37
227 719 37
95 163 27
388 499 9
686 717 27
404 849 45
503 49 45
599 537 23
730 915 14
692 720 20
188 947 23
272 892 10
844 187 42
332 375 38
713 906 1
763 566 27
340 632 39
591 893 23
639 285 24
139 648 42
749 272 16
125 589 29
713 218 46
48 765 31
499 337 42
702 992 25
366 332 18
573 583 36
423 559 33
687 195 45
427 151 3
581 530 6
1 405 15
583 129 18
390 91 15
551 905 49
587 170 7
418 985 11
292 247 5
80 851 28
209 220 10
949 180 48
544 637 43
32 284 21
304 955 30
773 298 37
555 946 45
659 282 43
509 420 31
203 676 50
306 373 36
571 70 19
646 836 35
952 620 41
182 32 19
465 138 1
835 686 28
504 992 39
208 61 4
693 662 31
368 562 10
99 504 32
152 316 48
456 12 13
15 242 25
630 641 23
489 557 43
911 67 15
840 906 39
17 952 28
698 965 37
305 719 40
656 516 4
694 424 1
711 953 36
672 737 30
100 386 40
888 453 41
888 687 3
85 983 19
543 871 35
219 287 6
287 814 6
692 765 42
105 904 3
953 242 50
75 760 31
493 174 49
184 915 16
136 305 10
814 463 26
897 613 4
743 255 2
559 870 43
157 359 45
965 627 31
947 526 38
977 547 13
187 198 25
883 645 21
121 101 10
65 135 31
