609 1507 66
85
15
19
37
27
16
51
34
46
13
2
36
2
37
35
23
58
51
34
21
56
18
19
43
26
17
61
48
1
18
14
22
48
53
27
22
50
48
10
44
53
8
51
13
6
38
52
22
4
42
23
32
42
42
50
44
54
19
58
16
55
41
40
29
40
5
29
29
16
40
26
18
8
37
48
43
42
51
19
2
15
59
17
47
4
8
39
31
61
6
21
42
59
16
59
16
15
60
60
58
6
14
56
59
14
15
10
6
29
11
11
37
60
60
37
28
58
9
20
57
49
27
56
17
30
36
15
33
43
40
46
12
30
56
23
46
23
12
2
60
29
14
20
59
61
39
41
47
36
28
22
7
17
36
11
47
26
59
16
47
49
22
43
56
22
55
8
33
57
1
8
23
43
36
54
35
12
20
25
36
27
56
61
57
43
32
53
37
10
23
41
51
61
45
23
21
51
48
46
39
61
49
4
8
60
31
20
57
34
46
57
3
58
20
20
31
21
29
2
42
52
29
13
44
28
58
20
18
45
37
47
3
28
49
3
16
14
44
56
3
11
56
25
48
24
26
1
17
21
2
38
4
56
10
51
27
4
8
24
3
54
18
32
15
21
54
22
26
37
12
7
41
16
36
19
46
21
40
42
60
21
54
51
47
36
8
6
28
61
38
14
54
47
32
26
50
29
21
34
41
27
40
45
26
44
53
57
18
56
23
24
25
3
50
31
37
27
45
57
16
55
31
37
1
32
34
26
4
33
25
1
2
17
18
44
10
22
33
11
28
8
59
3
42
58
34
3
42
5
56
29
47
36
43
13
25
17
32
13
17
33
34
40
41
50
44
60
32
51
49
20
12
24
25
40
44
28
22
20
23
49
28
16
49
42
18
19
27
22
37
37
55
26
15
3
56
17
38
10
19
28
27
30
61
24
51
51
41
27
48
42
57
52
33
56
45
26
19
8
15
43
34
18
44
13
55
46
35
33
21
58
1
39
3
29
23
52
2
50
18
20
56
32
19
9
22
42
30
15
45
19
38
12
44
52
9
19
8
1
35
35
38
46
44
48
43
23
60
14
19
11
18
5
50
51
46
50
17
20
27
25
41
60
46
12
23
38
54
11
4
9
40
39
5
5
34
30
25
36
8
36
32
61
35
55
35
24
16
31
6
58
42
39
51
6
9
7
60
20
28
22
34
25
34
56
39
52
19
17
4
42
9
38
34
3
18
4
58
25
48
13
23
61
52
58
58
44
36
34
35
27
39
58
21
14
35
10
1
28
55
37
44
60
8
7
59
47
47
56
4
61
15
22
34
38
61
16
47
30
59
11
49
22
39
37
51
20
36
7
50
46
39
29
49
5
17
24
37
34
43
36
44
36
46
48
30
28
52
60
542 564 43
254 139 46
275 145 48
436 603 28
522 307 18
240 496 20
440 251 9
232 488 6
369 174 17
81 601 14
172 606 7
182 431 22
477 300 16
394 188 37
463 318 20
476 309 17
12 600 49
580 50 28
199 535 46
269 547 47
500 206 19
583 447 18
463 96 27
514 433 19
82 535 7
466 585 12
552 204 14
240 406 7
163 480 9
377 464 22
26 494 49
192 84 20
174 540 34
89 426 47
559 331 45
306 574 24
446 268 8
465 200 32
5 209 22
75 273 14
15 532 3
378 522 40
287 339 37
118 52 38
284 163 33
586 21 17
533 464 46
566 573 24
74 536 27
333 217 18
307 542 33
25 416 43
357 107 10
191 557 43
410 202 34
153 387 9
71 593 18
218 170 36
506 476 19
64 400 41
163 287 45
392 64 4
480 229 25
142 88 25
186 410 25
471 587 24
170 143 22
30 434 20
145 513 37
300 512 44
323 184 33
589 303 42
492 110 2
266 245 26
43 101 41
375 256 27
78 483 19
237 36 6
143 341 12
422 204 42
543 95 45
518 81 46
483 126 10
390 72 40
448 217 19
152 523 24
463 62 13
250 600 2
440 509 40
10 114 32
121 107 22
483 490 44
455 169 31
279 108 5
20 269 38
536 288 21
171 142 7
363 298 37
90 479 39
147 410 3
298 253 5
607 218 41
231 146 46
235 346 23
553 554 42
351 128 38
384 602 49
550 374 11
178 229 22
151 40 28
566 31 21
291 485 3
163 363 19
356 496 30
433 414 11
120 442 42
96 478 20
265 514 9
430 553 8
545 339 24
303 343 10
423 485 35
184 230 10
370 522 16
343 118 45
451 553 41
516 102 6
583 463 16
400 381 23
272 432 23
212 378 35
275 382 19
335 582 44
307 4 47
252 273 1
345 556 45
269 329 22
420 337 1
97 66 13
204 496 40
254 128 7
600 2 38
92 185 43
555 427 47
426 337 1
14 359 8
349 253 13
17 520 22
548 24 41
210 139 34
554 539 50
354 146 41
233 264 21
330 170 22
55 322 16
586 449 16
49 106 46
600 398 43
35 534 43
457 577 12
544 282 30
105 103 45
232 605 36
393 332 41
456 305 32
165 60 8
299 34 34
489 315 1
33 211 27
191 75 15
443 337 45
270 246 26
187 25 45
61 575 38
451 381 20
501 68 42
206 589 22
267 491 20
62 483 32
151 473 38
519 474 44
234 380 25
417 97 21
315 437 5
283 359 4
103 120 36
145 349 44
46 562 28
596 335 4
298 161 15
306 330 30
444 485 19
211 355 41
493 93 13
427 33 22
428 9 21
382 595 8
299 111 50
200 229 4
16 231 18
173 167 21
100 488 4
205 101 5
62 102 19
207 297 23
474 282 27
215 233 47
501 150 34
32 21 6
369 256 1
20 29 49
273 13 4
253 577 8
74 471 43
582 13 35
446 607 27
137 446 26
527 349 5
600 569 1
189 25 3
59 321 20
193 218 38
196 556 6
484 403 24
507 90 45
387 520 39
469 256 15
297 321 6
64 39 22
425 548 1
446 295 6
31 419 35
462 334 46
327 428 40
47 530 40
242 432 44
243 352 10
355 579 9
512 123 26
379 300 42
350 239 6
96 573 10
276 362 38
379 203 14
172 3 13
555 562 10
288 510 26
458 596 30
66 434 26
597 128 49
253 113 43
182 65 33
591 488 36
163 22 36
435 61 19
383 608 19
99 469 38
546 485 41
557 452 20
563 471 34
452 301 21
588 61 19
512 218 31
398 33 5
296 248 41
586 59 7
110 30 11
267 602 47
110 186 29
609 541 19
162 555 25
455 473 39
145 520 34
305 550 21
149 52 44
53 307 13
54 29 31
42 570 50
132 142 34
55 92 35
158 583 10
521 368 37
270 82 4
464 531 31
130 416 14
76 110 31
228 357 3
392 9 10
184 582 39
369 469 20
589 202 39
442 367 33
80 325 1
81 607 50
60 370 50
402 465 8
256 241 41
423 304 50
111 606 36
271 145 15
404 339 1
124 152 14
210 76 9
369 318 26
234 273 28
390 415 16
318 324 1
437 555 16
313 175 3
339 361 4
107 172 24
188 208 11
164 24 30
603 358 33
481 285 34
510 228 11
351 293 16
564 284 17
318 409 9
180 39 50
172 213 44
4 438 36
403 210 13
461 364 7
233 404 19
527 39 8
542 349 7
501 503 23
266 208 31
219 103 34
608 600 15
340 240 43
63 210 29
117 390 31
201 189 26
255 394 49
605 472 11
264 124 3
492 290 30
288 283 11
388 306 8
336 103 5
366 467 23
130 431 28
315 387 18
418 288 49
372 244 38
180 219 39
357 177 31
421 210 28
341 511 3
3 423 39
234 489 6
319 478 53
595 179 43
352 245 44
490 316 19
451 305 15
67 90 47
381 554 1
575 200 17
484 313 44
310 93 47
129 478 38
412 243 35
273 533 3
98 433 21
415 518 8
21 317 49
238 535 26
366 600 30
303 360 26
565 534 27
256 242 4
305 89 40
48 87 36
518 507 58
206 26 46
194 218 35
309 536 46
555 485 1
528 190 20
589 248 46
573 351 21
288 107 28
126 227 38
590 476 15
322 272 50
169 256 13
206 162 30
397 233 7
384 554 5
279 504 46
280 449 1
460 206 34
416 271 26
24 171 37
96 384 18
434 488 45
545 129 32
56 402 19
332 550 17
357 216 17
514 501 34
189 215 21
455 568 2
168 289 42
162 58 33
435 197 9
74 533 41
302 210 6
412 81 1
318 321 24
330 473 13
464 171 22
495 450 26
533 416 11
396 216 30
503 150 22
35 233 13
498 346 33
352 71 12
290 104 13
569 487 1
77 384 27
456 452 18
292 199 44
370 525 17
80 453 9
486 514 29
67 17 26
582 314 20
84 123 8
376 395 43
549 188 22
549 475 44
102 573 30
580 30 22
606 554 17
226 49 1
22 80 23
179 218 2
106 120 16
337 502 35
121 112 37
439 119 39
65 600 31
146 34 4
569 334 2
599 60 4
561 5 45
57 536 7
248 529 27
341 110 2
430 342 41
11 476 11
414 246 8
428 264 41
36 224 22
553 104 50
68 358 29
12 292 20
5 157 20
412 98 29
508 289 29
400 591 34
438 602 17
105 520 17
562 334 5
73 85 25
442 597 13
221 258 48
76 36 4
375 211 7
482 310 34
463 58 14
2 200 9
146 565 11
480 407 5
605 241 25
321 522 20
499 175 27
477 189 30
70 447 10
464 409 7
536 337 13
499 54 40
585 408 27
318 523 10
523 306 11
363 49 30
185 187 29
208 420 48
479 362 10
164 536 40
250 17 20
508 326 5
331 173 11
137 301 39
338 509 34
424 484 9
178 173 50
164 467 47
339 240 37
466 342 39
367 325 41
366 212 2
371 33 23
56 386 10
25 530 16
256 578 47
88 98 17
298 306 35
406 122 4
179 359 21
37 431 34
190 308 50
425 141 11
366 33 35
210 231 48
116 331 41
600 46 42
459 145 11
103 109 33
128 253 37
575 261 39
604 192 37
525 408 6
507 92 14
128 154 21
246 570 8
327 94 33
459 89 44
147 172 4
338 417 25
166 543 14
425 13 37
261 430 3
145 19 33
300 422 23
317 227 24
330 360 28
296 182 27
242 155 3
325 429 26
465 383 8
291 110 45
283 292 3
504 57 35
97 421 36
437 489 10
515 23 41
83 299 30
71 64 6
227 130 7
560 469 48
601 148 45
351 65 19
190 477 22
544 403 43
516 211 32
330 163 48
529 361 40
5 400 30
486 31 4
111 193 11
156 313 35
415 528 9
548 418 49
428 121 6
476 116 38
336 391 5
422 230 16
160 344 4
341 590 6
474 589 20
2 136 15
477 506 31
269 199 8
533 585 33
338 116 23
580 261 23
273 231 28
409 163 31
135 278 9
601 57 13
216 127 9
253 531 10
409 486 17
377 548 22
116 185 49
334 143 16
156 31 50
155 458 19
197 508 17
325 165 46
158 112 10
398 307 48
275 250 17
17 552 27
332 31 7
429 327 46
569 136 52
141 394 2
416 502 8
29 284 6
278 98 10
600 507 37
286 128 35
68 502 4
40 557 8
15 481 49
504 430 2
313 242 50
348 307 4
149 419 20
544 476 15
112 471 29
116 588 42
588 539 5
204 135 40
119 343 5
470 510 49
436 81 10
145 2 55
8 229 39
98 275 31
458 3 34
306 283 28
478 248 37
530 560 25
141 566 26
152 419 10
411 248 5
219 333 6
220 159 10
606 526 3
169 237 44
360 477 46
256 224 27
1 493 55
561 213 30
572 609 3
347 491 16
168 136 13
502 260 43
218 135 27
143 494 22
429 406 15
86 407 39
324 161 18
578 391 11
326 528 39
341 527 28
5 446 19
240 262 2
227 281 10
396 498 22
601 97 4
224 412 18
451 266 16
188 506 36
492 465 28
119 53 44
433 423 39
264 19 46
360 449 15
268 557 48
200 96 13
599 12 43
293 373 23
120 54 7
439 402 40
10 95 17
43 341 40
227 72 41
151 73 23
586 178 35
418 497 10
493 222 21
492 184 49
328 472 6
101 77 26
349 45 38
21 14 33
353 273 14
172 465 10
545 517 33
281 123 27
213 430 22
538 548 53
97 430 43
327 310 42
41 279 34
147 581 19
245 572 50
564 261 27
514 345 13
130 179 11
172 337 5
278 225 4
4 475 37
330 408 4
432 194 1
13 228 2
583 471 42
527 288 33
90 439 3
113 431 50
465 552 30
262 385 5
418 439 43
404 180 5
190 299 21
463 440 50
239 497 39
321 407 44
211 9 21
172 83 16
128 14 39
454 51 5
565 343 7
423 245 43
248 313 13
80 82 41
204 152 41
253 474 29
69 541 24
215 158 10
82 167 19
572 11 44
245 164 17
456 147 48
164 180 6
261 597 16
333 57 34
30 513 24
178 213 18
265 401 30
56 398 7
528 243 31
354 345 17
396 146 31
458 514 6
584 374 46
578 425 43
588 356 17
580 440 15
384 285 32
283 244 31
374 150 33
127 5 8
130 603 6
332 173 23
88 441 16
129 520 12
383 207 48
440 124 48
188 108 39
224 488 27
139 125 43
316 110 36
160 332 23
188 109 5
539 517 20
366 175 42
20 288 18
116 504 4
309 254 31
550 207 7
346 283 3
570 247 41
125 449 21
396 354 23
476 5 13
176 111 31
288 296 21
426 165 27
143 269 32
327 281 23
170 599 10
461 178 38
484 184 17
208 515 49
257 312 31
576 348 28
211 229 35
447 475 38
466 493 26
381 226 32
351 144 9
527 558 27
90 351 38
128 441 22
531 95 12
362 315 32
341 479 35
602 382 21
588 564 34
528 164 6
514 536 21
36 600 48
56 297 29
549 298 3
121 339 23
295 170 40
554 11 21
219 32 2
147 284 12
220 514 21
135 15 1
110 287 8
64 259 8
327 233 46
538 490 44
413 565 40
498 55 37
481 584 32
296 430 9
73 400 45
437 361 7
545 23 31
438 199 50
297 275 17
79 208 42
178 444 2
156 317 25
163 132 11
229 487 42
11 397 2
33 570 9
296 140 47
425 342 50
314 196 37
187 365 21
416 581 12
573 511 9
455 159 4
304 455 3
371 130 9
456 170 9
102 597 34
512 11 5
59 493 38
53 403 39
33 85 10
525 291 7
448 194 41
159 91 20
261 282 20
449 109 15
523 481 49
199 16 14
329 117 35
199 577 45
416 506 46
111 191 8
418 538 28
151 298 35
185 224 50
454 98 37
361 117 2
440 422 31
109 53 46
263 154 10
428 146 43
282 445 45
211 483 12
531 109 13
411 158 15
22 489 41
590 563 25
324 31 1
529 566 14
334 285 12
246 93 26
556 293 50
365 471 11
221 186 46
573 534 15
149 538 10
103 327 10
416 22 41
101 432 36
527 430 15
113 186 35
281 280 4
265 299 44
350 593 18
570 437 39
424 572 49
6 446 17
127 217 42
402 593 27
197 67 48
217 37 11
305 583 17
160 517 24
31 473 1
124 356 21
247 121 6
562 233 34
175 357 20
100 268 32
207 121 38
542 285 1
580 110 17
17 425 25
408 84 5
43 467 4
277 2 39
517 541 21
513 185 17
228 395 50
236 203 40
486 412 30
164 373 16
510 445 41
116 607 44
595 408 5
152 477 2
108 582 6
190 589 48
235 25 27
291 151 27
117 304 3
64 285 6
411 459 50
429 594 28
529 30 10
210 164 44
548 341 40
253 493 8
42 210 15
506 323 17
403 110 24
398 199 28
84 267 25
525 422 33
257 591 9
580 490 6
575 512 11
250 58 16
15 415 39
169 251 14
39 535 29
576 479 14
323 348 21
6 24 34
21 53 38
491 609 5
156 398 29
564 459 15
110 367 23
471 235 14
369 302 19
269 396 43
140 184 15
8 212 40
509 29 10
251 300 22
297 307 1
261 169 22
556 179 23
164 585 19
319 277 22
453 7 48
106 58 7
111 201 43
354 140 13
525 371 29
440 213 10
386 340 32
126 117 41
190 245 23
312 502 3
152 206 13
190 259 50
564 606 23
505 256 50
352 501 39
476 146 10
360 219 4
51 412 31
25 192 9
262 519 42
344 78 26
262 20 39
590 21 19
408 252 26
312 487 46
110 229 20
95 142 14
245 374 20
364 217 7
254 369 2
448 435 45
169 528 10
477 133 28
409 221 43
223 470 6
474 194 12
53 565 20
553 64 40
229 303 41
88 252 7
432 373 37
431 152 34
232 370 8
51 254 19
455 132 6
33 17 43
43 572 46
497 605 29
438 372 2
180 397 8
530 505 4
106 542 11
175 293 8
478 414 7
557 254 6
357 344 46
162 85 23
49 565 9
467 112 28
389 264 50
558 387 40
151 154 33
112 341 28
485 195 14
298 304 9
93 52 7
288 441 13
338 416 13
135 193 11
426 253 13
267 548 10
520 122 12
559 36 7
3 405 31
391 574 25
355 298 29
255 296 12
530 508 38
286 114 28
97 429 24
598 476 33
585 167 46
40 340 1
95 488 20
58 205 50
444 166 41
173 59 10
548 145 24
147 407 36
95 352 46
379 66 27
509 552 10
394 258 9
503 355 38
194 479 24
154 379 13
276 191 21
174 404 22
362 114 34
326 197 25
78 192 42
336 185 26
338 488 25
597 6 25
257 317 38
55 231 46
136 365 34
515 296 26
301 144 42
540 426 41
457 315 11
410 453 14
441 161 10
185 367 1
235 183 5
571 310 50
314 593 20
290 477 39
292 132 30
466 556 46
53 265 35
56 139 32
420 351 7
56 138 45
214 467 28
316 342 4
297 4 10
530 168 25
599 317 11
343 254 2
98 390 6
414 63 41
250 572 48
110 225 1
577 103 16
384 431 38
544 428 1
225 460 24
37 392 23
308 319 45
385 217 36
462 280 12
234 507 11
299 240 17
501 462 21
381 83 31
273 536 3
13 361 21
441 193 33
418 29 37
378 555 37
522 48 23
253 408 40
229 89 13
10 97 18
399 256 37
301 138 15
572 256 9
404 496 16
402 389 15
491 60 6
278 510 35
374 529 34
131 337 19
306 366 22
474 272 36
377 183 18
180 136 31
547 510 43
348 353 15
63 403 38
535 362 19
548 584 35
512 527 15
261 468 7
565 491 7
336 387 1
574 146 31
245 369 8
325 244 21
285 41 16
469 37 39
371 490 21
232 263 26
218 95 19
42 454 6
484 383 23
181 423 18
193 149 38
545 549 3
328 301 37
294 340 16
403 528 36
255 208 27
395 163 8
202 149 25
89 106 25
123 141 42
148 357 35
507 209 29
168 141 42
96 93 14
222 252 21
500 60 33
233 308 36
372 411 11
122 68 13
162 579 4
34 370 34
51 2 2
564 496 18
302 184 16
269 247 48
311 565 7
200 310 8
497 223 14
22 537 32
532 136 3
487 41 18
68 309 30
249 572 43
363 420 1
355 584 12
601 465 13
97 128 8
537 132 25
59 131 28
288 319 28
484 353 4
5 398 14
77 583 38
511 145 38
328 417 1
169 552 21
40 17 10
387 192 16
412 331 34
507 162 24
122 476 32
141 451 8
446 244 41
25 428 5
552 96 13
73 262 49
142 438 45
192 578 18
410 572 36
400 297 50
47 15 25
37 473 28
326 302 43
503 212 15
104 442 50
537 210 38
379 3 32
306 130 8
167 43 39
252 381 13
519 199 10
328 189 28
558 194 38
362 252 7
136 94 41
49 331 2
9 363 40
603 136 50
85 204 34
405 344 17
312 525 8
416 319 27
412 381 32
122 591 8
228 432 10
604 346 23
206 230 14
131 605 12
602 387 41
363 430 21
134 427 27
458 92 50
181 223 25
271 90 5
492 590 45
549 153 25
180 390 34
576 335 37
68 373 28
575 374 21
9 550 8
365 424 22
529 6 14
245 337 44
585 603 41
517 273 41
429 527 39
304 97 48
413 184 21
560 516 6
435 311 46
556 248 50
13 14 8
379 553 47
352 435 39
534 149 49
498 104 13
252 108 11
93 583 42
197 64 35
209 231 34
34 192 42
307 506 21
467 113 29
103 465 42
396 76 15
227 76 42
60 605 22
566 98 1
189 354 1
136 393 39
207 21 6
479 128 20
579 174 42
517 467 23
559 537 39
35 239 40
436 245 41
278 381 18
180 200 5
65 436 5
325 295 22
148 250 45
581 42 4
160 447 43
183 36 32
310 504 49
118 279 12
516 55 18
242 65 33
24 460 30
298 188 47
73 172 36
507 410 2
456 378 48
515 538 29
544 172 28
394 278 48
111 192 11
98 324 46
535 495 13
392 51 37
307 582 35
365 281 33
246 172 12
96 259 42
358 148 27
175 141 10
1 61 23
197 140 15
545 337 28
268 216 1
184 499 22
209 395 23
458 237 5
291 303 43
364 583 31
76 494 44
24 538 40
34 188 7
103 312 7
297 226 38
28 264 32
301 508 38
235 98 27
559 412 38
441 319 5
350 371 49
487 439 23
175 502 45
43 497 9
16 6 31
128 230 25
32 127 20
329 303 22
547 297 33
128 305 42
204 189 49
413 377 4
510 539 34
568 21 39
602 357 15
399 594 29
473 530 4
148 42 10
514 327 50
159 163 6
437 109 41
425 322 49
216 21 26
573 461 13
215 139 47
331 458 24
435 72 36
113 491 46
418 602 42
529 112 1
549 416 5
43 385 14
302 383 28
516 546 36
158 532 15
189 214 41
277 60 3
535 214 5
224 312 23
8 503 44
117 306 23
529 159 16
233 278 31
321 75 3
483 144 44
332 457 34
176 185 25
61 215 27
186 418 29
11 191 9
223 336 16
79 395 23
263 233 7
153 46 3
447 569 5
211 312 14
586 532 1
124 537 1
224 356 32
143 265 29
594 143 27
550 544 37
518 605 36
162 416 3
337 276 43
358 70 18
540 300 27
90 106 13
63 99 5
369 215 32
367 407 18
542 386 19
241 56 5
320 183 10
553 408 26
499 98 22
208 346 15
320 275 42
230 551 50
331 221 1
302 90 32
176 536 11
291 477 6
24 318 9
129 506 12
515 95 15
71 133 22
380 240 46
261 493 21
513 430 5
550 588 23
140 430 1
257 42 49
478 550 7
503 369 22
448 89 11
283 461 17
5 243 4
403 432 9
406 295 34
218 358 34
391 590 9
601 366 14
68 56 48
436 191 32
517 110 30
158 85 7
305 225 43
26 409 14
202 231 16
313 165 27
69 341 5
510 81 5
179 525 5
142 563 49
85 253 9
163 603 9
273 547 34
432 252 49
404 458 55
361 342 21
295 487 23
553 607 47
168 545 14
178 121 35
580 496 22
36 262 50
328 387 35
8 25 35
238 361 15
426 399 40
484 553 21
187 567 17
299 559 27
449 34 15
357 419 34
356 160 16
221 499 19
536 95 19
22 208 13
544 365 13
297 439 18
49 116 39
159 154 28
302 24 5
132 457 16
284 388 24
264 485 32
593 305 38
98 301 4
42 132 18
408 608 15
602 293 15
269 182 16
325 426 5
432 188 28
402 146 42
239 122 6
35 430 9
53 73 13
466 94 45
275 390 19
112 187 44
299 477 33
323 418 47
314 226 31
