1000 2699 22
22
11
52
60
49
45
31
20
9
57
5
58
39
52
29
19
48
53
3
30
62
42
60
2
68
54
55
13
64
67
29
23
66
56
17
3
26
9
36
50
36
35
55
10
2
29
54
15
36
53
30
16
38
30
62
12
40
35
40
55
14
60
5
39
56
41
32
6
15
42
48
61
3
24
31
51
20
51
20
37
10
20
7
15
17
68
47
20
37
57
47
16
2
16
58
31
18
20
25
19
40
35
22
68
15
64
33
58
24
53
63
68
67
64
66
39
48
6
9
39
62
36
38
5
47
25
62
49
2
6
52
12
64
2
35
27
65
67
31
55
21
62
3
47
7
54
62
57
17
29
23
49
27
47
46
40
31
30
48
7
45
23
8
63
14
33
4
42
35
14
58
48
38
66
58
48
8
41
10
65
9
57
44
21
48
8
30
47
1
63
3
33
5
17
25
1
14
3
11
66
26
60
34
21
6
29
24
34
53
17
62
51
41
7
9
1
28
48
19
38
32
52
62
15
6
47
1
65
60
61
33
64
57
34
52
37
24
29
60
45
38
4
42
16
45
51
3
20
57
32
23
24
61
14
15
54
65
51
62
22
23
67
44
64
59
9
50
65
19
48
31
39
25
45
56
21
21
1
60
3
58
19
15
41
15
65
18
36
24
43
38
67
59
16
7
3
9
34
27
40
49
3
11
43
21
65
59
10
59
37
64
46
21
17
51
1
41
10
58
49
24
62
9
3
26
17
12
38
22
28
36
22
67
52
41
7
57
66
13
58
40
66
29
14
39
44
44
19
64
16
51
6
50
63
47
44
9
46
55
19
49
22
37
42
42
51
67
5
28
38
44
27
44
61
21
53
38
13
3
47
56
6
48
61
40
32
10
26
45
34
27
59
26
23
34
47
1
64
56
10
52
57
62
53
1
36
12
68
6
38
19
63
47
37
2
61
26
32
6
45
12
4
47
46
30
37
64
4
29
68
26
39
62
26
56
28
64
12
6
1
37
8
68
37
66
11
60
20
35
38
47
64
6
36
6
52
37
6
45
22
18
1
55
62
7
11
40
37
48
36
31
58
14
38
61
17
27
62
5
30
56
52
53
14
58
37
57
22
14
45
43
44
44
56
60
12
43
24
58
5
23
49
67
6
10
14
7
4
21
8
66
50
21
9
43
12
39
66
21
3
28
14
35
58
52
23
21
20
68
41
8
48
21
11
43
32
7
1
16
46
4
13
46
64
42
22
16
28
49
52
3
4
17
50
18
27
12
39
30
62
47
14
16
6
52
42
13
63
4
31
18
56
61
33
9
58
26
36
13
26
13
57
5
22
36
39
16
46
14
52
41
31
65
61
65
29
37
36
24
38
7
14
29
19
40
39
52
64
32
39
9
3
57
25
17
6
10
47
2
46
47
54
26
24
45
16
47
50
50
40
26
57
33
45
66
53
8
10
60
27
35
45
11
9
20
47
59
41
48
41
28
48
49
7
54
7
31
39
44
29
46
64
16
63
38
4
32
44
56
59
45
62
23
41
33
13
27
63
19
50
40
30
5
54
62
10
10
53
33
68
66
46
49
68
36
29
51
56
35
41
10
27
15
67
44
61
9
6
18
35
46
58
11
20
37
66
63
10
62
34
25
22
65
2
20
24
18
19
5
2
38
60
63
44
38
9
8
2
58
51
67
24
16
48
66
14
43
56
30
62
57
26
41
15
44
6
29
4
10
21
21
31
64
47
55
63
67
10
39
55
25
13
29
68
63
27
63
50
62
28
30
54
54
31
67
31
28
53
52
25
11
65
43
61
27
2
27
2
16
1
18
27
9
40
65
18
2
9
17
55
43
34
47
13
43
57
44
57
49
4
24
38
19
50
9
64
29
12
21
59
10
40
23
37
67
19
18
52
3
7
61
33
27
52
55
48
31
40
32
23
3
22
37
10
44
4
13
27
40
53
49
52
12
66
1
52
42
31
39
42
57
16
20
67
24
15
17
26
48
39
39
56
42
1
66
29
6
24
26
23
40
29
44
32
18
40
33
59
54
1
48
46
53
1
39
50
63
52
59
50
25
44
24
27
46
45
63
20
21
13
43
56
68
32
55
45
25
63
4
64
17
45
41
37
4
46
43
50
35
7
6
47
57
58
53
7
35
24
63
53
55
3
36
22
52
63
8
47
61
15
27
41
58
41
54
49
10
6
39
17
17
50
29
55
49
40
68
35
68
22
36
8
28
19
56
13
63
38
60
66
59
18
41
20
51
21
1
17
40
28
961 653 16
755 120 37
117 869 11
186 539 9
283 754 20
293 331 25
429 466 50
727 370 32
89 596 31
986 788 8
933 359 40
783 737 42
47 846 18
872 335 47
366 979 22
312 933 2
846 764 22
167 105 1
689 721 38
593 106 19
994 926 10
738 671 45
96 723 48
862 620 8
928 284 8
228 218 20
758 313 7
245 63 34
454 154 20
504 413 43
545 584 26
772 399 5
524 614 51
530 826 30
385 271 28
558 789 23
600 829 18
538 163 34
380 874 27
385 8 19
305 514 34
219 672 12
707 934 26
513 372 40
979 880 15
986 223 19
354 723 3
125 735 16
559 102 21
986 319 20
812 298 2
891 781 10
894 247 12
85 693 11
275 202 13
836 34 28
379 933 46
276 101 24
721 60 1
226 27 18
927 309 33
911 903 1
559 743 20
547 762 10
93 136 40
910 362 19
313 326 31
224 251 40
507 480 38
184 635 29
770 894 25
815 377 44
662 300 9
598 944 37
43 959 3
160 442 25
361 451 10
619 338 24
523 84 23
824 670 5
649 870 5
145 850 6
489 118 15
647 341 16
811 54 48
25 481 39
84 32 40
448 60 19
568 160 33
12 523 22
156 643 27
651 702 15
909 231 13
873 961 18
997 326 45
989 993 17
513 182 27
899 930 2
540 842 8
283 809 17
104 509 50
111 805 39
746 82 42
579 733 43
105 989 41
53 749 47
699 401 8
72 158 27
849 288 46
819 750 13
470 425 40
524 615 44
2 395 28
701 137 15
316 255 3
58 148 39
328 936 27
452 538 10
327 96 26
325 982 23
474 277 1
288 130 38
496 331 12
623 251 10
794 574 14
475 631 49
467 683 33
857 170 18
498 965 50
394 224 17
828 407 11
337 787 30
678 352 52
180 443 22
919 792 36
780 115 7
640 912 11
755 104 30
170 19 11
376 968 15
240 862 44
517 825 5
813 761 36
7 190 36
807 729 8
813 681 10
652 814 47
523 669 4
884 230 5
896 769 25
98 359 30
6 741 2
695 231 15
978 372 3
779 862 11
527 783 1
830 390 35
40 457 43
807 321 30
911 390 29
288 365 4
800 550 1
495 464 6
889 729 6
339 543 13
831 15 47
603 327 21
228 541 45
368 231 6
225 829 11
83 306 23
307 632 41
573 760 17
162 228 23
598 931 13
748 601 37
932 393 25
457 30 22
734 828 50
498 470 43
925 731 46
918 899 37
915 356 19
453 211 16
261 920 48
11 325 35
378 318 16
926 892 28
501 768 3
824 790 26
830 998 29
599 410 3
909 655 41
510 646 7
113 146 13
315 156 31
751 829 4
264 494 42
267 412 43
881 99 17
665 307 20
181 727 49
548 822 12
634 48 49
967 415 12
8 622 18
318 964 8
831 637 21
420 277 16
72 708 7
215 243 34
430 188 31
707 964 25
4 390 39
668 705 9
292 798 43
506 567 38
168 197 37
499 646 13
656 476 38
682 793 32
509 706 1
562 552 8
357 966 31
904 440 33
77 502 17
17 140 19
417 884 21
160 492 27
760 739 30
370 235 9
631 740 12
251 588 11
686 89 15
187 461 6
235 976 1
132 703 2
560 775 39
76 553 19
263 857 15
442 175 7
3 639 21
163 326 1
543 117 50
28 399 35
166 597 43
516 686 29
392 783 45
569 635 13
916 968 26
858 345 9
558 585 24
810 566 17
934 622 29
918 336 9
590 79 4
997 502 48
655 515 48
467 849 43
464 324 6
351 310 25
7 604 31
433 481 39
732 284 7
392 573 32
557 922 43
169 479 7
578 700 34
998 533 39
820 338 10
628 461 37
934 297 29
597 111 12
50 934 34
724 655 37
664 702 5
28 843 36
708 980 19
3 578 7
942 304 6
484 864 17
643 216 12
337 680 33
764 388 18
10 889 11
382 133 13
208 334 5
654 934 4
961 38 8
282 609 10
941 800 10
502 493 38
948 975 19
549 262 37
163 82 32
323 136 15
734 847 35
809 845 16
793 602 13
491 459 31
253 635 21
538 894 40
18 138 44
655 493 2
813 198 20
313 382 18
977 364 41
502 830 14
382 629 47
634 996 31
816 586 41
736 397 37
799 444 8
433 170 15
932 465 41
80 992 32
132 963 16
591 62 8
193 981 24
509 542 26
977 362 35
364 945 21
595 710 26
344 768 14
472 520 55
309 704 25
263 137 50
624 883 36
750 440 27
572 491 26
15 518 8
520 83 47
199 101 17
972 323 15
661 201 6
251 211 13
57 187 36
316 826 32
826 658 22
323 157 2
914 323 1
723 696 42
197 967 18
165 270 15
73 272 3
7 984 22
805 899 40
323 239 6
200 997 42
743 866 2
87 705 17
310 308 37
422 2 20
915 338 39
202 51 5
974 26 30
776 13 3
197 418 14
115 988 47
119 282 43
94 495 4
924 107 7
529 724 33
544 366 57
462 926 5
100 362 32
682 52 44
689 751 28
496 315 27
331 13 45
541 601 46
209 853 34
688 18 6
862 568 13
900 467 1
508 356 9
684 96 32
801 899 6
179 272 33
84 567 15
870 190 14
291 694 39
744 613 27
987 228 28
254 615 19
819 268 37
595 2 17
953 438 31
16 914 33
476 235 14
224 679 28
704 511 39
848 400 38
216 993 15
754 886 43
562 219 24
936 696 46
315 749 39
178 507 10
192 4 12
952 392 3
584 936 5
731 257 2
315 457 8
522 808 33
979 85 6
268 583 53
298 392 37
742 903 40
526 693 31
736 283 1
51 925 37
921 823 7
944 129 5
773 684 23
391 464 3
552 958 44
122 4 14
228 840 3
366 447 42
331 564 42
280 756 21
413 399 12
979 229 46
569 345 15
778 122 46
827 185 44
244 525 17
284 335 9
429 270 9
7 789 1
592 992 6
408 624 23
669 769 34
597 588 43
846 335 40
274 374 8
907 88 29
410 638 39
928 209 12
361 634 8
535 919 23
745 415 16
265 527 39
838 570 50
659 676 31
245 659 32
924 421 11
878 340 8
926 793 24
190 895 23
865 527 1
951 391 10
966 195 35
672 157 21
106 602 33
502 563 11
626 472 48
200 397 10
283 561 11
725 662 31
291 520 37
155 584 23
741 481 34
756 50 10
955 110 1
799 629 21
627 947 1
506 539 15
750 362 49
412 905 4
239 958 35
711 874 36
440 674 45
412 398 37
441 82 46
654 912 14
607 862 8
256 425 45
157 91 34
469 335 42
328 428 13
146 878 38
236 846 36
708 994 41
951 696 7
482 97 48
490 85 19
999 462 33
585 684 42
733 891 9
828 948 45
257 308 32
252 793 47
230 273 49
32 679 3
53 936 1
128 264 35
444 18 31
341 788 42
289 563 34
717 696 51
723 302 29
40 146 44
165 681 47
200 716 34
359 472 27
91 222 23
856 159 13
516 480 10
112 513 45
657 291 17
665 242 8
786 643 47
731 315 44
302 531 46
669 85 38
135 109 12
924 826 2
393 902 47
708 33 4
697 105 46
914 575 19
994 756 36
971 848 31
903 901 16
640 418 28
339 268 6
910 737 16
253 395 48
152 83 31
366 451 37
931 360 45
103 134 21
503 806 9
299 318 13
720 855 26
362 663 45
281 100 30
27 974 35
347 850 17
571 74 40
943 390 3
348 672 29
771 796 5
684 446 35
417 423 12
494 320 11
141 471 12
151 968 9
306 512 31
694 992 16
673 6 44
894 808 11
399 474 4
475 256 41
130 268 43
471 650 20
242 940 9
931 24 37
469 288 20
156 279 19
382 4 35
71 606 21
389 175 26
210 413 28
754 979 31
936 625 38
941 786 4
343 385 16
54 368 25
926 124 2
388 477 11
300 943 30
309 106 39
474 378 33
700 988 15
542 472 31
367 722 10
850 908 41
210 64 42
614 198 17
78 345 34
219 573 29
148 372 11
364 559 35
319 693 47
928 782 50
641 408 12
686 561 44
251 441 20
667 290 3
763 27 19
421 268 3
633 975 3
857 969 42
219 704 14
981 812 47
655 67 30
220 450 27
516 353 9
471 60 22
461 463 4
487 369 21
842 757 30
673 318 4
814 915 19
393 744 24
187 422 1
288 815 33
578 856 39
925 67 39
508 124 20
935 897 43
49 691 43
134 661 49
543 934 7
712 421 34
844 376 29
524 472 32
431 200 6
993 745 39
920 544 9
107 884 37
122 349 29
997 360 29
723 750 23
632 326 4
903 599 29
652 922 13
527 655 10
460 139 31
211 473 2
97 932 23
340 528 40
759 911 2
596 545 22
753 435 41
77 480 41
606 728 36
879 131 42
353 638 14
42 658 19
973 720 18
971 637 14
419 640 10
110 949 12
882 623 14
935 604 12
87 88 31
966 513 44
243 886 47
16 562 4
118 44 33
492 531 33
283 122 48
124 526 17
798 926 50
698 329 48
965 531 24
153 322 30
201 526 41
477 897 22
739 158 46
197 419 48
62 839 45
562 788 11
371 571 16
890 779 18
536 314 47
111 703 31
277 231 14
660 462 24
198 851 16
208 925 5
918 518 30
840 713 4
875 889 8
611 515 42
937 806 11
714 358 1
401 804 7
25 521 3
499 551 37
797 807 20
73 660 8
729 704 37
134 49 2
588 59 46
35 877 3
189 780 13
472 338 49
798 407 2
934 580 10
443 364 19
723 508 32
390 220 9
496 571 25
203 666 37
223 439 34
862 844 32
639 894 44
244 196 12
394 581 27
355 36 47
589 807 5
1000 194 36
616 924 46
475 787 16
808 148 31
499 736 38
665 955 34
846 402 9
171 370 2
335 48 11
956 657 36
132 70 21
773 439 48
489 378 14
979 688 2
151 543 49
817 623 11
153 128 2
602 912 12
165 684 41
110 608 23
804 550 13
234 920 6
170 696 9
136 441 39
475 955 17
552 942 48
28 282 22
260 135 1
585 879 34
536 293 16
965 896 6
145 530 30
809 531 26
277 688 44
963 713 35
184 85 33
384 367 15
223 153 29
221 94 49
292 556 25
273 321 16
263 614 4
267 290 6
694 213 17
100 539 11
619 969 40
853 134 34
571 995 16
300 195 34
146 373 45
166 558 49
542 428 7
923 149 28
67 106 48
621 849 30
957 895 39
749 914 43
213 262 24
48 410 13
756 982 32
761 76 20
184 587 44
110 32 40
141 300 8
752 804 2
564 1000 5
341 691 21
45 88 1
501 549 19
673 595 39
322 173 19
508 855 17
592 331 35
305 255 16
214 609 48
366 742 33
726 540 5
11 732 13
127 950 30
283 591 10
638 152 34
727 127 25
545 524 12
566 324 5
693 548 1
631 962 4
968 433 38
703 21 43
750 408 32
848 283 13
895 785 18
231 641 31
527 146 28
9 944 1
572 67 12
215 962 34
242 299 3
321 395 43
455 678 39
846 848 30
16 298 31
887 113 21
757 571 13
690 759 18
770 598 23
993 106 26
701 889 42
965 881 14
863 160 32
89 542 3
278 354 38
706 683 50
771 577 46
432 266 16
608 9 9
379 171 1
331 141 19
111 267 61
540 666 30
397 279 9
481 38 16
605 746 27
23 257 31
884 507 3
528 531 36
328 384 7
409 810 6
580 494 33
634 452 6
931 511 48
167 10 14
483 664 7
784 852 45
76 704 13
724 298 50
776 575 6
521 916 11
400 885 4
137 761 31
21 967 35
500 91 15
397 250 10
59 821 44
535 161 30
759 385 44
472 205 25
243 571 11
662 646 28
377 586 31
454 187 26
79 281 41
551 555 29
61 911 2
793 904 30
36 658 13
514 77 2
661 532 32
498 656 23
860 985 25
286 78 48
299 145 45
925 866 37
495 9 6
645 39 7
700 247 8
957 770 37
575 301 3
430 106 28
967 2 33
25 77 49
292 460 47
143 321 45
677 740 13
760 707 5
700 603 36
123 206 23
605 112 12
407 89 8
917 681 44
390 18 18
685 474 26
814 613 38
622 193 42
51 353 21
221 454 10
203 447 8
707 60 17
427 260 19
595 644 15
451 519 37
271 772 36
134 267 47
123 624 7
825 628 5
130 349 25
680 624 16
948 813 18
509 809 16
645 700 32
182 330 15
768 85 10
212 721 48
445 781 38
548 915 30
924 357 2
455 38 15
539 94 26
76 973 34
834 598 35
976 594 38
770 813 33
21 870 2
135 60 16
822 799 32
199 135 18
377 370 45
850 914 49
135 189 10
575 247 9
663 668 29
769 867 17
492 268 45
995 962 14
134 789 10
303 980 8
826 305 29
796 412 2
694 4 40
205 594 24
102 146 20
699 562 3
159 410 24
243 640 1
226 227 21
509 975 50
395 322 31
55 977 47
131 551 41
797 740 10
57 942 7
643 321 22
259 258 13
217 978 3
481 42 12
569 630 45
726 797 24
982 519 37
972 266 38
245 481 43
374 518 41
470 40 47
272 128 23
557 984 21
694 306 45
966 565 47
385 31 12
284 909 7
76 966 27
681 852 29
591 472 26
246 349 8
965 558 27
629 11 9
929 960 15
222 146 46
344 875 13
98 429 28
651 415 47
761 779 5
181 1 26
362 392 27
501 176 11
560 335 28
947 8 19
919 111 21
794 471 48
498 46 32
160 583 34
521 744 1
861 45 50
319 716 4
517 225 4
525 5 6
59 597 8
888 160 27
987 512 33
735 65 20
378 863 8
316 356 16
204 16 18
400 807 10
511 201 9
731 451 26
877 587 34
948 826 36
191 817 21
832 102 23
221 789 6
165 701 6
195 68 10
649 648 42
886 951 6
683 259 3
47 380 46
111 519 37
982 256 48
235 655 19
773 41 15
109 95 5
157 589 5
862 273 7
888 496 41
521 639 22
43 766 31
389 347 28
448 169 18
943 313 10
60 785 8
267 889 34
954 856 34
643 467 26
551 863 9
759 465 35
730 347 1
27 819 49
794 736 34
754 198 9
295 309 16
84 362 27
936 337 36
815 458 25
124 314 5
408 196 22
376 484 10
510 240 1
977 728 15
409 499 7
939 739 29
41 485 36
385 949 43
40 921 18
32 52 3
442 452 23
403 912 44
712 678 42
648 600 19
5 315 16
481 205 18
274 856 5
661 18 15
767 941 27
540 435 7
50 12 35
731 898 18
383 302 36
176 61 44
945 327 16
901 66 33
48 927 50
807 582 8
742 884 1
824 898 17
670 872 43
354 873 32
601 550 49
739 99 49
222 855 40
865 746 6
356 893 46
248 366 23
55 837 21
744 355 17
9 547 38
28 692 32
676 765 18
554 775 8
955 477 32
941 289 13
186 849 16
401 543 17
795 722 20
182 650 20
935 165 39
47 160 17
278 748 14
573 578 32
999 640 13
297 87 45
382 401 2
628 586 12
202 935 15
737 628 34
251 198 35
764 62 30
774 845 43
334 934 43
418 495 33
750 990 47
571 533 28
5 603 15
911 40 6
320 606 39
406 486 18
627 859 39
341 307 37
620 202 13
128 604 1
119 543 2
153 388 39
724 110 2
115 663 4
914 288 14
346 488 1
164 515 6
261 374 18
442 75 1
346 197 14
886 535 9
872 915 14
275 657 43
805 558 23
572 776 14
977 227 25
438 456 5
338 865 28
77 767 5
6 777 15
272 83 6
659 879 42
175 642 37
217 743 13
932 321 47
868 630 42
823 760 27
443 515 15
747 668 8
789 950 43
968 637 41
821 824 40
5 825 16
722 868 49
92 16 42
45 827 29
518 306 16
985 514 17
421 136 4
14 291 17
667 375 23
925 156 27
32 920 42
384 940 50
994 116 5
176 710 31
754 759 20
299 237 37
823 730 5
265 647 24
927 424 6
928 75 19
376 198 28
856 278 3
196 751 46
777 955 28
683 66 9
892 684 8
344 515 38
322 342 24
365 10 26
203 482 9
621 791 14
842 486 38
340 1000 50
48 6 22
399 594 40
635 665 46
924 426 4
484 384 15
980 14 6
710 827 17
64 4 19
448 18 25
957 201 50
120 412 32
192 672 31
193 431 32
770 768 28
505 359 3
17 749 43
474 823 23
848 361 19
384 255 45
769 481 1
884 682 1
627 619 26
33 977 26
1 17 15
926 788 46
359 52 15
279 873 8
169 736 16
312 219 34
430 798 20
527 624 23
390 542 2
224 755 14
898 92 30
263 905 30
677 423 6
582 406 57
459 802 34
337 554 8
327 218 21
713 494 10
401 269 34
458 564 24
895 164 38
314 770 28
498 237 3
253 508 50
442 260 49
624 259 44
526 785 25
862 891 15
434 654 9
780 609 22
248 874 42
624 970 49
707 594 5
558 407 10
828 460 13
807 48 9
348 479 40
820 874 32
591 335 30
64 416 45
185 592 40
516 682 2
755 983 9
773 412 12
192 214 19
685 681 18
599 269 17
298 721 49
452 250 18
172 374 45
346 975 18
826 867 23
288 655 34
198 178 37
452 636 4
949 419 29
557 234 36
164 864 41
684 70 49
6 438 11
457 518 24
43 309 29
614 202 40
162 99 43
965 699 12
30 11 44
211 771 16
786 618 3
640 546 1
557 689 3
995 138 38
249 705 41
361 925 49
63 959 9
206 111 2
702 301 21
438 344 16
959 464 37
169 255 31
694 60 18
29 347 16
626 12 6
640 162 33
587 309 1
388 459 11
12 614 31
714 968 41
293 98 39
940 619 49
843 189 18
245 768 47
557 786 4
364 258 36
788 596 21
767 179 41
928 180 34
954 678 36
993 416 3
973 89 34
555 69 6
295 839 17
337 468 22
307 895 14
358 661 4
463 601 46
528 905 34
257 441 8
215 555 26
700 203 25
805 846 50
511 343 33
841 174 27
450 367 35
318 27 4
832 940 29
822 37 36
315 631 8
318 767 6
937 230 27
244 210 31
253 313 60
306 940 50
453 962 35
133 467 1
287 440 48
670 355 46
458 587 46
277 554 8
961 652 3
88 338 4
548 781 36
114 420 38
859 83 42
366 618 49
416 737 20
278 603 1
76 505 29
460 155 26
644 588 6
259 529 14
924 49 49
139 740 3
128 202 20
855 905 43
172 411 42
254 200 10
695 705 45
759 442 6
789 93 33
440 289 39
369 337 21
698 410 8
661 878 1
603 510 39
508 879 9
181 579 24
27 179 16
343 215 9
873 652 41
69 543 40
484 191 6
125 750 32
285 350 13
374 474 39
443 860 42
658 825 42
907 194 14
885 853 28
954 346 26
964 170 40
139 160 23
345 162 50
128 554 5
595 22 11
530 583 26
869 64 23
990 782 17
94 366 7
193 237 22
766 639 17
545 531 34
335 458 31
417 601 35
316 98 26
243 496 23
785 418 41
402 9 22
904 780 41
1000 103 11
488 903 37
393 509 20
188 623 31
769 912 9
834 4 47
560 155 20
193 229 47
245 496 12
30 506 41
79 596 21
711 415 10
708 107 4
768 233 18
486 257 33
284 678 25
830 810 37
156 967 17
141 386 24
23 881 27
529 134 5
266 602 3
157 338 10
180 642 17
168 162 4
471 435 19
149 908 39
909 297 29
254 547 43
602 217 12
296 309 16
545 681 38
95 777 10
50 563 42
816 36 6
455 446 3
687 836 47
600 810 18
506 200 45
948 792 9
778 477 1
454 806 42
899 592 50
476 225 26
394 917 34
368 644 20
676 592 50
603 242 38
119 842 5
719 222 38
781 313 34
8 176 10
447 243 4
393 774 12
188 297 26
645 604 32
984 65 40
373 330 12
498 827 12
555 544 1
558 101 23
646 891 43
878 205 11
986 615 41
347 667 44
992 644 22
352 956 22
75 883 34
878 949 31
140 162 5
531 945 36
545 198 12
878 919 12
341 597 13
14 636 48
232 316 44
424 192 36
909 967 15
56 145 46
400 968 27
927 582 23
198 659 3
515 771 28
725 430 34
270 455 1
320 281 42
689 718 19
676 557 7
349 145 1
662 133 37
263 929 43
995 598 2
267 515 35
402 195 42
45 751 17
511 173 35
159 144 8
671 473 40
29 800 7
929 45 46
643 522 5
754 361 1
433 952 10
147 21 29
344 546 41
399 56 36
942 623 1
682 731 17
971 18 7
927 267 18
281 832 1
121 270 48
919 176 17
698 291 31
583 678 33
544 199 47
771 310 24
182 400 21
578 797 44
459 513 16
686 110 41
754 344 45
496 244 15
800 811 11
24 79 40
572 689 34
109 931 41
947 565 14
529 29 30
382 137 2
370 47 20
960 103 33
580 442 18
890 681 18
192 800 6
719 692 43
579 689 46
722 718 19
195 626 17
259 510 21
619 667 1
170 393 33
25 482 40
957 948 1
717 168 22
832 203 42
655 22 1
778 547 15
306 714 45
729 166 1
814 635 11
885 865 10
528 955 19
230 176 1
341 845 26
145 604 3
669 616 14
964 383 43
808 213 26
912 72 42
607 100 17
681 835 25
702 120 25
697 61 46
184 868 16
362 971 43
305 104 43
798 528 13
919 417 40
34 779 16
836 26 42
618 663 35
404 923 12
346 623 38
498 610 39
305 800 12
243 868 33
682 915 8
893 408 12
130 4 25
818 614 21
510 514 32
561 324 9
651 965 29
310 555 36
244 555 43
782 651 43
835 18 29
813 868 22
965 657 40
745 30 31
272 912 25
209 767 30
740 966 22
618 272 5
313 900 9
203 332 29
809 147 32
806 719 13
605 357 19
491 350 32
45 848 46
639 15 4
168 221 39
319 231 44
789 703 30
27 856 41
476 311 34
512 821 20
976 683 15
326 2 35
139 15 14
422 875 4
596 344 47
802 795 16
209 252 38
414 162 36
593 34 42
627 686 41
77 312 14
281 643 39
30 7 35
576 257 4
438 525 38
94 431 42
742 163 37
103 669 14
542 140 30
686 386 26
168 413 4
525 249 2
74 136 23
605 990 19
777 870 16
733 554 36
757 373 11
684 421 11
15 67 15
959 259 38
920 87 17
947 593 45
167 80 49
661 386 36
917 177 52
662 673 45
831 387 7
356 470 37
714 444 3
669 483 24
575 51 15
318 747 13
201 785 47
27 508 8
4 451 16
663 904 30
186 80 19
128 280 11
271 758 27
829 658 39
474 17 29
262 814 38
685 525 58
444 426 35
229 389 33
552 685 32
851 607 44
646 836 48
238 292 43
936 515 17
39 89 3
446 241 49
920 284 47
919 871 15
176 425 42
150 123 30
984 558 26
461 246 25
945 85 22
544 4 13
74 10 37
786 824 13
606 759 7
611 702 11
673 369 8
60 228 31
15 485 34
370 421 40
122 388 16
317 139 1
369 649 12
944 857 25
789 229 21
794 111 30
232 968 11
340 501 37
756 430 6
809 44 31
815 7 42
566 16 6
473 364 12
62 137 54
51 776 3
57 267 25
230 232 24
986 958 43
2 126 47
347 86 17
400 630 26
932 622 25
240 3 12
223 301 31
569 580 46
456 281 21
55 445 34
753 367 25
671 839 47
313 631 32
948 924 10
386 952 2
726 176 28
966 264 30
284 933 1
527 587 17
206 508 40
657 85 13
600 271 15
758 352 46
766 797 13
748 648 26
364 197 21
161 626 49
862 281 45
214 500 48
140 352 23
948 258 29
692 395 12
332 911 22
317 510 20
117 511 35
306 614 7
878 232 28
426 669 24
308 459 27
268 610 34
980 869 12
88 80 17
66 712 2
836 542 41
38 685 1
559 924 40
304 149 29
503 979 40
624 700 38
794 917 29
808 524 4
813 635 36
257 419 42
321 800 1
709 363 38
915 732 38
528 174 33
77 488 45
425 739 15
98 798 2
792 907 4
564 518 22
177 169 4
812 660 29
920 830 21
1 354 25
453 260 3
829 239 11
127 568 10
368 699 3
302 984 8
192 43 16
450 810 47
113 1000 39
904 999 9
807 322 31
685 797 25
10 214 6
314 521 48
591 959 26
426 362 14
859 938 6
722 910 34
831 888 50
520 801 2
366 537 18
337 646 31
978 894 41
915 616 30
652 387 37
157 7 18
569 303 32
274 382 36
966 950 9
933 652 37
239 162 31
474 871 35
28 340 48
156 62 12
727 9 25
7 495 29
707 620 1
50 596 16
294 917 36
40 368 30
376 310 41
432 669 16
654 599 22
374 616 4
783 748 31
82 733 15
599 217 18
240 917 41
339 935 36
376 85 37
441 409 26
93 84 33
735 7 9
30 715 30
775 957 38
108 229 29
209 679 29
285 538 26
280 638 3
659 67 43
860 790 34
101 259 22
944 293 7
41 526 40
213 442 6
932 241 46
188 25 48
112 43 22
897 173 4
106 527 8
571 189 24
597 278 23
242 585 16
649 391 39
98 530 4
933 358 28
507 167 15
464 727 39
29 599 33
421 59 10
943 349 29
291 354 49
287 707 8
634 508 30
190 796 41
547 946 6
233 920 18
556 119 39
64 610 20
308 3 14
562 989 39
871 16 4
331 10 7
969 73 49
523 410 8
258 819 22
481 185 19
881 307 41
109 742 39
171 645 24
943 380 32
752 784 37
113 891 19
35 235 32
87 489 13
561 542 43
820 9 27
729 965 48
478 145 38
436 688 36
399 825 8
309 133 35
295 526 3
35 674 12
571 805 1
619 735 40
462 908 34
924 239 21
150 862 38
172 701 5
846 767 33
519 486 16
67 651 31
115 196 2
628 158 6
290 961 8
885 502 39
213 937 5
889 988 30
444 569 26
930 197 25
810 492 35
557 694 41
5 949 1
413 421 1
515 649 2
898 317 6
315 635 15
547 820 19
519 385 9
730 196 39
992 904 49
331 786 16
88 105 35
2 111 29
886 410 46
729 58 42
207 941 42
399 778 35
12 838 31
769 468 27
811 143 23
52 61 7
767 37 19
770 96 34
300 672 27
390 515 5
613 684 21
704 230 18
432 641 47
508 315 17
992 304 8
508 118 24
671 503 23
247 564 2
183 165 2
635 947 47
335 894 37
370 367 26
803 479 30
24 663 14
235 841 33
795 349 25
230 345 6
817 849 20
36 841 14
137 718 50
263 982 28
59 383 20
342 768 40
239 409 38
665 30 12
799 295 11
212 703 50
819 483 6
225 125 46
470 231 4
721 717 2
163 643 14
275 985 32
898 744 38
434 145 49
128 301 26
826 663 31
380 741 18
755 990 43
956 682 49
651 220 21
308 284 44
575 170 38
736 637 38
149 312 9
4 985 2
188 923 29
234 759 44
357 793 41
755 732 27
485 932 1
602 128 45
527 651 32
250 234 25
435 645 6
806 105 37
863 872 26
370 684 24
836 3 39
182 119 2
787 483 11
287 519 27
180 206 4
989 726 37
290 854 48
210 87 16
538 980 44
618 332 13
137 838 36
75 200 6
834 514 9
792 6 35
715 899 49
683 638 7
971 746 12
79 3 8
193 6 2
438 874 1
923 539 23
971 264 21
540 606 32
3 197 36
236 801 36
685 476 46
436 373 8
133 942 23
8 455 16
184 489 35
636 621 24
965 511 38
249 610 1
428 770 1
588 95 13
578 503 32
916 116 19
348 203 50
471 191 40
482 716 14
975 885 15
833 570 20
42 695 6
377 688 36
568 340 7
996 457 37
118 192 18
660 751 18
335 791 30
432 575 15
804 751 23
942 8 41
489 525 1
388 47 22
294 884 42
240 116 34
188 694 42
537 819 18
341 475 8
115 628 23
411 500 42
240 463 20
924 486 38
548 621 33
200 665 63
590 60 39
354 46 24
446 989 2
468 562 43
227 402 1
46 110 12
16 264 17
942 795 2
778 257 34
961 105 10
931 851 24
968 472 3
652 353 28
622 120 11
154 354 46
943 270 13
349 735 57
988 706 6
329 156 29
248 302 7
745 833 16
381 394 6
16 371 14
841 75 7
933 363 40
889 175 26
599 285 46
709 447 4
464 82 48
33 776 4
693 328 28
365 456 16
39 944 48
149 503 28
530 22 4
348 97 31
582 43 13
539 400 10
800 302 1
607 587 32
756 1 43
284 3 24
832 830 43
664 523 9
831 358 15
72 220 55
141 188 1
959 431 35
273 403 21
242 208 22
380 166 19
400 19 6
171 30 43
854 85 17
282 150 31
355 628 43
513 125 46
8 47 1
420 353 49
872 401 33
682 23 19
169 69 26
130 98 47
616 530 5
642 803 30
716 753 36
618 848 14
751 692 5
885 900 40
788 626 34
23 279 7
258 548 6
546 209 3
177 545 50
46 709 3
385 182 28
880 19 3
357 425 2
330 520 50
90 332 1
284 714 27
263 315 28
158 795 27
742 535 7
538 419 37
503 611 57
403 131 49
89 653 47
544 330 50
373 624 6
101 277 45
887 226 18
805 215 4
935 418 9
887 131 44
682 775 45
306 236 35
43 866 7
870 830 8
528 313 7
860 9 11
355 773 23
456 96 41
193 737 23
583 920 2
93 185 9
27 97 37
202 326 18
463 873 53
519 9 48
943 50 22
673 741 49
912 171 6
95 460 37
25 113 12
639 773 34
990 724 64
569 817 5
680 970 36
672 268 14
989 93 17
532 315 4
999 437 23
383 166 10
609 999 28
515 710 22
869 229 24
950 457 42
403 632 26
73 84 14
379 582 9
321 669 41
318 774 37
313 984 47
293 863 2
992 421 21
262 955 28
271 126 30
672 1 22
521 34 50
365 350 2
161 203 47
253 429 10
638 509 29
980 153 25
913 702 2
441 471 28
881 968 13
592 745 9
531 276 50
280 604 10
973 942 37
527 936 2
359 927 47
995 967 9
986 650 12
697 607 43
112 491 36
883 763 44
713 961 5
631 426 35
229 767 6
778 175 48
973 936 50
322 886 52
978 936 7
370 50 36
799 856 13
542 939 14
611 798 9
744 282 4
530 880 13
60 399 12
775 804 26
627 956 12
104 629 25
360 218 48
593 721 37
126 24 48
885 672 10
885 426 29
283 530 32
346 877 44
653 704 34
679 917 3
155 235 8
617 21 22
947 756 29
829 249 25
987 532 21
670 34 19
847 359 5
878 477 33
638 780 6
346 125 15
409 705 27
771 746 20
393 286 50
59 393 24
68 324 42
587 369 6
645 193 20
186 344 24
947 945 12
214 529 24
1 257 24
234 899 42
266 868 35
367 510 59
457 843 22
565 226 9
98 552 18
180 177 11
732 41 16
908 543 2
964 992 31
590 782 38
992 514 34
872 433 38
154 756 47
805 829 27
759 502 34
577 952 32
865 540 18
22 212 13
488 714 26
401 482 34
88 270 12
866 306 11
27 411 19
166 274 27
71 261 35
11 585 41
916 914 25
790 175 10
122 213 5
350 105 37
301 200 19
397 990 43
428 478 20
807 381 2
175 679 8
282 87 31
976 227 3
532 321 26
433 14 33
70 131 30
861 690 41
497 198 49
189 742 41
674 968 2
803 962 35
69 568 1
221 753 31
833 171 35
302 453 1
644 772 39
933 372 42
694 807 40
786 347 46
448 483 37
401 967 42
700 115 1
374 764 11
695 852 9
709 953 29
467 69 41
59 275 31
820 660 2
155 991 5
358 241 2
951 634 25
196 933 1
155 432 50
886 281 36
937 241 48
583 49 36
837 192 19
77 799 20
813 442 15
2 99 35
166 378 8
645 213 8
523 63 37
483 640 43
860 716 17
916 829 24
205 249 2
822 855 34
921 298 15
75 57 5
535 465 19
96 866 20
881 146 19
45 982 30
53 675 31
819 165 14
327 865 4
544 335 14
868 636 44
954 65 9
792 487 17
49 378 1
982 980 9
312 169 42
827 408 33
369 329 33
645 293 11
514 663 41
791 153 47
567 921 10
594 824 31
695 516 10
53 289 25
215 631 38
343 378 2
779 165 34
134 868 11
89 878 33
707 270 37
874 297 18
417 736 26
655 927 19
194 121 28
907 823 24
24 320 50
259 145 6
409 764 15
735 195 13
421 256 19
244 380 43
286 612 40
711 350 21
863 401 1
416 96 5
644 611 13
471 211 47
92 881 48
700 467 7
985 163 10
752 508 28
209 904 47
333 181 21
843 855 26
6 113 19
14 653 19
237 930 2
735 491 45
912 961 6
254 881 19
97 241 5
78 128 5
837 226 26
634 101 47
701 710 1
891 89 32
707 298 14
745 62 18
483 509 10
34 476 20
854 710 24
786 955 46
335 688 34
667 42 4
538 31 9
203 933 40
678 666 30
372 603 20
504 790 38
82 108 36
314 950 33
660 123 26
826 651 32
579 591 22
107 475 9
29 197 47
517 905 14
418 556 32
159 546 42
216 577 38
531 799 23
974 258 10
721 758 40
129 354 2
94 219 25
515 445 48
46 345 31
672 303 59
746 862 8
328 367 4
921 821 24
910 288 16
564 201 12
802 408 22
836 968 1
26 281 3
564 131 46
295 314 42
221 138 14
270 111 32
661 576 25
975 476 5
789 116 12
872 57 32
336 866 16
75 612 14
412 942 35
354 119 50
997 912 47
154 697 1
871 671 11
989 784 32
868 77 26
172 97 13
249 168 48
88 506 46
475 69 29
993 107 25
314 205 10
540 205 48
724 837 49
165 164 33
513 463 11
305 784 19
654 847 12
955 712 10
643 760 14
703 949 15
24 852 1
531 197 21
447 378 11
949 547 20
193 89 21
256 757 30
322 126 22
543 554 29
990 619 1
959 835 24
821 89 41
997 618 21
621 807 21
90 534 37
82 23 42
24 604 47
450 659 17
642 513 18
515 797 37
713 603 28
10 987 26
752 477 5
601 247 32
678 639 30
172 712 39
769 91 45
411 799 4
87 372 25
519 346 13
604 179 22
468 73 18
717 253 43
798 931 43
148 977 28
917 16 39
456 1000 50
801 871 26
811 755 24
806 953 11
881 780 22
71 440 48
408 74 26
852 297 36
181 514 31
291 531 2
396 60 40
932 592 12
355 757 23
410 180 42
595 78 6
696 414 24
985 555 18
469 675 2
810 64 9
27 715 24
415 145 30
562 746 34
32 803 33
618 963 28
532 560 3
873 142 37
954 880 14
896 441 48
271 989 3
411 599 34
699 746 16
899 601 43
453 388 49
543 910 9
479 521 3
306 942 35
966 455 7
392 990 41
651 348 8
95 660 21
212 530 37
743 766 32
475 159 10
429 671 35
190 871 42
213 375 31
126 363 6
575 63 28
226 77 34
190 819 11
672 136 22
556 727 33
954 120 26
375 377 25
780 418 42
715 733 38
551 54 1
873 744 14
85 273 3
663 884 31
424 691 11
492 840 26
751 385 50
787 107 15
129 865 20
242 573 38
89 180 11
554 593 3
690 532 43
739 713 8
964 205 3
511 787 34
19 430 25
99 588 31
605 365 23
324 167 19
537 252 6
792 262 37
768 183 48
251 591 22
298 343 29
710 392 26
191 794 9
385 823 30
306 992 44
982 593 18
595 555 11
526 332 19
997 395 10
743 529 18
715 80 5
79 739 47
734 210 40
258 328 30
622 792 12
356 375 34
827 458 44
506 242 13
258 660 34
619 593 23
836 942 26
542 56 3
817 652 35
953 379 12
420 368 3
359 45 22
739 85 31
921 513 29
428 630 6
126 232 21
464 339 41
270 933 26
737 3 4
746 432 11
375 622 16
967 885 8
598 141 17
350 19 13
863 432 39
512 361 15
143 701 15
611 609 46
990 410 12
459 957 38
778 295 12
364 448 36
229 58 37
809 545 8
392 760 39
286 798 24
33 789 34
721 865 48
232 361 4
200 698 49
898 221 30
373 435 38
956 976 47
527 713 11
684 314 49
347 165 22
698 229 49
307 451 28
185 704 20
697 217 11
430 208 3
68 336 34
219 837 41
726 864 25
291 477 9
136 229 21
640 415 23
771 854 27
849 8 11
482 506 42
61 639 42
621 558 9
815 299 9
697 291 14
797 242 3
214 501 5
825 912 39
22 37 7
836 240 16
947 870 20
925 778 13
608 230 22
352 45 2
229 978 8
526 40 11
814 152 29
168 980 8
645 462 48
550 90 19
293 147 16
526 926 19
969 730 1
666 416 50
633 417 9
657 571 44
875 253 14
87 170 42
278 320 19
948 901 2
846 329 30
892 47 23
463 670 20
21 955 47
344 153 5
17 417 38
162 742 20
885 878 26
119 52 26
107 715 14
384 743 16
312 693 46
806 248 43
320 643 2
956 81 50
