1000 961 65
100
43
25
29
1
26
45
40
43
5
13
4
14
13
10
5
30
5
32
6
22
6
12
9
23
18
18
33
11
41
37
34
47
7
1
2
3
48
20
21
17
37
3
45
42
23
34
17
5
48
32
40
47
47
14
33
28
44
31
19
7
45
24
40
10
15
9
40
41
48
19
5
11
23
3
32
50
25
7
23
20
45
19
21
26
40
21
25
19
29
42
40
10
11
15
38
19
44
29
9
32
25
35
46
34
32
11
14
3
34
4
8
39
9
44
26
30
14
8
10
7
19
15
10
28
39
17
27
25
21
6
38
17
45
38
1
9
48
26
13
6
8
36
21
46
8
20
14
4
1
24
38
31
42
36
18
6
9
23
38
37
36
26
39
43
32
41
11
5
41
29
49
41
30
34
1
15
6
45
8
18
20
46
26
42
28
44
37
26
35
7
34
20
44
26
23
21
38
16
27
47
33
22
13
30
27
43
46
39
28
31
12
42
1
28
12
13
8
31
40
12
7
25
48
45
35
7
3
33
4
22
46
39
9
28
22
42
7
43
31
3
2
14
21
45
41
36
21
13
31
31
10
9
32
20
18
12
20
15
22
32
50
6
34
37
45
24
36
37
11
2
41
44
42
18
6
3
47
23
30
44
2
8
3
24
9
34
23
33
3
33
50
3
19
47
2
47
3
20
26
45
41
10
43
20
27
36
25
6
7
35
16
38
22
31
29
23
29
3
43
47
29
9
27
3
7
4
39
33
39
30
29
39
17
39
34
7
32
3
35
28
24
16
48
15
40
23
37
11
7
3
40
15
12
48
34
21
40
47
50
2
12
37
39
48
28
26
37
5
17
48
28
15
18
12
28
18
33
42
50
25
12
35
6
12
34
49
22
28
39
47
31
20
25
12
39
4
14
8
34
2
7
33
37
17
32
21
48
43
29
32
24
37
15
23
34
15
1
17
41
13
1
3
42
31
17
13
36
35
34
44
16
1
29
10
27
15
14
42
48
35
14
26
6
26
38
28
31
9
20
4
44
31
48
8
18
39
34
3
42
25
24
44
33
39
14
3
11
13
7
3
5
15
23
46
29
19
39
50
25
39
10
44
32
3
16
45
47
48
18
36
38
14
45
2
19
36
30
9
23
20
19
23
29
3
8
16
8
50
26
7
14
43
28
8
11
8
10
24
19
33
12
21
21
38
36
22
21
43
44
3
44
29
28
14
15
21
40
3
33
27
40
29
11
40
34
23
2
36
19
18
3
14
39
36
2
47
8
35
29
2
37
23
17
2
5
31
48
14
26
12
26
9
40
20
37
45
21
46
21
25
31
28
28
41
11
11
49
14
12
41
14
33
44
13
41
40
10
38
10
2
15
45
21
37
29
12
19
31
3
45
2
9
42
15
37
30
22
17
19
16
22
28
35
46
12
36
47
10
2
29
5
43
10
38
3
23
29
13
28
41
23
10
36
10
28
13
10
3
35
30
28
31
17
2
24
13
49
13
16
46
16
38
27
22
6
28
10
10
5
15
42
26
43
2
7
47
5
32
12
36
25
45
19
13
50
24
45
22
43
15
14
45
13
35
19
19
27
8
40
7
3
2
23
25
40
36
6
6
41
18
50
12
9
24
18
26
42
35
37
11
40
12
6
18
32
7
4
38
45
28
1
9
38
5
46
21
25
5
14
43
30
42
27
25
37
10
45
47
45
43
1
12
31
1
36
47
8
13
45
33
43
14
29
38
24
19
5
38
23
38
42
26
32
3
21
18
25
19
42
25
12
24
10
25
25
22
33
31
24
15
8
46
42
14
37
4
9
31
3
28
24
5
23
23
1
33
11
38
18
41
27
1
14
35
19
44
42
1
27
18
50
29
14
22
23
40
45
24
40
27
11
11
17
7
6
36
20
23
26
5
46
26
45
49
34
49
24
11
16
43
49
9
38
7
26
45
28
25
38
31
31
4
37
19
45
4
49
47
24
18
12
39
33
23
18
18
10
3
18
10
49
26
14
41
31
36
14
44
1
2
39
42
29
21
27
43
10
28
43
11
39
40
19
21
41
40
47
49
3
20
42
29
37
12
26
45
14
3
40
14
13
49
19
44
37
14
18
3
34
32
42
28
3
32
3
4
35
48
34
48
24
17
29
11
1
37
18
18
39
45
7
4
28
19
15
9
41
40
30
2
31
22
34
26
19
23
25
36
33
31
14
6
7
49
7
42
45
24
25
47
33
37
46
13
31
47
38
11
7
37
45
42
37
48
43
9
25
31
50
332 514 6
734 854 40
830 384 2
882 46 29
634 306 47
192 906 18
797 37 34
275 678 14
999 179 33
578 897 36
996 109 34
497 726 19
388 768 39
544 174 31
474 821 27
275 620 10
679 764 28
943 277 23
985 642 36
933 447 34
332 418 27
103 969 30
138 623 1
303 560 50
212 592 10
652 294 13
356 930 40
203 122 38
865 114 41
489 916 45
929 68 28
196 139 8
478 966 23
704 754 34
925 108 48
553 299 17
932 148 15
682 676 46
230 541 14
54 622 8
604 747 5
884 307 31
143 993 13
742 492 11
530 477 37
596 746 28
919 728 43
493 805 3
511 40 26
421 429 7
328 777 38
407 602 4
86 942 41
823 91 47
241 489 5
657 310 22
703 826 11
582 676 29
662 979 20
526 179 30
515 665 22
898 589 32
214 451 47
730 162 29
672 20 31
454 860 21
170 420 10
733 926 32
756 533 10
761 655 11
804 234 37
343 22 12
180 289 22
619 448 45
703 165 14
922 421 31
32 23 10
658 330 27
341 688 42
151 984 29
26 922 29
173 33 2
160 921 20
696 272 43
775 629 47
963 625 22
858 564 17
610 663 28
539 640 22
162 352 44
966 75 25
168 548 25
658 641 23
765 980 3
333 863 38
61 175 20
184 145 27
805 425 18
331 550 40
944 339 9
255 544 7
447 544 37
939 249 12
129 350 13
824 738 44
567 851 24
604 91 27
597 650 16
522 271 16
818 72 12
204 211 17
529 335 32
716 36 4
701 751 22
368 73 44
964 397 18
571 591 41
33 411 46
120 350 47
171 629 44
788 61 40
73 131 37
783 735 48
875 414 39
430 836 11
683 228 4
48 597 41
79 520 41
912 607 35
236 25 47
381 583 27
79 470 43
273 373 4
975 757 11
220 723 16
420 987 6
694 216 12
189 482 5
634 547 37
514 911 19
980 489 36
456 945 22
82 60 45
371 378 34
396 629 29
136 138 41
767 349 22
203 627 46
669 182 6
181 684 20
102 840 26
185 706 47
219 811 25
102 961 47
319 910 33
816 376 45
671 957 45
497 879 43
926 204 34
436 207 24
194 108 16
766 434 18
422 517 29
380 862 18
374 104 49
481 903 25
53 276 15
581 832 12
377 333 11
867 735 45
495 443 17
497 74 34
274 345 28
730 528 1
34 972 6
816 364 25
713 942 31
344 942 34
988 622 21
938 684 31
725 288 13
227 402 36
13 250 36
671 820 45
668 263 40
948 554 4
678 136 38
13 489 1
642 740 22
493 669 31
656 734 50
708 367 33
153 85 26
117 551 28
107 361 18
316 642 29
504 186 34
956 153 36
511 59 32
226 211 27
31 391 4
357 163 4
589 216 4
245 189 36
538 712 3
835 987 14
126 569 42
122 112 43
434 455 38
628 745 5
319 387 45
102 641 27
76 972 34
705 168 2
605 370 33
933 291 7
131 766 42
942 11 38
871 515 38
270 525 5
969 823 17
50 411 8
39 351 13
536 465 30
270 579 45
181 963 34
409 672 11
488 874 16
14 3 4
866 189 32
196 229 14
415 482 1
387 572 2
261 690 20
375 592 27
559 307 17
692 241 47
361 631 10
361 740 25
73 475 1
420 102 48
969 95 41
191 363 12
416 517 5
846 176 7
1 101 14
2 183 8
294 276 46
721 105 28
330 388 11
199 880 26
246 356 13
525 209 41
82 378 20
403 603 36
795 891 28
166 64 26
255 97 6
509 465 1
755 745 8
106 216 17
508 795 17
582 50 37
977 729 8
711 871 6
612 913 20
697 5 43
834 256 29
461 498 26
907 613 38
914 582 12
17 136 48
181 893 49
666 941 32
729 151 12
274 351 23
747 25 47
279 481 7
593 800 7
773 705 38
585 225 34
871 520 18
822 455 32
416 552 6
491 208 17
765 546 37
610 513 31
689 783 41
927 163 43
440 783 14
837 467 31
691 261 28
249 921 41
318 423 16
735 348 17
987 354 36
254 362 48
939 217 15
970 347 27
927 466 45
264 682 14
995 819 7
37 989 16
156 808 23
290 666 13
652 384 32
972 962 45
383 564 20
996 257 31
925 705 47
829 626 26
891 391 3
972 219 23
710 664 20
26 919 2
630 409 31
87 873 49
960 823 29
322 211 32
544 970 13
359 906 1
124 197 32
193 312 5
997 927 30
601 884 12
841 146 29
392 361 44
86 366 22
679 714 21
441 592 44
457 191 32
286 430 22
918 274 1
197 966 34
707 166 7
321 688 15
213 226 3
270 590 20
595 21 36
912 487 19
109 614 18
326 17 48
259 330 21
84 166 48
899 959 31
698 164 11
148 462 8
214 693 25
550 802 9
533 939 38
80 648 12
72 320 47
378 347 39
447 538 40
365 276 7
692 717 17
112 56 38
516 201 34
913 903 23
133 37 46
517 626 14
963 143 20
667 954 47
48 340 50
821 970 20
484 676 24
286 759 25
703 324 1
604 334 43
108 254 12
891 370 1
332 769 24
171 991 16
212 824 9
536 724 19
665 273 15
115 319 44
804 914 32
880 515 17
11 827 13
59 180 36
488 260 11
757 129 9
770 39 19
692 627 37
911 313 27
31 123 9
988 464 32
706 429 13
779 259 37
38 874 43
107 879 46
118 450 6
976 45 21
775 706 38
350 951 33
445 145 44
894 243 39
260 23 43
91 658 19
29 6 21
757 982 17
9 706 34
796 952 8
603 718 24
609 114 16
739 982 11
800 774 25
518 331 24
30 232 23
950 900 12
962 896 38
906 183 9
793 509 12
619 499 17
208 950 9
610 971 38
191 521 12
964 174 3
853 223 29
650 238 14
876 948 46
640 441 38
547 46 46
650 227 14
860 488 36
160 159 23
549 628 16
216 372 38
771 231 42
880 224 3
120 557 15
451 379 47
426 785 30
420 245 36
279 443 22
166 325 20
894 556 43
201 405 50
927 696 16
442 93 24
765 260 27
19 903 5
886 991 23
618 170 19
756 211 1
875 153 23
683 104 11
474 154 50
332 526 14
210 890 25
780 860 21
560 171 31
803 582 25
642 244 8
303 506 24
666 365 27
646 157 40
676 774 11
832 362 28
516 960 22
209 675 40
908 554 25
899 408 11
618 160 43
131 172 9
673 695 26
133 693 12
916 239 3
240 682 12
696 269 36
608 140 41
477 413 40
561 432 3
365 948 16
423 916 11
599 579 19
965 843 16
247 891 19
118 911 20
286 485 18
443 385 31
738 915 10
366 218 17
694 698 32
228 504 8
688 130 37
733 856 32
535 275 43
24 496 40
598 457 11
486 729 25
273 218 18
416 998 29
86 52 41
815 981 8
342 62 20
747 608 31
979 974 26
826 324 28
679 809 49
586 957 11
529 584 29
331 715 49
483 947 50
227 699 16
777 892 14
546 117 16
413 383 20
834 417 42
727 31 27
278 267 48
919 173 26
905 336 46
663 239 14
164 889 25
531 142 24
904 242 46
151 622 47
797 490 1
291 223 25
430 97 5
42 380 34
974 646 18
738 400 47
884 534 12
500 615 4
915 402 21
497 698 9
799 354 14
153 882 41
490 366 30
616 539 16
67 596 41
752 406 7
218 37 15
523 339 33
23 481 31
909 209 3
813 846 11
903 472 20
482 156 44
147 503 20
806 333 17
898 499 46
897 633 16
817 373 33
140 747 22
771 319 48
64 387 29
686 931 11
815 396 43
791 320 21
438 195 47
987 260 9
179 719 25
617 268 5
915 957 33
710 181 35
12 770 7
649 425 45
603 974 20
894 668 26
979 345 13
544 681 33
51 202 16
73 428 50
810 341 35
50 182 8
88 80 23
63 23 12
481 776 45
917 495 48
550 116 8
918 757 5
997 189 32
737 593 25
865 902 26
634 44 12
972 890 21
327 63 14
862 985 8
204 367 37
179 14 47
631 486 17
509 559 39
723 610 19
100 2 21
780 183 17
614 641 26
554 382 23
903 714 7
425 240 27
910 668 33
655 452 7
946 192 42
308 116 40
779 929 45
676 671 39
832 37 8
883 635 43
371 642 9
542 183 24
789 257 12
894 980 22
873 987 26
318 655 20
981 6 25
390 134 31
519 835 17
397 250 2
190 218 46
550 325 18
176 465 35
587 204 1
806 419 35
864 784 38
688 380 35
915 730 22
656 214 6
822 20 6
783 208 40
619 869 43
820 859 36
414 925 8
451 89 3
782 925 23
67 31 31
554 821 36
568 53 29
500 785 37
824 631 40
738 2 40
561 230 28
560 639 19
235 378 12
891 862 49
247 706 42
310 856 43
778 716 7
960 984 29
340 149 47
962 864 16
494 986 18
248 972 34
288 973 7
549 272 23
485 535 32
762 535 13
29 30 37
583 135 31
113 194 44
522 987 50
980 784 37
312 634 4
271 660 19
652 464 27
797 632 31
8 221 15
802 437 9
746 679 42
759 961 47
760 429 5
889 100 3
892 87 11
543 969 5
127 698 35
944 380 48
119 342 19
920 485 24
283 900 8
350 153 8
130 114 5
589 748 28
458 139 36
112 899 12
201 990 5
116 736 13
815 994 47
287 615 16
197 400 22
125 573 44
892 391 29
496 434 40
825 886 43
786 713 25
376 324 14
477 25 17
452 337 18
146 543 15
660 673 45
838 460 28
230 533 20
83 369 3
83 459 30
260 278 29
770 987 16
154 238 39
193 669 37
261 875 26
499 961 50
115 332 45
263 453 49
809 551 46
168 255 5
246 889 16
826 76 29
645 750 38
913 139 7
24 866 17
816 462 6
331 340 4
49 306 4
171 643 31
360 745 37
862 594 26
751 340 41
967 191 41
85 50 16
698 431 12
293 897 43
702 548 22
576 210 27
269 276 23
369 573 50
643 976 31
434 152 42
393 421 42
350 226 43
849 638 2
284 96 6
79 575 21
706 145 46
700 185 26
559 132 11
884 353 27
291 322 37
944 107 11
26 528 22
920 667 5
760 920 31
921 419 30
858 521 34
290 100 28
333 609 44
742 968 31
109 962 45
579 955 50
551 442 31
534 837 3
325 963 28
147 279 23
756 984 25
7 893 6
541 480 48
51 196 33
860 445 14
622 279 15
545 689 32
556 576 43
225 629 29
928 367 29
572 706 40
280 565 11
850 785 39
29 411 6
274 538 6
467 263 18
223 915 24
659 230 10
349 838 24
73 921 34
71 600 26
449 967 32
960 891 20
105 19 8
180 532 38
808 373 48
140 429 16
142 845 5
628 223 31
665 961 27
608 96 46
900 839 46
456 9 19
996 345 39
285 334 25
558 109 6
145 6 19
880 269 35
325 443 14
95 187 1
976 581 36
112 354 24
14 253 7
496 11 21
44 135 28
714 821 43
429 228 48
436 793 6
96 999 24
386 400 12
945 259 27
333 346 36
213 729 11
462 947 40
538 679 8
406 636 46
692 889 4
272 884 4
264 966 33
594 936 30
222 903 13
246 591 12
598 101 19
316 666 45
264 915 6
152 366 33
409 339 16
332 899 48
816 228 13
311 91 42
114 796 1
410 180 49
506 926 27
962 299 8
547 61 49
827 315 49
926 297 22
864 641 7
242 461 9
356 380 22
463 599 43
233 407 22
490 131 37
577 768 12
193 311 43
7 1 33
453 660 38
841 746 35
870 20 5
670 367 21
121 947 30
576 559 13
929 102 37
914 311 11
513 725 49
905 157 29
154 41 16
761 702 43
476 816 44
680 874 19
810 102 26
613 473 36
164 264 12
376 673 3
695 313 14
682 259 7
592 293 29
56 3 31
517 896 42
860 715 33
65 45 46
91 630 16
553 143 17
784 493 45
627 413 50
940 760 36
702 839 29
596 70 14
727 845 19
973 470 21
737 161 15
343 426 38
955 695 9
687 308 24
37 943 29
319 7 26
630 243 19
783 55 43
123 884 48
374 991 34
181 357 26
577 685 2
957 303 34
342 527 21
873 740 29
139 553 50
66 198 44
970 955 46
225 897 21
49 800 29
299 179 18
54 990 32
11 126 7
836 421 35
986 286 23
838 135 22
606 452 34
715 532 30
826 646 26
630 31 23
545 130 45
158 865 35
38 311 19
384 814 17
564 120 39
290 868 17
609 550 11
934 551 46
871 743 2
945 603 15
564 170 36
335 599 12
880 198 24
66 168 34
457 718 31
322 210 17
844 857 31
685 248 10
298 782 5
401 45 18
864 306 23
761 257 22
230 179 25
553 749 21
927 421 8
87 461 35
401 909 21
57 697 18
80 561 17
34 326 20
420 625 44
362 589 40
573 833 13
770 235 8
81 318 10
887 155 9
662 742 41
322 1 16
626 763 1
629 276 18
511 598 46
839 16 30
395 114 26
33 310 19
92 47 50
100 344 23
936 459 7
850 898 33
528 462 21
59 248 33
975 443 19
973 188 26
185 876 15
448 987 10
209 217 34
797 309 25
512 427 1
740 462 10
334 127 1
