1000 3000 46
100
30
16
47
18
16
27
33
14
13
41
34
49
38
29
29
38
31
17
24
40
18
17
13
33
43
43
33
19
28
21
32
25
7
19
46
2
1
3
50
40
9
11
38
35
39
26
49
37
50
4
48
28
12
9
5
26
27
25
23
15
4
46
41
4
30
49
40
10
7
14
46
8
27
1
23
47
30
8
50
31
7
36
10
31
2
33
18
11
36
30
45
42
20
5
2
29
10
19
5
36
37
36
15
12
12
8
49
30
2
45
11
4
42
32
46
43
41
19
41
12
41
13
7
50
41
32
45
28
41
36
21
21
5
1
26
38
4
5
27
39
1
2
7
24
6
50
13
4
8
30
11
3
7
9
16
42
4
38
11
8
40
13
10
25
7
24
46
39
45
48
9
17
47
2
38
4
18
42
26
27
17
30
21
9
19
36
49
24
22
38
36
12
10
14
45
9
2
14
50
24
11
8
11
39
18
15
7
16
39
5
43
37
42
42
25
6
46
42
1
7
13
8
46
47
18
30
32
32
5
31
22
33
10
32
18
41
49
25
16
15
45
18
5
21
27
30
4
12
10
33
8
37
22
40
46
27
31
12
48
35
48
39
10
8
32
25
34
15
46
25
10
34
38
8
8
14
14
42
45
32
14
23
42
31
32
34
13
46
34
44
48
11
18
7
11
21
6
11
2
2
5
22
15
48
43
20
6
20
41
20
37
27
38
22
10
21
3
4
38
13
50
24
24
40
43
19
12
39
47
36
20
38
19
11
6
5
28
3
44
17
37
32
47
15
32
16
41
29
28
37
34
14
23
29
36
29
37
27
28
11
36
15
7
32
39
14
37
29
39
22
4
1
5
49
29
9
41
14
45
16
37
14
37
5
4
47
42
2
23
4
2
2
31
6
4
14
12
2
38
36
27
48
29
27
41
49
43
6
13
7
25
41
5
10
29
9
6
36
6
38
31
16
33
35
25
39
26
40
13
6
32
33
12
18
50
21
37
2
30
13
10
23
47
28
1
11
1
24
14
7
26
12
15
45
15
16
16
35
32
7
10
3
25
4
31
31
15
48
3
17
29
39
32
22
50
44
5
18
42
13
34
26
10
13
21
18
36
2
5
45
36
47
50
45
40
3
20
11
42
42
2
20
28
1
21
6
27
46
44
19
3
32
42
15
47
41
50
13
3
44
33
18
2
44
7
40
27
28
49
24
50
28
18
48
49
41
19
2
5
28
29
15
2
48
18
27
48
14
42
44
19
10
14
48
50
13
1
41
49
6
16
27
31
19
4
6
21
33
6
16
5
39
8
48
20
41
31
4
37
9
20
17
42
9
18
13
13
42
18
49
4
22
19
17
15
45
17
20
17
30
29
38
42
44
46
47
49
20
17
14
46
44
49
50
10
5
9
22
13
21
11
27
27
49
37
34
3
6
50
37
26
24
50
15
6
48
9
4
25
18
26
39
1
36
36
4
9
5
11
48
45
32
8
41
24
46
31
27
41
27
23
34
1
31
24
40
19
19
1
44
6
15
22
13
32
35
33
15
1
15
24
8
45
37
12
23
38
32
42
6
41
21
34
49
34
2
3
40
10
27
15
39
44
10
29
48
22
17
10
10
26
47
50
22
8
39
19
29
47
34
48
13
48
40
12
32
21
38
28
1
26
21
18
19
18
2
50
46
47
11
22
34
17
9
36
9
8
20
40
42
1
30
13
46
48
33
21
47
5
50
20
42
49
29
38
22
42
18
3
14
46
8
48
46
35
5
14
49
21
44
40
46
5
42
27
14
45
43
5
25
8
31
24
13
32
11
27
26
20
39
22
7
39
12
26
38
30
28
2
22
31
42
29
20
18
13
36
24
25
3
32
48
50
15
48
5
44
10
12
20
39
16
15
35
30
12
47
45
24
25
6
26
29
22
49
45
8
50
37
39
7
9
20
50
36
3
9
27
24
10
48
44
13
16
44
13
23
16
25
38
35
13
33
16
20
3
3
11
26
9
18
14
43
20
11
43
37
14
9
40
49
50
31
42
32
31
23
4
13
37
1
42
13
6
26
36
27
40
2
32
13
16
22
50
33
31
36
24
13
4
19
17
5
20
43
28
44
26
46
20
48
45
24
2
1
27
42
13
21
2
11
28
47
11
11
47
34
41
30
24
21
17
15
36
22
4
50
1
19
45
19
17
34
40
3
18
46
23
47
11
24
17
27
23
14
29
41
37
3
3
20
49
33
43
49
46
13
46
5
12
45
26
42
1
48
40
28
5
41
94 598 7
6 895 47
1 932 24
601 931 48
678 691 45
574 177 4
1 584 31
29 183 22
235 203 26
656 799 13
354 281 46
673 648 36
974 507 27
771 598 20
937 335 49
693 489 9
104 417 28
636 754 32
685 899 32
602 635 16
700 613 50
774 222 47
498 501 11
846 653 22
879 229 36
467 818 17
864 341 4
454 288 8
469 399 45
689 854 19
950 164 1
545 912 4
720 557 31
526 248 6
800 4 33
687 108 10
437 723 33
241 697 34
463 98 19
628 605 2
796 949 23
102 269 17
143 311 16
878 471 1
696 859 2
477 751 47
782 620 3
816 619 9
207 301 2
78 191 40
556 309 36
547 765 45
890 164 45
106 350 5
664 444 32
97 67 25
263 279 36
768 765 42
669 742 14
75 264 1
594 700 27
751 795 7
17 938 38
481 708 13
131 85 43
920 129 7
624 410 28
425 492 5
462 11 3
463 51 12
712 220 24
970 411 32
519 948 4
321 482 1
393 81 43
339 521 18
706 170 18
832 571 20
167 812 16
350 720 39
279 198 17
982 34 28
839 870 25
214 889 40
6 490 14
814 549 35
878 951 34
750 16 33
287 861 2
285 39 47
35 475 4
474 816 6
605 986 25
100 320 5
185 704 27
600 371 15
716 148 49
815 42 14
17 393 29
627 932 27
984 345 16
730 426 48
728 905 13
942 114 46
402 370 29
548 105 32
776 35 50
411 262 14
617 127 45
975 315 7
248 833 34
4 267 8
145 373 10
397 760 17
570 804 12
608 215 38
738 673 24
295 783 49
656 377 24
138 668 30
450 697 46
936 843 12
637 436 23
329 583 38
935 312 6
384 392 41
168 815 50
482 136 29
484 131 33
395 744 3
369 544 48
42 497 49
773 81 23
862 170 42
959 957 12
989 655 26
464 637 2
585 303 48
601 879 26
1 939 18
118 742 4
470 189 17
254 395 47
976 163 38
938 316 1
229 94 3
419 814 23
267 789 15
938 75 3
618 96 1
724 626 17
234 417 44
638 277 28
986 332 7
216 950 8
527 10 19
3 637 17
55 538 37
543 219 8
583 586 10
705 970 42
625 675 27
761 87 11
407 946 39
15 399 31
510 44 11
350 952 37
920 538 6
709 100 17
608 460 17
585 764 46
980 806 17
979 287 27
395 674 33
623 528 29
899 149 9
349 52 19
445 361 4
153 382 27
919 259 5
673 437 8
232 686 24
955 829 18
525 68 3
636 110 28
238 144 14
556 617 46
798 444 37
375 15 10
815 842 16
59 138 30
692 105 12
969 713 18
196 154 23
670 717 15
489 803 23
469 529 35
83 103 31
857 678 20
610 769 8
217 874 25
314 851 6
225 345 31
869 785 43
844 289 22
854 538 29
997 517 4
956 958 45
588 76 10
42 356 47
175 627 15
632 177 27
181 928 11
420 198 5
587 134 4
985 449 27
299 526 1
64 658 28
608 568 14
310 871 43
665 443 37
555 514 46
617 543 4
972 677 50
818 577 20
606 195 2
848 152 12
152 895 36
433 854 6
95 309 4
332 951 6
360 431 44
276 85 3
816 660 35
576 678 34
290 275 34
157 983 26
151 888 9
148 861 13
634 943 45
884 111 45
631 408 11
784 399 4
629 457 13
822 832 34
947 977 43
156 950 46
658 585 40
139 724 2
394 446 22
103 554 31
146 302 6
725 191 42
816 333 8
331 598 12
838 732 18
946 311 27
164 326 37
701 925 12
372 140 23
47 981 25
23 411 5
145 890 3
821 945 11
526 927 29
326 724 7
753 235 17
39 810 23
304 923 18
291 294 39
400 338 7
150 574 30
884 733 27
100 979 34
435 17 14
539 988 46
860 547 26
553 832 30
984 114 33
460 898 25
497 873 33
811 712 46
16 313 23
938 491 35
836 848 37
20 526 13
48 269 2
119 474 3
277 681 38
808 188 28
754 776 27
846 696 43
345 944 28
826 271 40
302 87 50
31 584 16
406 90 22
329 608 37
106 420 10
912 474 3
508 880 11
886 595 37
763 538 16
768 525 10
919 270 19
561 426 5
494 307 39
126 802 38
717 10 7
550 468 8
848 611 40
657 582 14
437 86 12
231 329 20
380 692 37
821 724 45
294 869 1
42 48 27
270 926 28
910 281 6
181 232 30
106 498 48
347 27 7
752 43 20
900 917 44
893 44 39
800 747 17
813 731 47
69 53 6
74 232 48
199 739 42
760 844 5
805 156 6
663 199 15
690 102 43
561 772 21
699 707 49
638 462 2
905 279 19
753 926 50
391 951 43
41 574 6
963 205 45
386 126 7
885 953 36
469 294 18
337 892 23
246 442 45
621 484 25
786 151 5
723 820 13
765 664 22
788 829 8
465 729 32
543 126 18
125 342 22
496 487 19
620 50 30
985 910 24
341 736 20
465 382 1
712 673 3
928 985 32
479 57 10
363 299 44
354 755 45
901 760 12
740 412 5
165 525 35
438 647 15
873 455 7
627 394 32
646 110 27
859 559 11
486 318 15
982 511 13
193 113 33
283 836 10
398 374 12
25 7 37
820 462 24
137 321 21
271 151 45
735 626 43
715 694 21
534 469 35
608 402 26
176 48 19
695 705 46
291 417 9
499 133 3
360 762 11
345 660 9
606 949 5
859 426 6
155 39 33
267 235 30
665 283 40
729 125 31
655 196 45
61 142 34
123 426 26
505 172 3
721 486 3
955 714 20
788 817 6
264 245 40
118 701 8
387 206 2
337 23 12
212 841 10
248 141 3
292 32 36
615 873 4
692 927 27
317 635 38
233 275 6
193 54 43
946 276 3
986 985 37
867 592 13
942 798 33
322 897 33
796 164 49
683 430 36
999 658 37
215 52 33
12 943 49
156 712 15
137 519 47
419 509 15
813 571 4
939 5 9
94 156 19
209 400 46
437 446 6
798 159 9
68 916 5
728 748 44
622 53 9
252 249 14
744 825 25
265 928 8
821 175 16
23 316 17
907 843 42
485 346 18
693 389 3
198 760 2
4 990 8
475 392 48
985 535 41
391 515 39
240 966 14
868 691 39
684 892 4
770 530 6
721 216 25
992 410 2
849 685 44
114 193 3
249 368 2
58 334 16
234 271 27
265 350 11
31 633 36
461 869 48
460 63 19
107 861 28
359 89 49
450 765 13
354 309 49
160 427 22
759 537 11
113 759 45
523 366 39
747 753 7
133 22 42
677 244 34
79 851 9
900 251 24
925 715 45
673 691 14
557 224 39
313 796 11
409 937 2
492 82 36
439 619 3
261 211 47
232 989 22
931 809 50
57 933 14
356 362 29
267 31 16
737 805 15
967 683 7
301 41 2
599 143 49
982 97 14
519 177 34
559 244 23
967 867 15
528 112 42
392 168 50
626 575 20
550 555 21
511 647 1
205 903 10
217 208 26
341 555 20
992 222 16
564 856 2
653 245 47
294 920 15
59 537 39
258 306 48
445 863 13
673 32 36
179 286 24
103 734 11
367 801 38
825 686 49
805 571 23
437 424 38
446 2 1
595 488 29
928 802 33
939 833 17
104 149 24
199 238 40
751 724 39
950 152 15
72 327 14
914 755 47
742 657 6
806 207 2
834 321 2
327 39 16
761 216 7
937 817 16
539 962 2
14 188 4
750 339 38
645 202 26
68 1 21
453 475 4
736 263 18
627 597 35
426 400 7
788 654 28
319 873 18
796 838 44
85 393 50
258 139 28
326 892 45
913 58 5
871 63 34
886 283 24
227 118 7
702 584 42
102 982 3
490 252 34
262 533 9
353 533 5
2 163 4
249 382 25
334 464 9
812 259 1
893 36 1
90 133 8
774 917 6
296 909 11
85 579 24
384 534 12
983 28 43
161 957 40
337 163 26
415 273 43
28 979 18
251 173 18
841 139 5
375 696 49
854 283 31
667 454 33
124 491 48
928 825 33
421 241 41
134 952 44
97 163 30
443 748 33
743 162 7
346 119 23
42 939 2
509 76 31
164 686 26
43 724 17
824 267 10
133 984 37
411 746 49
320 129 48
990 892 49
524 608 41
93 368 27
884 845 31
890 883 19
950 19 1
11 831 2
580 604 13
467 115 13
30 527 25
630 316 10
744 105 49
593 211 14
879 57 9
405 921 19
278 132 10
328 317 29
930 949 16
18 588 32
88 458 43
120 54 12
471 738 12
543 954 29
171 569 26
971 353 12
822 611 44
303 870 4
711 912 19
299 325 45
386 428 5
707 299 36
509 32 47
828 873 18
213 687 15
721 981 43
952 170 31
410 438 10
439 506 2
787 806 50
184 279 5
956 667 9
645 157 12
287 429 43
649 962 32
112 628 23
431 968 21
432 781 24
202 523 38
411 591 32
825 934 10
32 922 23
889 758 3
433 560 28
675 95 7
400 975 37
452 759 48
289 894 50
186 774 50
527 31 19
206 439 28
528 763 3
637 862 10
149 810 50
785 209 3
139 826 9
989 597 7
124 486 17
516 385 37
835 208 23
641 733 33
916 341 39
192 888 28
423 404 19
776 726 8
989 257 24
415 336 37
276 171 34
759 825 44
117 915 26
965 90 43
514 417 47
517 947 38
242 496 32
764 423 9
743 212 31
751 389 10
286 401 17
56 140 32
447 206 8
529 303 13
838 779 24
793 682 13
13 319 15
366 815 38
216 711 4
824 993 2
825 358 38
733 703 21
670 358 25
246 989 37
840 134 18
128 442 4
690 784 46
616 953 41
322 142 13
153 710 50
219 961 32
560 269 50
330 775 19
307 944 21
55 150 43
244 385 34
78 267 31
32 221 7
555 7 37
698 787 3
731 270 31
917 585 46
275 616 17
36 466 42
361 834 38
123 952 15
208 239 2
925 262 3
883 908 47
710 371 13
216 839 10
932 21 36
559 556 47
801 865 2
596 674 10
170 148 5
831 661 38
438 409 10
961 57 33
544 957 2
319 747 21
384 317 20
643 159 11
844 324 17
488 259 48
692 195 47
380 968 15
722 627 49
240 247 37
858 880 21
664 564 1
707 864 30
309 446 47
42 577 46
169 433 43
754 89 9
638 383 10
127 687 1
54 468 35
59 675 7
452 193 31
32 180 29
119 686 48
325 211 45
208 31 8
646 106 39
934 526 22
730 614 48
257 854 28
638 957 16
655 707 21
796 44 22
506 663 39
12 147 19
938 463 38
600 875 40
267 444 5
356 557 29
357 737 26
4 622 45
306 704 18
296 804 22
141 684 29
976 857 1
652 429 27
627 173 20
384 480 8
357 505 37
145 557 16
353 844 49
274 613 1
361 706 1
641 930 7
350 261 44
41 597 30
415 489 21
19 764 18
479 714 47
470 752 29
524 788 27
12 115 40
743 325 31
653 538 8
978 725 38
603 283 22
417 288 29
410 460 1
518 610 37
511 916 15
942 224 9
702 962 9
738 546 35
326 141 18
625 448 2
612 695 49
987 507 44
816 534 16
982 818 12
202 50 11
184 548 36
357 831 10
773 390 40
488 245 32
757 281 29
702 135 34
682 896 44
773 348 6
358 957 13
346 823 4
956 191 50
920 782 6
999 630 3
738 88 39
724 349 5
277 607 14
776 731 50
846 452 3
718 708 26
789 14 37
980 104 2
266 748 19
849 941 1
508 229 42
571 628 29
172 151 41
872 425 22
898 567 14
986 570 5
171 452 18
677 824 2
336 517 5
939 405 20
183 529 9
121 149 11
542 382 2
689 265 16
895 562 42
15 749 17
532 270 26
309 643 46
715 93 2
771 966 48
528 173 22
866 450 42
227 309 16
836 117 40
45 276 21
153 366 2
993 59 43
565 177 30
625 220 47
830 437 22
466 185 41
458 76 43
205 606 18
296 277 26
859 226 34
772 189 8
622 156 2
887 618 3
96 448 49
872 341 35
719 502 39
331 556 32
881 902 8
958 830 7
538 794 13
396 649 48
191 434 39
608 920 18
786 251 6
265 876 35
237 810 38
105 998 44
710 48 48
487 987 5
194 669 6
810 778 1
191 616 10
998 200 9
889 23 34
666 803 9
143 875 1
909 634 12
72 573 21
608 594 27
912 725 33
335 183 1
181 471 16
779 859 42
656 209 39
221 606 10
893 982 45
27 226 48
30 614 10
96 841 43
477 84 2
756 290 3
887 472 46
601 810 11
647 293 29
635 143 12
536 417 48
391 370 35
720 515 3
13 420 23
266 255 40
27 943 32
914 16 47
856 252 11
164 174 20
913 310 12
199 221 48
352 1 47
662 715 11
320 314 9
789 585 14
501 854 18
231 476 26
992 398 17
229 956 46
961 494 31
103 397 44
887 984 3
694 250 32
987 56 22
565 668 14
936 842 25
566 972 4
119 281 9
437 580 26
612 501 9
330 617 20
154 207 25
100 826 41
166 876 5
401 212 5
652 459 18
454 758 1
638 932 12
309 500 31
541 451 45
906 912 28
199 919 35
647 999 42
129 742 20
528 667 41
942 91 29
14 633 50
369 229 44
660 562 4
546 521 6
279 203 1
470 361 40
430 792 35
243 310 14
960 465 15
267 427 33
591 813 19
849 810 41
316 140 28
842 740 2
925 179 22
979 922 11
342 386 14
342 168 16
826 524 37
990 6 31
321 669 11
876 116 50
861 828 33
547 528 11
981 157 25
84 12 10
712 495 26
29 291 43
59 722 39
731 205 37
169 196 44
112 704 6
440 365 25
994 218 19
473 470 40
830 668 10
275 796 8
995 18 17
74 894 18
793 300 8
527 471 30
284 202 38
855 869 3
467 332 9
47 509 47
364 439 6
696 850 7
251 144 29
787 545 1
168 905 42
774 378 23
104 270 5
515 1000 3
323 466 49
606 183 36
729 913 16
714 808 34
873 465 6
138 83 2
927 503 30
903 437 23
869 731 6
411 747 39
233 721 42
726 808 3
921 573 1
579 323 12
884 912 37
74 671 7
291 750 42
293 994 17
835 383 22
347 723 36
512 322 39
32 306 1
468 3 5
399 694 7
415 279 19
964 710 42
959 377 1
703 869 3
315 209 36
651 406 25
649 282 15
577 913 18
762 617 14
889 678 6
212 607 50
647 55 3
727 990 16
855 725 10
325 810 17
466 175 31
154 634 2
304 635 26
745 431 19
832 82 35
198 544 37
450 223 34
954 539 6
498 517 11
754 160 10
498 909 30
876 121 9
787 70 10
265 422 11
203 544 35
758 142 1
358 717 3
529 427 29
943 248 8
234 979 13
53 621 21
949 139 10
466 622 41
982 737 19
932 786 2
21 664 6
893 98 15
864 661 37
983 367 40
662 673 15
414 373 33
213 971 4
566 240 50
657 8 38
277 637 43
764 45 21
806 258 46
409 691 9
587 258 47
470 962 11
645 4 42
290 124 31
710 267 31
418 640 50
196 49 15
491 551 37
698 985 23
444 403 4
654 843 8
551 840 27
375 888 10
813 665 19
67 282 20
804 956 37
571 555 10
12 118 25
957 59 41
591 186 30
903 374 36
838 320 31
73 443 35
367 84 38
218 109 19
201 381 19
89 519 2
999 913 38
639 514 44
250 326 1
263 40 9
305 812 27
222 28 13
200 587 34
257 511 18
415 985 30
380 495 10
9 241 6
700 503 32
902 639 17
308 228 18
855 629 50
808 980 11
72 544 13
343 421 9
483 851 19
33 174 23
298 16 45
67 440 30
568 353 10
935 748 41
32 413 29
478 899 47
900 467 9
172 993 50
560 382 36
487 149 36
648 161 15
906 286 21
226 167 41
534 767 13
288 268 6
403 959 42
4 206 10
319 750 48
243 734 5
880 128 14
52 535 18
845 861 7
226 145 9
456 87 10
738 384 44
270 722 10
696 487 45
81 123 26
587 684 45
281 293 29
51 122 4
984 826 19
599 549 20
61 2 27
970 715 43
554 398 33
715 864 10
348 437 28
835 985 29
594 336 20
298 735 50
925 189 39
724 745 41
852 855 41
806 885 15
107 461 2
684 329 39
916 783 3
382 190 2
937 519 11
670 59 18
309 983 9
795 688 12
377 324 5
305 800 31
245 577 25
280 425 27
381 712 35
421 717 50
385 613 3
919 255 8
623 737 47
575 627 49
214 671 2
776 907 22
680 433 6
168 160 19
854 202 2
791 921 36
877 617 17
315 118 47
365 264 25
711 475 32
708 63 16
257 987 41
680 993 1
542 267 45
271 51 34
945 829 43
560 648 29
298 597 48
733 970 11
254 809 33
289 961 27
711 66 24
482 295 9
444 372 27
939 144 4
379 900 1
171 275 21
196 981 27
70 251 47
744 805 16
504 450 5
286 438 36
356 370 18
846 236 7
484 619 34
760 893 46
232 725 44
393 340 17
439 740 11
874 346 18
302 298 29
875 45 12
243 21 49
554 739 3
199 530 18
70 834 4
197 901 11
943 533 43
91 931 6
874 207 24
151 998 13
461 19 6
904 543 27
666 610 5
14 680 49
14 936 42
848 677 3
551 878 17
930 808 28
40 438 20
174 285 4
866 816 36
683 519 43
528 544 33
394 59 44
537 823 24
29 472 43
638 91 6
701 689 34
589 284 46
817 36 32
522 870 3
186 905 2
149 281 3
504 266 39
255 599 23
144 767 39
159 693 32
384 847 12
428 970 1
802 639 15
287 242 10
868 112 30
160 77 50
80 300 22
215 462 20
871 561 3
661 395 13
366 749 36
666 860 41
609 438 30
969 883 48
935 961 16
767 72 47
806 716 40
831 305 9
776 319 30
668 107 20
930 995 21
75 95 42
689 834 31
724 402 15
223 777 5
24 300 13
602 268 40
908 301 13
466 172 5
465 821 1
806 291 30
820 612 17
795 754 10
715 572 45
42 99 34
182 633 17
882 941 42
477 354 1
491 736 28
746 44 37
385 138 19
595 912 40
121 773 32
267 769 48
57 763 8
711 103 44
9 812 50
285 453 25
59 866 44
679 664 4
82 794 29
812 681 35
567 54 17
249 261 27
319 197 28
972 107 13
314 580 12
185 464 27
969 299 40
936 450 2
668 622 1
645 63 21
864 97 4
725 789 27
130 113 1
413 473 27
545 934 42
558 294 6
621 204 15
51 737 26
985 87 15
866 955 45
125 547 44
564 9 29
219 182 39
624 648 8
24 60 38
644 296 1
89 475 25
659 135 45
618 183 9
622 303 5
188 484 13
439 798 17
501 209 23
34 500 4
498 444 37
918 719 20
470 594 33
613 702 48
242 95 29
372 857 29
258 728 34
797 999 9
528 317 37
690 621 25
953 874 36
647 128 35
393 706 10
359 982 21
836 878 19
876 346 17
828 427 9
642 288 34
359 616 47
302 732 1
948 724 10
850 500 4
178 203 40
726 440 2
156 824 13
920 850 45
797 326 19
447 147 3
538 400 41
849 859 21
139 646 21
749 689 49
931 514 33
510 132 20
727 267 8
95 761 18
601 646 2
155 304 23
821 719 2
182 384 44
180 574 27
978 253 29
262 159 41
763 700 23
586 495 2
123 560 9
971 16 13
718 107 7
831 393 46
50 85 41
783 261 1
849 687 46
396 60 1
172 227 6
745 767 8
85 303 12
890 942 5
357 679 1
781 791 3
641 283 29
464 624 28
901 108 19
293 645 9
742 693 38
249 194 37
84 832 11
378 855 20
389 733 1
522 429 25
319 125 31
452 189 31
665 843 33
900 858 10
855 284 29
477 713 14
565 361 11
581 337 4
254 860 12
422 888 19
407 46 45
983 729 45
720 371 36
663 911 7
912 178 13
533 765 5
695 186 8
216 214 31
82 242 44
750 659 31
973 83 15
100 642 11
174 292 30
849 62 10
73 486 5
981 991 15
644 746 31
829 417 6
956 392 35
687 496 31
201 774 12
12 439 26
393 516 37
891 123 14
643 474 22
870 792 45
781 789 3
429 304 1
637 414 1
510 124 21
466 631 14
916 730 16
645 459 13
532 355 17
789 970 18
219 954 15
265 984 5
730 980 16
810 495 34
848 545 5
258 273 15
432 160 23
917 251 21
170 250 16
723 858 24
740 747 29
900 809 13
563 565 28
268 768 14
835 144 20
540 62 29
900 656 38
136 458 7
655 418 17
513 340 37
929 867 45
500 1 43
263 410 33
3 681 10
359 140 23
998 175 47
870 219 14
519 187 46
27 466 19
677 177 12
565 249 19
450 154 9
618 45 47
742 936 27
538 179 15
719 201 13
282 976 3
787 348 44
744 37 44
719 916 40
939 618 30
671 775 20
259 667 12
426 25 16
643 263 41
733 473 32
517 285 9
832 569 2
513 619 47
300 106 2
886 348 32
259 785 12
533 563 11
404 668 28
357 768 30
555 958 33
803 181 46
866 945 48
339 857 41
378 622 47
882 763 16
69 423 29
219 611 48
46 286 46
876 919 32
109 236 5
353 226 31
197 551 13
201 40 13
830 614 6
557 699 2
326 279 29
408 27 31
186 163 8
647 984 15
745 996 24
269 299 1
576 394 19
301 25 14
768 931 18
156 489 42
98 89 45
375 495 45
978 110 18
127 844 8
231 377 39
324 344 11
816 731 46
570 667 20
465 847 40
681 814 30
542 548 7
966 395 25
595 497 8
303 598 19
704 796 43
879 325 10
339 681 3
189 304 13
586 238 45
297 110 12
86 544 46
536 941 25
291 97 45
517 181 23
88 903 31
25 316 8
468 977 8
299 580 11
817 93 21
251 831 4
558 2 34
155 559 3
501 19 38
7 129 44
777 3 5
888 749 26
825 363 39
753 878 46
126 922 10
205 692 36
51 764 47
927 76 5
736 461 43
352 833 33
181 38 48
264 805 21
512 279 19
236 860 25
727 138 22
403 181 24
400 678 28
508 986 34
793 113 24
169 222 18
780 789 17
724 553 15
861 216 17
308 761 3
737 974 34
245 949 27
472 534 6
624 711 16
332 591 35
316 871 4
996 86 49
500 841 4
553 465 8
339 16 18
817 798 3
198 216 12
608 658 49
534 824 44
620 482 29
104 271 8
921 978 4
908 964 13
810 126 17
971 637 23
517 301 1
404 627 3
58 632 6
562 130 44
635 399 28
244 940 3
523 419 7
188 278 49
196 447 29
760 250 24
185 697 39
460 415 37
118 75 2
227 162 21
49 120 17
766 596 19
100 315 39
176 31 1
994 758 39
615 902 18
940 400 21
600 756 20
683 641 6
758 293 43
941 764 3
560 455 35
259 67 13
810 247 42
862 192 29
242 181 43
129 351 50
250 274 17
868 448 45
869 300 24
811 116 6
433 584 39
74 436 8
117 681 3
451 378 1
915 19 3
989 678 12
98 342 15
472 512 9
570 766 36
966 923 3
577 596 9
551 362 50
779 739 9
615 591 17
781 481 6
399 804 2
821 758 37
3 868 42
936 102 2
589 136 12
527 466 7
179 235 39
612 346 37
602 279 30
747 900 37
508 100 14
466 939 17
583 704 6
904 453 16
580 537 7
430 628 3
584 751 7
122 111 39
537 340 4
172 225 28
554 729 7
905 571 25
567 381 2
83 527 7
235 197 32
95 600 37
639 245 30
596 659 3
940 919 47
52 552 36
592 201 16
942 346 20
626 14 7
231 201 39
989 252 4
906 255 14
110 717 3
229 138 27
897 553 9
564 851 20
239 793 21
661 942 14
841 532 42
727 791 17
556 392 31
79 928 31
926 96 30
362 428 8
596 801 28
292 859 30
847 858 36
170 961 24
813 357 50
233 280 31
346 413 10
516 281 19
277 529 49
197 404 34
171 311 23
162 310 46
225 611 45
12 916 19
805 226 42
278 594 12
452 456 20
394 943 24
188 618 7
442 334 14
598 406 34
656 480 13
413 831 1
814 349 31
180 370 16
109 799 28
710 482 7
537 361 12
736 247 11
12 331 8
455 127 29
517 545 1
421 284 45
44 129 42
684 736 37
828 479 31
361 105 13
988 109 18
132 362 41
123 768 41
198 689 33
654 994 17
310 733 14
703 324 7
442 891 5
829 543 41
789 84 41
250 719 31
295 651 22
561 882 21
252 652 2
688 572 3
562 998 13
956 391 35
968 954 46
354 588 49
501 204 26
875 780 8
216 754 10
838 120 21
842 407 10
103 672 2
976 376 23
670 39 1
948 20 15
853 564 1
429 638 7
747 571 31
5 554 9
683 385 16
532 869 9
625 510 1
433 192 1
3 555 14
411 960 44
880 328 30
606 946 41
753 822 9
219 91 15
845 973 43
182 861 29
822 800 3
943 520 20
28 956 2
677 36 36
521 217 15
21 343 30
246 954 6
245 362 9
762 295 18
379 429 12
572 505 39
27 483 14
921 128 8
513 708 1
189 834 23
744 55 2
944 78 45
544 237 25
425 749 47
224 216 40
117 243 41
671 300 13
873 205 2
991 666 38
111 776 39
650 911 13
273 6 13
484 67 12
477 138 50
621 269 4
598 779 25
312 683 1
569 399 47
469 756 14
171 318 50
217 478 48
28 532 10
293 747 9
355 310 12
249 616 9
466 533 28
291 86 5
990 456 24
888 331 38
931 769 9
790 784 2
336 954 16
930 988 49
898 948 49
318 167 2
374 322 4
52 479 44
781 305 30
883 202 48
738 66 20
965 846 16
904 690 24
493 283 46
665 36 14
941 393 31
381 766 8
640 72 5
462 757 2
953 469 2
807 207 7
459 733 1
85 375 7
419 353 41
339 751 46
241 77 21
324 566 6
541 174 9
999 977 50
771 484 12
124 532 29
841 698 29
314 150 5
975 906 2
353 221 4
138 365 12
972 332 28
575 222 2
479 981 13
206 38 1
563 231 25
770 842 39
967 247 35
276 448 4
336 21 5
539 113 30
86 21 28
889 7 47
520 272 16
651 801 7
141 138 15
518 811 41
811 184 9
223 753 46
602 763 46
731 341 49
214 465 45
982 209 4
557 855 13
586 30 13
737 52 28
746 616 19
774 493 1
417 223 5
969 209 40
803 440 7
647 202 35
703 95 37
11 806 16
587 967 2
630 73 2
177 480 3
432 689 43
780 169 48
32 111 34
562 557 44
26 896 41
586 59 32
247 51 24
192 836 20
595 659 2
663 261 22
599 851 43
778 916 14
214 375 48
460 547 30
734 478 17
480 318 41
672 114 23
830 615 39
243 455 4
326 367 32
981 69 40
903 742 10
143 412 22
978 343 11
219 990 21
929 473 2
784 853 35
557 701 7
650 926 8
936 477 10
582 391 50
424 121 9
767 410 2
475 565 7
415 608 50
30 81 22
238 350 28
611 577 1
729 846 32
561 766 45
453 24 26
610 797 3
902 860 32
279 85 5
37 242 9
386 523 2
382 538 50
700 932 9
923 908 4
538 327 7
820 716 37
164 176 42
710 777 19
773 620 15
206 350 16
962 300 14
410 654 37
178 665 11
608 518 35
824 615 24
536 447 32
260 146 40
354 670 39
681 102 7
126 135 7
383 407 6
830 358 16
783 887 40
129 712 14
779 44 16
183 506 44
651 702 27
154 153 3
800 372 13
226 652 47
954 16 25
427 88 7
467 313 28
449 685 5
602 750 18
682 408 50
835 606 15
563 239 41
486 18 11
918 767 13
612 878 22
150 889 1
546 134 26
660 124 42
934 232 12
869 839 50
378 193 12
57 472 12
549 574 11
315 837 3
348 374 50
494 429 33
332 644 1
516 74 49
341 629 24
115 424 31
73 778 42
348 591 30
751 573 10
253 74 2
887 570 29
370 805 38
624 425 27
513 803 50
911 8 17
346 610 2
616 183 38
284 789 38
709 437 31
390 129 14
642 190 27
992 375 43
308 175 25
977 960 28
407 325 28
224 33 9
849 5 33
791 889 37
860 138 7
845 235 9
924 661 3
893 690 31
743 937 6
770 794 29
108 368 36
728 965 15
749 613 48
579 551 37
95 825 26
481 482 14
956 344 3
792 680 5
321 424 18
905 94 4
810 175 27
982 402 3
3 685 15
227 57 17
626 312 46
347 912 11
332 350 49
587 309 17
637 430 40
442 786 49
693 215 39
730 499 7
713 221 35
461 385 2
221 866 6
534 981 49
967 921 30
194 571 14
775 338 43
936 486 9
307 816 50
157 646 38
972 315 10
731 355 1
789 95 36
251 294 24
743 552 14
15 494 41
200 275 28
71 849 5
570 126 39
872 422 42
264 383 4
14 670 17
929 282 36
402 94 29
972 367 9
713 113 1
570 11 4
259 662 18
304 683 11
594 833 41
52 59 26
598 271 11
309 655 34
539 417 50
621 715 21
742 543 20
519 843 33
957 673 43
546 792 9
324 64 13
658 903 10
21 495 7
229 244 21
410 449 14
659 631 1
146 339 30
127 139 24
762 212 9
902 631 37
928 196 50
37 881 1
12 212 5
946 647 38
107 247 37
536 319 5
685 790 17
894 32 47
794 934 1
906 881 42
533 515 27
687 286 32
624 267 6
44 758 6
310 313 29
790 145 14
279 515 38
85 666 20
484 423 26
24 529 21
33 417 38
313 171 17
28 902 43
52 33 1
83 509 20
17 721 7
843 887 45
202 35 35
163 111 2
699 33 23
757 587 23
741 917 27
691 821 7
67 649 4
250 504 2
24 349 7
704 131 46
543 506 1
515 685 44
643 257 24
489 773 49
208 1 7
474 850 44
625 939 34
781 943 31
987 838 6
629 254 43
315 817 15
201 615 45
537 16 22
888 376 47
91 824 23
687 629 24
267 401 16
199 588 6
837 574 11
72 873 23
415 934 15
390 312 27
968 329 10
370 363 1
44 986 9
257 890 43
40 815 12
587 788 23
887 25 36
897 25 10
332 696 17
421 832 19
605 49 10
363 474 7
9 571 25
619 126 4
942 239 18
90 773 16
413 117 17
59 664 16
571 8 45
231 169 40
235 553 14
803 198 39
581 291 8
904 506 3
735 964 31
800 696 20
683 567 40
15 311 8
542 543 17
509 564 16
612 634 12
896 443 7
82 69 9
63 433 29
804 264 26
340 946 39
704 866 24
565 245 11
843 863 24
995 451 1
80 372 28
737 214 15
261 492 5
41 243 30
133 31 6
860 967 41
768 621 7
779 823 26
384 844 37
108 643 29
826 797 35
292 623 33
468 794 5
562 399 3
874 98 3
836 358 44
842 570 24
597 364 8
754 644 38
60 148 17
969 416 29
787 482 36
850 931 38
344 487 29
321 9 8
9 974 13
964 139 18
83 888 41
780 478 44
778 999 3
964 194 6
807 461 11
24 927 41
448 54 37
855 905 21
857 67 35
905 429 4
100 931 30
823 980 2
814 848 11
569 767 40
152 638 20
832 922 14
860 204 5
953 492 1
134 850 33
757 138 3
534 701 43
385 11 45
475 294 4
82 688 3
174 483 17
15 508 18
831 686 13
697 910 1
997 256 4
56 756 39
619 762 11
155 872 6
275 179 14
837 882 43
416 833 28
320 430 9
781 405 20
892 730 4
76 621 20
779 552 27
832 103 37
778 541 5
280 217 22
91 21 31
451 457 48
689 282 48
380 916 35
55 905 46
282 768 21
631 81 4
265 724 11
686 728 10
325 342 18
554 445 2
840 881 50
201 837 2
843 719 19
934 78 21
459 368 44
839 22 4
772 169 31
37 300 19
889 671 47
211 12 13
769 334 12
77 438 47
744 792 40
562 950 10
276 550 41
696 760 6
498 357 3
109 177 13
923 545 43
284 75 18
180 492 44
833 587 48
678 814 14
55 752 6
189 32 12
888 684 8
787 755 9
491 797 46
220 770 31
411 487 18
125 404 43
416 976 10
712 443 14
169 359 1
777 480 2
571 885 12
839 24 17
246 140 6
781 252 47
656 324 28
548 395 30
576 529 47
463 724 4
563 724 2
916 523 20
913 727 6
722 520 28
917 201 8
298 668 6
63 10 45
37 542 45
402 327 20
251 657 32
368 339 27
749 991 13
86 340 1
520 810 30
600 679 48
689 329 37
655 919 26
284 748 22
694 591 9
61 106 4
847 890 34
333 99 30
960 297 35
298 188 15
904 310 38
539 737 28
72 199 1
706 758 25
203 615 6
433 347 7
765 13 42
479 158 45
997 74 26
876 971 19
534 589 7
562 14 12
720 629 1
21 832 32
304 618 13
125 934 49
189 38 8
693 391 39
581 460 27
562 230 47
302 923 44
359 520 29
106 194 47
860 813 13
434 464 44
658 862 2
736 714 28
103 378 31
753 154 38
391 416 6
839 762 13
237 851 13
119 241 46
76 664 8
29 34 38
25 719 44
733 37 11
476 34 10
524 820 28
492 854 6
193 223 3
660 472 15
961 25 10
260 560 48
993 409 26
917 664 30
557 107 10
195 644 6
87 336 30
10 861 47
864 759 45
596 576 31
551 299 11
120 928 50
234 178 23
108 772 35
228 730 3
714 289 6
727 659 2
151 243 8
814 240 12
827 934 18
387 89 33
398 193 16
867 629 13
961 512 38
280 160 32
591 279 20
39 430 18
324 806 30
661 902 36
737 544 1
861 794 6
734 789 49
752 532 1
806 508 35
578 972 22
506 860 5
673 212 4
399 376 5
45 435 7
205 40 37
352 916 31
50 756 6
414 315 4
970 188 6
195 166 2
12 338 9
481 105 9
502 848 1
979 546 14
643 273 5
779 293 41
774 766 4
728 425 3
135 420 46
759 893 14
217 30 4
958 432 50
853 23 3
291 699 2
47 503 42
529 345 2
53 114 36
212 846 46
135 570 1
80 591 5
632 772 5
731 197 37
953 114 24
193 56 23
627 588 40
417 73 36
273 212 5
474 883 16
840 803 25
760 847 25
39 128 1
856 540 20
940 955 5
419 427 34
507 621 24
161 835 49
295 744 4
243 314 1
394 767 27
427 45 31
741 26 32
623 945 40
994 517 48
597 370 29
33 35 16
922 347 25
421 100 7
623 679 21
183 602 28
857 343 3
981 260 1
103 559 3
214 626 36
640 293 31
577 400 28
670 772 3
691 533 21
724 263 10
825 277 11
457 748 22
868 751 31
897 975 31
490 28 5
578 354 10
310 249 17
880 162 34
663 612 17
978 911 25
580 879 43
760 966 47
475 723 15
478 189 1
562 550 34
158 410 37
93 167 50
433 318 41
401 266 15
320 163 18
400 606 25
613 809 30
492 256 4
191 498 13
672 556 11
910 672 50
540 296 41
864 586 8
232 482 14
407 822 28
775 379 43
793 751 44
933 367 18
372 934 42
571 342 1
196 661 32
619 259 34
967 984 21
212 135 42
831 369 25
991 687 2
732 698 20
96 29 1
7 991 7
631 935 38
898 552 40
666 939 50
448 685 25
51 776 31
450 348 12
135 60 5
419 464 28
233 995 40
577 176 12
343 481 46
18 417 46
966 818 18
478 824 8
36 978 12
799 654 11
560 996 10
553 912 2
808 172 44
575 921 4
22 616 41
928 984 25
962 640 3
173 236 2
389 366 44
211 823 20
739 546 16
547 330 11
234 546 45
349 282 33
459 130 2
277 511 26
537 159 20
379 107 37
401 721 28
233 540 3
866 596 9
520 155 3
133 23 20
22 687 21
21 462 22
262 512 42
634 862 50
625 132 44
754 517 10
600 734 50
273 293 34
653 62 21
92 608 33
457 572 35
797 991 14
876 213 5
254 56 37
201 419 50
708 845 14
629 874 5
245 423 42
62 649 36
75 406 31
582 860 49
470 601 27
137 410 43
839 790 25
611 694 39
957 433 30
338 841 3
568 775 41
681 749 23
296 11 34
667 937 50
50 191 50
574 994 7
389 133 3
874 410 24
678 113 39
912 30 39
630 100 38
214 544 40
370 663 28
711 608 11
191 229 44
85 552 29
461 226 7
243 994 25
757 569 26
320 208 46
391 285 4
377 353 1
777 860 38
993 290 50
311 55 32
743 58 8
344 950 41
34 551 25
421 698 8
34 383 15
199 114 50
887 575 39
392 237 1
512 606 2
614 815 27
973 25 25
253 82 41
637 628 14
541 66 10
315 322 24
925 447 31
803 439 37
96 348 38
829 610 32
263 899 29
301 486 15
369 991 33
39 143 38
819 898 22
553 542 4
899 565 4
773 96 29
591 901 46
911 587 4
473 78 32
743 913 44
348 686 43
81 561 1
567 373 50
534 247 30
303 209 18
978 627 19
743 729 31
482 725 25
1 115 4
439 968 2
743 893 3
58 910 10
301 690 35
959 228 18
648 475 47
301 863 27
480 456 15
939 320 5
570 906 7
374 892 41
566 13 22
694 585 46
130 737 25
607 47 7
310 901 48
615 396 21
350 954 16
948 308 29
617 774 1
81 25 1
509 904 15
577 992 33
613 789 41
688 370 22
725 870 31
957 689 4
264 772 44
748 568 5
310 88 18
549 978 1
270 824 41
582 866 14
738 461 49
984 531 27
37 896 47
452 655 33
836 453 19
240 558 14
797 149 27
689 233 14
17 301 31
139 82 5
700 679 3
736 486 42
236 953 3
977 762 34
698 434 36
839 325 13
16 836 21
946 168 33
746 829 25
566 357 10
698 898 30
596 566 27
744 813 40
352 286 6
237 581 31
698 703 34
862 508 5
455 902 33
833 800 7
797 55 10
271 835 21
218 372 23
530 136 28
852 933 15
360 699 18
826 773 27
515 323 45
129 208 11
909 822 13
16 175 28
389 251 7
860 745 1
485 564 32
382 990 43
993 301 48
293 118 10
301 218 20
137 960 2
734 636 40
789 582 42
736 199 1
236 855 43
60 43 21
121 126 5
346 172 7
36 157 1
627 426 19
781 552 6
535 218 28
256 396 25
334 480 12
262 135 23
994 769 1
164 909 1
268 808 19
251 656 9
23 685 36
49 675 29
729 925 38
547 636 35
70 108 4
874 646 15
29 215 16
458 181 18
636 775 6
968 620 48
120 194 6
742 668 38
823 391 4
195 604 8
244 589 4
847 649 35
243 378 23
270 973 9
177 410 21
787 275 26
707 9 45
344 512 17
550 542 26
41 894 36
303 137 2
509 893 34
910 97 28
695 849 33
790 507 31
140 114 47
209 803 15
702 806 6
961 566 5
184 424 21
31 819 28
565 635 24
976 68 14
649 417 6
185 834 46
883 989 34
428 754 14
841 245 36
566 865 45
868 910 29
984 84 1
371 556 7
120 535 14
898 945 45
243 116 30
142 941 1
275 748 24
519 544 24
365 398 22
649 719 39
671 695 8
81 313 27
110 298 2
88 129 18
342 517 2
567 255 41
721 909 20
918 91 8
986 757 27
918 348 30
144 481 5
195 11 43
634 842 9
928 361 3
785 741 11
853 82 41
71 535 34
359 179 36
637 632 15
216 316 29
258 251 1
319 533 33
794 453 49
236 652 21
339 169 45
579 826 4
921 709 25
34 405 10
153 306 49
457 191 1
590 63 5
275 755 29
204 457 3
960 40 22
317 924 2
193 55 6
317 768 37
749 351 46
131 669 46
353 454 14
245 894 9
798 469 6
573 243 17
468 184 20
67 698 41
866 447 33
567 34 22
893 62 28
157 109 17
685 278 49
198 83 18
939 768 44
64 629 37
213 711 4
640 105 4
921 101 15
403 997 34
464 22 11
444 391 30
105 76 20
627 23 17
610 483 3
885 761 44
106 533 28
741 423 14
857 680 6
185 733 9
566 74 17
381 221 27
549 502 11
688 712 4
725 881 38
597 178 38
501 437 41
647 386 8
908 233 17
938 564 20
883 744 32
372 580 50
833 639 30
737 778 26
251 275 19
863 457 8
568 600 17
212 777 9
372 406 1
700 722 6
693 738 28
482 579 12
574 334 5
830 413 4
564 273 24
837 628 35
941 828 1
340 603 3
32 971 14
891 394 35
69 560 14
921 364 27
202 90 35
504 149 40
81 271 2
309 182 11
349 241 38
551 982 24
876 556 41
966 954 47
731 337 34
983 66 50
204 380 13
143 432 3
516 861 23
819 178 23
139 963 36
988 159 28
33 879 10
500 298 3
929 949 6
242 144 14
648 503 39
881 599 4
392 941 13
252 365 15
655 516 10
118 571 2
2 601 17
677 369 8
795 249 44
172 284 7
342 818 8
453 810 4
156 165 35
620 279 15
904 696 50
725 353 6
121 863 32
843 636 7
882 657 34
743 189 14
190 982 29
444 107 21
728 957 6
121 37 23
441 464 36
