1000 392 24
100
46
33
47
40
39
25
45
30
23
13
34
42
44
49
25
35
5
13
38
8
2
19
23
44
44
40
38
8
42
45
47
45
42
27
20
19
32
46
7
35
9
30
4
41
28
24
42
4
29
29
38
39
22
23
20
37
23
20
47
28
46
42
29
39
37
18
39
9
23
48
16
48
7
48
3
20
27
27
30
17
7
10
9
11
28
38
40
12
16
34
10
40
12
11
7
50
8
39
38
7
35
23
43
1
28
17
36
40
49
8
16
4
2
38
5
49
4
33
47
48
13
32
19
50
40
29
30
39
35
46
16
13
33
15
46
45
42
23
8
1
18
10
29
32
18
15
17
2
41
15
38
5
24
37
42
12
28
9
9
9
36
42
30
12
45
49
15
12
40
39
32
5
2
16
48
44
3
10
47
27
37
32
40
13
30
45
36
7
38
16
16
16
19
16
15
14
15
37
46
32
43
4
18
15
47
36
6
10
11
12
3
5
12
44
18
50
12
9
41
2
24
15
28
3
23
22
23
11
49
7
43
40
9
46
46
25
41
11
44
20
48
34
28
49
28
21
8
1
8
35
12
20
40
1
19
23
50
7
37
2
45
25
21
11
50
31
48
13
16
2
16
50
25
45
24
48
22
35
20
18
42
46
8
47
6
16
19
48
8
32
41
22
16
23
13
49
43
23
29
5
25
17
44
46
14
7
5
25
33
50
50
47
26
16
39
32
15
49
36
8
5
9
16
4
11
34
2
44
16
50
33
22
28
44
20
25
27
4
5
19
21
48
17
42
22
22
5
42
39
42
44
15
50
12
42
11
24
6
33
33
19
26
35
31
24
23
24
14
39
45
28
37
19
25
14
35
31
1
9
50
4
27
13
17
9
2
25
39
43
21
11
8
6
30
26
7
37
27
44
41
33
22
43
3
47
18
50
20
1
9
12
5
26
2
32
19
16
32
48
5
13
42
42
21
49
32
46
7
48
16
19
41
26
49
7
34
50
35
22
17
12
13
9
19
45
30
31
1
47
35
33
7
27
48
1
28
5
10
48
39
46
39
24
36
18
44
26
42
9
32
44
10
14
36
2
48
27
47
39
43
23
27
23
8
49
1
21
45
5
12
7
13
5
24
49
39
28
21
6
5
30
26
5
45
30
47
34
27
50
22
38
33
40
44
29
14
9
29
29
9
36
50
23
26
35
30
50
42
2
29
29
6
44
9
20
28
28
11
14
10
37
35
14
43
28
44
39
36
43
10
27
10
41
47
40
40
43
15
48
36
42
23
29
12
25
47
21
8
33
19
18
47
1
34
2
34
33
41
15
30
3
13
14
14
2
36
21
40
16
50
41
39
23
49
42
26
2
23
43
5
12
8
3
5
3
49
33
42
33
22
30
33
10
40
44
14
5
4
50
50
7
8
31
35
40
50
6
6
9
27
12
20
7
27
41
42
32
41
35
9
44
50
2
19
39
13
38
12
49
21
10
32
41
38
16
44
30
28
34
7
2
42
9
49
29
3
25
41
39
8
38
35
26
21
25
36
12
17
32
2
46
24
24
11
6
36
40
37
42
43
48
12
7
34
16
13
1
10
10
13
13
3
15
33
8
19
26
17
32
11
29
18
4
5
12
28
13
10
10
47
10
14
29
41
49
33
39
24
46
13
5
22
36
14
12
35
6
43
24
20
21
43
12
19
22
1
43
39
7
49
5
46
3
17
33
26
35
11
35
47
9
37
43
37
7
6
13
1
13
46
47
10
23
45
10
29
9
23
47
42
35
26
45
9
22
29
38
35
23
47
8
49
40
25
35
36
14
14
43
23
50
6
11
29
32
23
41
46
48
8
30
33
23
37
45
3
10
35
47
4
10
23
23
10
36
41
28
27
21
47
6
1
4
22
37
49
9
36
35
25
36
2
42
15
48
3
50
43
6
43
32
37
47
17
11
11
13
35
8
33
27
46
12
49
35
32
36
42
21
10
21
11
48
43
37
18
31
30
1
12
3
10
27
28
9
24
46
42
40
35
34
19
6
6
28
34
13
40
48
4
3
6
29
18
12
17
13
41
2
46
46
3
14
15
43
15
8
38
9
33
4
12
50
20
46
1
42
29
37
26
38
50
31
9
4
15
48
20
50
29
10
42
32
20
31
11
14
42
16
19
40
18
26
13
39
41
49
17
28
45
15
9
15
20
34
41
33
46
12
22
8
15
32
24
40
19
33
23
46
5
29
7
31
17
25
39
30
18
38
27
27
11
4
32
3
20
34
48
19
107 949 5
317 975 29
131 992 29
544 443 7
710 342 15
497 426 27
332 955 7
553 151 6
25 772 23
350 661 11
868 760 35
900 478 44
110 137 42
35 340 9
402 825 32
606 186 2
646 439 20
403 717 18
342 625 7
925 437 2
808 167 4
586 919 2
48 777 25
769 701 1
904 117 8
401 138 6
370 330 26
912 751 41
691 903 25
562 374 25
539 398 2
407 580 13
84 153 2
543 228 21
384 852 3
981 611 2
302 236 17
139 873 20
153 553 5
398 715 22
685 462 9
159 885 6
843 203 2
349 116 21
652 7 6
996 417 32
786 912 1
3 838 7
62 844 42
379 349 1
468 17 23
591 431 1
477 25 34
491 30 10
234 92 7
955 993 2
990 98 11
458 379 3
779 261 17
137 139 40
475 350 22
42 201 9
805 391 28
224 675 2
183 302 1
620 504 3
391 716 9
743 872 33
439 525 26
986 108 25
39 428 18
847 401 1
59 399 17
203 851 1
396 41 12
581 562 18
483 396 18
236 577 19
869 421 41
850 62 2
975 475 29
930 114 15
147 585 6
716 968 11
114 129 2
362 513 7
92 813 8
357 72 1
22 670 29
967 684 14
589 7 39
907 501 1
856 362 9
476 900 2
179 475 7
813 77 11
490 654 1
201 59 10
480 800 33
804 805 6
698 274 1
701 682 12
898 234 4
449 405 1
138 626 24
582 887 1
919 4 6
499 930 1
422 241 12
443 612 7
963 735 3
901 964 1
337 76 4
672 432 24
637 427 42
378 347 1
477 268 17
454 565 6
923 284 12
152 471 23
81 804 47
72 581 15
579 449 12
166 384 12
334 905 4
93 586 15
679 579 17
876 99 22
903 804 6
913 974 2
120 955 50
565 800 41
836 630 13
845 617 3
269 943 8
612 58 17
618 759 3
69 910 2
123 850 25
825 589 4
822 659 8
428 272 8
852 314 20
189 69 6
482 997 4
772 826 5
514 603 7
70 523 15
56 107 17
603 554 1
519 529 22
513 371 26
702 453 7
437 904 17
993 194 6
968 208 14
848 497 9
261 45 1
547 715 28
675 520 9
320 757 20
274 378 4
760 831 4
666 319 21
374 185 14
727 408 1
812 696 6
777 685 22
453 119 4
793 101 11
430 351 17
155 171 21
838 27 1
129 824 7
207 193 16
887 131 16
393 476 2
383 519 26
262 769 37
992 618 26
684 352 12
360 823 25
871 514 8
514 670 31
411 649 1
426 317 4
501 464 5
949 967 14
529 207 39
994 16 3
37 183 16
15 357 35
661 414 2
523 937 4
467 482 15
509 385 23
662 357 5
76 383 2
885 655 13
883 123 8
373 702 16
717 652 1
576 120 1
287 91 6
117 963 10
211 615 45
431 646 4
826 329 8
691 872 48
931 672 19
88 145 21
119 517 16
168 147 8
432 868 6
872 409 4
208 424 5
218 118 29
72 286 28
601 288 2
706 491 1
89 879 3
751 582 43
89 418 12
799 907 6
589 37 20
554 898 29
186 794 15
333 168 20
16 84 7
585 48 8
58 664 17
99 836 21
412 995 5
163 923 3
849 591 40
974 660 27
45 853 33
427 39 7
570 374 20
314 35 23
101 483 6
735 248 6
288 287 17
284 942 6
628 285 1
526 152 34
167 199 14
599 47 23
347 456 17
30 499 30
715 188 2
17 320 15
340 628 5
415 393 1
27 857 4
420 996 44
41 93 6
116 360 3
517 799 13
760 56 27
448 36 27
330 691 5
564 931 29
297 786 1
12 479 15
851 136 2
144 468 16
762 454 9
905 15 9
52 134 18
351 411 11
7 526 20
540 325 11
888 266 37
654 509 16
909 42 18
664 333 6
325 448 3
418 674 12
802 848 25
151 110 1
272 224 14
194 710 11
717 921 29
757 680 7
296 990 6
324 474 11
424 31 34
47 605 8
630 267 8
660 85 31
97 762 1
478 721 10
942 856 6
352 172 10
479 543 20
172 175 19
577 480 17
937 337 15
319 599 18
844 843 10
31 849 38
199 695 6
520 822 1
853 743 35
94 969 7
1 372 43
134 845 30
193 909 9
565 606 4
800 334 1
230 347 44
964 12 8
248 871 8
108 297 9
910 202 1
611 166 5
759 403 11
650 899 46
188 637 12
655 869 25
694 159 7
857 89 9
414 620 11
626 544 38
26 370 29
77 994 10
462 70 24
464 179 24
969 163 30
228 551 16
995 155 12
605 913 5
579 311 32
120 961 22
768 160 50
504 758 5
659 402 28
266 415 41
899 694 3
409 540 13
399 1000 10
4 26 9
721 407 18
667 764 22
759 984 13
758 981 10
228 262 21
961 564 2
285 788 17
997 666 7
405 539 2
267 808 14
597 439 47
617 412 9
421 420 2
471 576 19
202 925 3
965 876 3
241 793 12
372 965 24
91 490 15
136 698 29
996 430 1
385 847 3
456 779 1
371 802 30
342 949 16
682 189 33
975 641 19
625 650 29
36 296 11
641 706 4
329 422 31
580 94 13
175 52 13
824 458 10
823 3 19
695 901 27
680 324 20
98 332 5
788 679 19
674 97 1
145 888 20
525 88 1
873 477 6
171 467 10
649 144 7
185 601 12
794 986 5
474 373 7
85 883 7
