170 920 27
79
45
15
14
32
42
41
6
34
38
36
43
38
6
14
27
34
28
31
7
38
14
38
22
17
24
14
19
11
37
3
49
44
45
7
2
14
45
21
13
7
35
44
35
37
15
27
50
50
25
4
35
28
33
30
38
34
25
10
50
42
43
21
46
30
17
36
31
50
21
7
1
6
35
18
37
24
24
5
6
31
32
32
22
6
15
8
20
7
11
4
4
27
43
26
2
29
50
37
22
47
37
39
22
45
42
46
3
5
3
6
24
14
11
9
48
41
50
37
44
4
13
9
44
50
5
48
34
29
33
3
35
11
2
10
34
27
19
25
26
34
11
9
24
21
24
19
5
28
2
35
7
37
39
47
3
1
13
35
22
15
22
44
6
36
2
6
40
27
33
1 17 47
120 76 32
103 10 5
32 6 24
19 57 35
85 135 40
67 71 16
151 141 30
12 130 49
101 43 47
79 118 48
141 169 21
83 108 46
42 29 45
154 134 17
123 61 11
41 143 28
19 144 15
108 107 1
94 41 15
29 152 9
150 115 33
151 80 45
24 119 28
151 31 34
74 100 39
1 8 26
154 89 23
119 52 18
134 28 28
92 59 22
113 140 39
114 40 7
23 127 33
86 97 17
9 79 31
77 106 19
164 88 44
149 99 10
125 133 30
54 52 49
73 143 46
127 132 11
112 93 35
64 104 12
148 169 16
105 68 17
126 115 29
64 49 49
38 104 31
140 20 43
13 60 11
62 10 40
124 143 4
20 119 7
97 109 16
9 52 36
87 38 15
15 11 38
60 28 11
157 79 35
102 166 17
95 54 44
50 10 28
73 162 50
74 56 15
48 10 1
4 134 9
114 107 10
36 120 39
99 112 6
86 155 46
168 62 26
88 3 32
127 142 26
113 3 25
98 143 7
21 73 10
90 13 46
72 169 22
145 130 47
69 20 50
30 152 37
96 99 13
20 133 36
79 155 39
73 95 44
126 162 45
100 34 19
128 4 43
29 54 14
9 59 13
88 99 16
120 24 3
76 99 45
19 98 40
157 25 11
137 141 38
84 155 34
123 103 10
89 113 42
80 55 11
84 44 3
2 33 21
131 132 3
71 152 36
109 8 42
89 86 19
166 162 18
124 15 34
25 60 47
147 65 35
148 168 29
161 14 20
47 141 12
48 158 30
118 167 21
161 1 5
134 51 12
90 87 46
14 20 43
134 127 33
101 151 14
18 70 44
79 120 50
87 85 43
79 81 47
37 33 7
93 7 8
43 34 38
141 80 37
21 147 27
26 22 50
29 45 50
86 55 16
106 149 38
39 170 42
110 42 32
119 18 39
140 122 39
110 60 40
106 170 41
8 75 16
146 14 6
75 140 2
67 168 16
161 29 34
45 56 33
65 55 46
126 165 44
51 102 45
49 137 39
13 84 2
66 13 30
122 127 3
88 21 5
77 18 33
141 139 16
39 62 15
27 3 40
118 94 2
11 19 16
4 66 11
122 141 44
153 57 35
168 140 26
100 30 15
70 160 24
77 102 13
10 9 45
101 137 1
94 130 38
67 133 6
43 35 23
5 105 8
125 27 8
4 80 7
161 72 24
98 163 7
151 162 38
161 116 1
61 17 33
125 146 31
48 94 27
112 54 6
11 90 40
16 132 4
62 125 7
123 119 23
113 161 37
88 62 23
44 85 6
99 115 22
145 30 32
89 135 10
138 94 42
115 95 32
125 41 30
102 55 15
168 13 25
109 47 15
159 67 11
123 39 6
64 22 11
74 28 25
153 147 18
80 126 17
126 90 47
83 164 44
114 169 43
78 6 38
66 152 12
127 133 35
70 82 30
36 19 44
57 65 39
102 29 41
165 120 19
34 126 4
64 153 15
137 155 11
1 85 42
65 70 42
13 100 27
31 128 33
38 79 41
62 112 40
77 66 30
99 105 3
70 81 14
104 26 38
37 105 48
86 99 21
64 149 48
103 126 22
95 170 17
8 84 38
50 92 42
92 70 22
49 28 37
38 149 29
104 108 16
90 80 25
61 83 16
80 145 28
113 8 32
147 49 32
35 123 35
110 4 23
67 76 4
34 142 3
151 53 22
84 52 32
48 123 28
88 57 3
85 167 15
39 169 28
21 70 3
101 114 5
51 168 6
33 129 6
31 54 39
130 24 19
131 45 34
56 147 31
128 2 22
136 125 9
79 154 11
103 129 5
57 161 50
25 161 15
28 94 48
50 71 4
28 67 10
43 170 27
129 163 15
5 121 6
132 63 25
54 86 9
9 89 24
1 127 38
45 18 14
39 12 18
65 166 15
137 90 27
62 42 13
170 154 7
36 47 4
49 168 34
116 71 3
85 57 23
56 170 16
126 140 14
26 21 26
123 83 1
106 5 31
138 38 43
170 21 23
114 63 31
30 5 34
26 18 17
84 120 6
109 12 8
127 136 22
156 86 47
119 9 27
98 111 43
152 128 29
154 57 25
47 76 11
83 58 21
80 139 41
110 102 32
140 17 40
129 104 12
162 28 19
114 15 16
107 152 38
77 170 2
112 19 37
170 6 36
152 43 28
167 122 1
2 170 3
161 135 19
34 41 47
26 75 38
143 102 10
26 76 43
167 96 39
114 45 47
64 115 21
117 69 28
53 92 47
98 101 19
32 48 34
120 100 41
117 118 25
102 36 42
157 19 22
165 30 28
146 5 50
56 26 22
87 162 18
31 85 49
144 166 8
108 122 13
136 49 23
28 107 17
14 106 13
137 136 16
45 23 49
143 81 39
116 62 22
48 84 14
66 47 50
72 26 35
117 24 6
118 56 2
100 89 10
75 120 35
80 132 14
67 68 10
100 148 39
50 82 50
105 72 16
88 158 26
66 21 33
55 126 12
86 140 35
153 158 7
9 118 12
88 52 16
133 29 1
13 152 14
93 17 44
92 129 25
50 69 24
2 122 33
157 103 28
70 93 29
127 64 32
148 161 43
42 141 42
67 146 1
120 108 15
66 135 14
169 15 45
61 124 24
71 119 35
121 85 2
165 128 7
85 111 31
75 39 26
145 22 13
44 79 23
4 104 14
83 111 1
127 5 43
103 52 26
40 74 15
170 53 35
15 27 21
66 154 26
102 124 15
129 12 45
170 49 48
111 166 38
19 110 7
77 23 29
58 61 33
42 31 28
122 157 15
62 130 15
1 79 22
39 2 28
4 30 37
106 99 46
54 32 47
92 112 26
92 75 29
25 41 39
161 52 15
93 136 8
73 39 10
87 112 40
100 130 9
10 7 27
67 89 36
54 17 8
30 168 16
61 57 44
106 85 46
154 51 44
34 92 9
35 104 36
149 45 31
151 116 42
111 43 2
163 154 32
52 113 4
31 58 15
127 48 42
60 167 45
4 112 16
90 32 43
84 23 24
99 74 8
151 73 16
109 54 43
87 123 17
9 160 41
69 5 43
1 51 37
93 160 32
137 110 1
73 10 28
79 41 2
162 21 47
35 45 6
111 51 14
72 158 50
5 142 48
112 8 15
57 147 33
142 4 36
20 39 48
93 68 49
88 115 37
92 139 41
111 135 46
42 79 50
56 98 47
89 23 34
48 1 19
73 6 27
109 142 47
31 65 38
131 8 2
132 78 8
146 107 24
153 90 15
145 133 20
119 42 23
116 9 50
39 144 1
45 142 47
33 6 32
14 11 49
99 156 2
2 132 36
51 160 31
46 64 9
97 16 33
87 39 1
14 16 31
136 81 22
87 114 50
72 138 46
73 40 42
75 57 21
161 168 14
155 14 28
57 80 26
137 81 21
10 119 45
158 85 41
150 74 24
165 72 36
52 75 50
14 88 21
119 47 21
78 54 8
105 12 33
108 57 3
9 77 33
16 54 29
92 55 19
62 7 6
157 37 28
131 162 50
93 48 22
138 33 17
168 2 25
148 26 27
158 162 23
158 93 15
44 104 4
93 74 45
73 170 2
100 65 40
54 107 38
133 86 14
144 140 15
82 147 42
111 81 15
35 120 34
109 75 11
43 45 11
154 144 10
133 160 1
96 20 9
4 124 41
71 109 20
89 71 32
49 127 15
15 34 32
39 14 45
107 12 47
45 126 2
129 46 39
35 85 20
116 70 21
68 36 32
21 111 40
160 26 21
125 154 33
26 34 50
139 167 47
110 140 31
91 167 16
116 99 2
61 106 48
148 47 30
164 53 47
65 109 41
37 18 33
73 118 29
151 149 33
144 67 50
77 89 4
10 131 49
15 145 19
96 135 24
82 26 25
6 77 21
67 35 26
37 52 4
104 8 50
78 95 50
74 88 19
38 136 2
76 8 18
17 96 31
110 54 42
79 121 7
169 102 22
94 101 3
130 74 10
113 110 17
108 110 3
58 102 29
111 160 42
54 39 28
119 62 12
110 77 15
74 43 33
114 158 3
138 3 43
47 35 25
20 8 17
117 53 48
126 25 3
64 168 12
55 60 27
20 158 46
112 140 9
8 6 33
58 21 40
76 53 18
29 164 25
118 82 19
98 61 41
46 18 48
157 110 24
115 127 36
67 99 22
4 34 49
156 15 46
30 157 37
55 20 41
164 115 5
113 157 23
65 101 4
130 37 37
92 54 29
32 97 14
135 14 5
142 29 26
91 36 41
21 109 5
163 168 45
117 66 29
83 36 46
53 125 1
122 160 21
77 44 27
5 68 19
8 42 12
134 138 4
82 165 44
129 24 13
143 130 12
160 95 44
59 169 34
77 139 37
72 116 7
36 86 44
54 7 2
109 38 11
18 23 20
156 10 4
86 134 27
3 104 26
135 159 13
112 151 21
120 162 7
155 1 35
12 128 40
96 145 47
69 134 39
87 16 13
31 137 11
102 114 10
126 62 28
165 136 31
135 29 2
167 87 44
32 123 16
3 152 21
79 107 11
166 142 11
20 150 33
57 35 3
120 66 2
46 168 33
163 28 45
165 123 3
82 143 46
1 149 42
136 131 43
119 17 26
27 26 16
105 83 7
114 88 23
37 56 32
11 8 3
8 27 32
108 147 22
158 30 27
116 18 29
129 137 25
68 51 27
72 98 5
156 33 46
88 12 9
134 41 29
62 22 2
71 162 25
138 42 12
39 45 6
112 115 50
149 87 32
35 96 25
42 139 17
68 35 22
1 114 28
41 47 4
127 56 47
31 3 4
89 44 19
112 28 8
118 78 2
27 64 5
21 92 14
36 63 32
134 146 17
56 32 17
23 80 22
60 165 35
14 94 44
92 161 45
147 160 42
103 141 21
3 26 3
47 55 47
92 35 15
126 4 44
67 107 25
109 154 16
165 40 33
1 56 45
170 126 15
50 130 18
42 66 31
124 105 10
112 67 24
28 17 8
84 85 7
80 43 24
91 79 14
100 69 10
164 48 42
130 98 50
48 68 35
126 75 34
149 49 6
55 46 40
34 63 26
103 88 42
127 18 14
141 15 32
36 20 9
45 85 25
100 110 30
130 139 42
69 4 20
14 52 8
3 151 15
29 14 17
49 93 10
146 126 29
107 161 45
56 76 47
45 32 12
108 68 46
24 58 45
46 130 13
165 11 24
45 143 22
14 103 34
11 72 41
39 115 7
47 42 4
26 119 1
85 155 21
167 33 24
157 2 16
91 95 24
37 119 10
73 99 33
3 105 6
51 137 36
38 59 37
167 163 37
110 164 43
80 51 48
93 150 5
135 20 12
109 78 18
70 23 48
46 144 47
64 114 49
29 36 35
112 162 4
33 160 23
91 29 12
117 92 44
99 54 37
64 107 32
126 10 2
92 48 38
29 104 28
25 59 26
118 55 48
131 9 25
129 58 43
32 13 7
61 40 14
11 142 32
169 51 23
77 22 17
19 87 24
155 99 4
113 79 24
92 102 12
139 89 44
157 150 27
67 24 13
113 164 41
160 31 40
106 150 18
81 75 42
110 82 49
160 164 8
121 140 26
110 68 11
78 122 3
83 88 6
120 39 13
90 133 4
7 104 20
165 46 15
166 122 37
54 70 16
13 140 17
131 146 7
30 104 39
117 123 9
158 53 29
109 120 41
5 22 24
136 6 41
28 83 17
163 161 19
59 10 43
148 81 8
148 155 25
82 28 1
103 124 6
35 12 38
35 7 1
150 126 45
16 145 8
102 42 11
81 77 26
48 64 50
1 60 19
165 13 46
16 107 44
20 110 27
127 17 21
103 166 46
61 147 21
86 20 18
35 24 8
95 37 49
75 30 29
15 51 25
99 147 35
141 60 24
170 104 14
73 61 2
152 38 16
136 148 17
42 34 47
162 22 18
5 108 6
128 14 27
136 17 11
6 95 45
85 140 42
68 102 26
94 157 6
57 152 11
16 1 39
52 13 42
168 169 26
24 12 9
99 16 26
151 148 39
161 164 21
126 57 46
38 33 22
23 121 40
79 16 5
123 3 4
75 46 26
126 35 24
132 83 19
142 46 35
101 144 16
129 35 37
27 5 47
152 69 12
23 24 28
66 128 47
31 71 22
107 142 37
43 79 3
45 139 9
169 22 2
5 158 42
73 85 4
166 157 47
106 103 34
60 137 1
63 115 20
143 20 46
22 137 41
