437 2650 88
100
23
10
15
34
44
47
1
30
19
47
20
22
12
32
4
30
18
43
23
18
46
48
28
3
50
40
23
7
1
6
41
8
25
47
19
45
23
19
37
40
46
45
49
9
45
43
36
35
48
40
35
15
17
45
35
13
13
43
17
38
4
8
32
35
9
16
31
49
38
29
10
14
23
49
19
4
41
48
20
15
34
1
46
33
32
21
10
38
3
42
23
5
39
18
41
16
33
40
17
1
36
35
43
15
43
40
5
8
43
40
29
28
46
36
20
5
6
13
24
47
44
34
2
41
49
15
2
44
15
45
5
28
46
43
2
21
28
31
11
39
19
14
19
9
7
33
45
32
12
42
37
4
43
32
12
12
25
27
9
28
29
14
3
43
12
50
23
21
13
47
28
34
6
2
4
22
43
46
37
17
41
45
31
50
20
33
34
50
31
5
15
10
25
29
14
10
33
47
6
21
11
35
10
42
11
1
42
1
10
42
24
10
1
13
3
2
36
21
14
7
13
49
50
41
30
22
3
8
24
12
31
5
35
23
14
14
13
2
14
20
42
10
45
9
40
21
23
12
46
18
34
38
13
19
36
41
32
4
27
17
12
9
26
44
44
28
37
1
4
12
8
47
14
38
33
40
11
48
33
5
11
18
30
41
26
16
7
47
7
7
14
43
1
45
16
10
29
43
43
33
6
48
29
24
43
16
38
44
3
43
18
36
49
22
44
46
49
40
15
16
31
48
36
26
5
18
1
27
32
35
38
46
4
10
35
23
16
19
9
30
50
3
7
33
46
17
17
18
42
45
2
43
42
37
31
47
23
27
32
9
3
42
12
34
14
31
45
24
25
19
48
1
21
37
43
6
24
23
13
44
30
34
33
13
5
3
21
43
46
18
22
31
21
40
16
13
23
9
15
13
48
9
38
47
10
35
19
7
40
2
23
28
9
17
13
34
25
17
50
38
12
47
2
50
38
8
25
29
25
9
38
16
44
5
17
42
433 188 40
355 65 30
373 101 48
164 270 2
323 389 19
345 15 24
173 227 50
15 227 27
331 411 41
171 360 13
284 361 19
356 162 15
322 34 4
437 269 13
327 182 16
33 116 33
430 337 50
63 351 13
358 422 9
50 360 20
210 157 42
117 343 30
208 108 26
186 283 48
296 384 13
120 114 2
88 347 2
225 424 3
380 231 31
258 186 44
94 10 6
44 207 1
196 400 6
259 13 37
329 136 40
8 277 41
173 27 12
304 293 24
59 334 30
353 96 12
364 318 4
150 407 29
77 121 4
218 184 13
349 98 32
180 119 36
324 97 13
192 84 33
22 274 24
130 347 1
376 386 41
40 39 18
180 151 25
22 368 11
217 264 35
428 225 47
4 299 36
79 415 18
81 405 28
365 418 9
308 123 27
83 339 8
245 220 29
407 217 7
250 6 43
412 401 24
217 280 22
249 44 2
343 310 47
359 344 49
73 367 4
253 219 47
48 162 40
199 95 41
229 347 48
28 85 15
185 133 12
142 126 5
205 411 42
121 100 30
215 233 4
123 210 1
317 319 1
239 227 30
318 56 12
18 53 12
180 201 8
94 261 38
173 312 8
271 232 3
137 349 50
78 297 48
414 394 45
323 128 24
366 360 20
89 234 17
134 292 31
241 228 44
96 387 45
350 85 21
407 227 35
227 431 20
302 149 8
113 307 5
409 307 6
202 150 26
331 272 29
27 284 36
193 106 7
326 260 28
252 96 43
82 195 28
57 233 18
176 51 2
111 161 39
242 349 38
383 130 39
28 149 9
189 43 4
428 73 3
76 273 46
385 257 2
327 217 46
207 165 35
406 92 21
133 121 7
337 107 50
131 389 1
317 377 13
431 315 38
190 27 50
20 122 1
23 267 35
184 301 33
254 202 27
295 126 5
54 379 24
358 116 22
78 53 9
93 291 2
40 61 8
260 387 31
421 29 12
314 146 37
225 30 28
68 75 29
315 298 9
270 27 47
76 257 31
1 36 32
128 425 41
106 134 5
344 90 28
65 283 48
431 300 42
319 236 40
236 15 46
226 208 20
220 53 14
354 346 16
27 207 28
309 121 12
232 249 2
434 63 26
127 42 19
186 101 37
431 119 4
235 108 36
315 328 4
137 169 26
59 387 31
185 299 40
431 287 46
195 206 31
120 429 40
252 103 22
194 39 39
332 348 19
170 393 24
161 224 45
191 41 37
78 34 14
120 335 40
427 328 23
133 269 28
21 148 39
283 435 9
323 218 41
230 407 14
118 314 42
346 272 47
253 44 27
242 347 31
258 390 12
175 53 9
268 248 14
17 393 11
298 221 38
76 398 14
385 223 6
385 419 41
364 92 41
266 202 4
368 246 19
40 172 45
354 141 13
411 203 35
242 226 10
396 367 35
237 73 38
415 103 45
53 148 11
235 26 27
290 208 12
77 161 8
183 269 33
218 273 42
260 37 13
84 277 44
62 320 24
16 266 46
218 8 6
201 258 47
434 50 29
218 38 29
234 342 18
353 319 3
213 269 1
263 375 39
217 158 49
356 61 43
226 332 10
119 111 21
84 285 22
317 270 45
168 45 37
398 112 34
116 218 5
172 202 35
19 145 29
69 318 45
131 322 5
90 371 42
95 349 19
256 250 27
162 24 7
308 154 3
217 145 41
162 182 41
398 35 9
192 312 18
207 196 3
4 424 17
245 166 1
353 153 30
233 115 6
19 221 42
6 155 20
46 22 5
408 12 14
398 299 2
192 53 49
432 309 1
257 279 42
417 35 16
304 253 49
122 144 19
142 209 11
180 295 6
371 332 21
116 390 11
255 124 32
97 410 35
166 132 24
153 192 22
357 233 1
399 190 15
329 76 39
64 97 27
31 308 23
29 243 24
154 306 27
228 418 36
338 208 8
415 167 41
12 76 2
204 249 34
326 167 34
256 90 2
287 414 8
207 403 28
146 73 4
23 396 11
385 111 33
296 282 36
235 72 32
30 140 10
2 104 35
331 242 1
196 291 17
178 181 14
250 231 18
309 46 43
369 27 42
371 269 27
415 35 32
308 299 45
344 184 39
171 417 18
218 161 46
165 39 18
398 200 40
53 269 50
389 285 3
250 368 10
123 161 31
173 50 48
108 195 43
43 319 4
180 81 29
244 185 39
361 161 3
402 161 48
28 294 28
61 166 41
342 134 47
213 15 2
319 259 18
208 246 15
333 48 20
8 88 19
272 352 2
58 155 10
28 8 21
272 191 44
78 283 40
189 91 4
9 393 28
317 65 35
273 205 33
142 6 14
53 378 41
149 228 30
359 434 34
427 336 10
108 150 22
309 221 6
46 229 48
370 289 14
28 68 18
63 164 50
430 224 28
186 142 9
258 161 19
392 81 20
413 347 30
80 122 1
244 89 37
89 296 10
51 201 15
6 418 27
333 72 30
180 366 8
218 81 45
2 228 7
131 430 8
123 55 14
182 60 23
132 144 39
26 216 18
431 127 4
374 260 1
152 377 10
57 101 28
210 152 37
375 115 10
234 154 44
257 275 46
199 380 28
417 141 16
131 341 5
259 432 12
297 179 34
292 361 11
270 369 7
391 354 11
163 154 35
50 143 4
69 336 2
299 152 45
123 99 35
241 7 50
73 213 37
348 227 20
193 312 2
210 19 17
191 120 28
94 63 2
315 166 45
8 151 18
384 42 20
221 108 16
206 184 8
365 341 7
381 416 34
372 386 33
32 134 23
350 71 27
194 249 9
268 182 32
106 93 5
184 21 9
371 414 26
318 280 32
205 146 23
131 433 30
23 105 32
240 126 9
6 143 35
239 157 50
109 309 1
113 321 22
250 358 27
27 333 16
346 322 23
254 381 24
265 284 34
25 181 41
365 379 1
159 327 11
38 372 28
281 159 9
191 103 2
435 337 10
45 302 4
161 225 2
153 97 14
347 195 7
411 214 19
402 88 32
410 360 35
168 295 12
282 188 9
417 16 31
277 178 15
181 344 4
152 34 42
223 144 39
403 150 24
346 15 34
387 103 28
346 332 25
80 21 5
154 400 14
286 436 9
119 340 32
289 15 17
434 418 29
129 419 7
59 198 12
328 131 37
25 429 1
145 340 50
382 361 11
301 430 36
54 195 6
426 238 21
141 325 22
28 363 34
161 252 26
332 312 27
183 120 9
99 254 20
389 100 49
234 435 40
129 146 19
377 228 27
406 294 33
369 318 12
1 183 46
127 216 31
97 24 14
104 255 48
156 124 16
346 403 32
130 7 2
166 321 8
66 251 37
84 72 49
80 290 20
82 7 42
71 288 48
92 60 41
102 428 14
134 160 5
86 318 28
134 256 19
296 133 25
339 72 28
189 123 9
25 283 17
206 41 7
296 151 29
221 354 22
437 422 33
148 324 4
328 326 6
300 258 24
285 406 37
64 343 25
373 82 23
261 130 16
389 417 47
307 84 6
283 260 38
9 114 6
278 332 1
319 209 38
173 316 26
96 16 26
150 338 7
184 199 38
100 287 42
393 418 22
370 296 36
66 62 8
279 126 49
404 129 31
342 184 35
3 42 35
189 323 16
286 199 25
384 93 38
129 133 42
77 295 16
84 127 33
263 73 9
257 303 32
145 304 5
242 437 9
80 87 39
313 323 9
283 331 23
157 3 18
164 127 25
115 55 27
400 253 37
133 391 16
148 199 39
40 267 4
84 90 25
418 382 8
238 261 25
25 109 36
412 403 47
297 385 9
33 142 42
431 156 27
182 404 14
290 12 22
105 282 15
29 265 4
169 82 1
264 327 6
419 378 42
128 335 15
413 257 6
16 359 34
313 326 43
190 114 36
64 214 7
403 130 34
120 336 29
181 255 26
343 45 34
187 321 20
171 32 45
288 378 19
345 198 44
339 37 6
267 148 50
107 432 1
26 45 47
36 108 32
162 189 45
197 299 31
156 312 37
225 308 2
233 44 36
300 274 20
371 37 44
432 422 3
203 414 15
235 326 47
65 150 21
394 375 10
388 243 21
352 54 24
389 112 49
259 412 26
313 285 41
100 251 42
133 51 21
280 167 36
86 228 45
70 127 16
94 157 1
353 129 9
195 99 45
101 172 11
90 394 15
385 136 44
110 231 24
118 132 48
307 359 3
327 417 49
198 21 48
152 94 2
339 98 27
162 180 28
431 130 47
172 80 48
295 19 7
201 10 7
83 398 5
415 13 39
124 200 9
282 66 25
73 44 40
372 329 21
121 98 26
94 55 11
30 51 3
292 231 27
35 412 18
343 161 38
83 57 24
236 94 11
151 31 34
79 175 23
179 56 17
294 290 43
233 185 8
179 430 9
410 307 3
126 137 37
369 423 12
70 356 4
340 339 27
159 204 5
67 242 43
86 104 13
355 179 12
372 325 23
196 126 34
253 220 5
62 284 13
73 243 48
137 436 32
422 44 8
342 383 19
372 362 39
126 402 16
332 81 5
162 327 34
58 291 15
44 100 31
144 434 26
18 93 9
70 388 35
299 303 40
11 333 15
43 140 36
115 292 48
293 387 3
279 219 13
258 139 8
264 418 13
64 195 6
91 256 27
305 179 1
430 311 3
107 362 17
242 183 40
279 354 39
148 86 42
143 371 43
253 120 6
201 261 28
10 283 27
4 46 25
190 435 24
223 202 40
77 373 7
167 57 48
181 192 45
262 384 38
264 394 9
89 71 17
318 23 13
96 31 25
360 6 50
55 404 40
34 127 22
289 339 9
258 291 11
436 158 42
177 236 36
304 373 45
16 201 33
57 97 9
246 428 17
198 240 26
293 204 25
413 137 11
97 398 9
94 422 34
109 33 17
316 135 27
240 412 45
328 55 28
381 65 2
358 144 40
56 53 10
338 128 37
415 22 39
174 294 1
141 56 30
353 326 40
242 205 13
62 352 46
358 432 13
289 174 45
177 295 42
212 119 9
422 310 28
428 389 32
353 346 38
334 2 26
363 392 29
437 349 21
435 221 47
146 351 9
151 430 4
203 166 22
72 335 23
144 78 11
52 312 29
155 369 6
415 168 6
299 323 34
167 198 15
385 389 22
220 109 24
228 307 39
266 258 42
360 304 49
144 29 3
311 354 3
157 416 9
354 329 35
234 194 30
76 324 22
353 57 41
312 161 9
237 339 32
365 235 27
92 413 38
426 231 13
323 166 22
328 16 46
68 325 42
193 246 11
127 255 38
336 215 7
293 36 42
180 278 35
11 295 28
258 403 22
414 187 14
17 195 43
105 292 26
202 207 10
301 48 24
310 370 48
200 419 5
345 101 34
28 368 34
436 363 22
305 290 2
421 244 1
396 273 44
65 84 4
136 399 6
382 406 27
330 177 12
420 273 23
93 196 47
112 184 14
76 293 13
82 349 30
64 88 48
329 172 25
29 82 41
25 274 35
377 250 6
191 178 39
5 40 27
418 352 19
92 97 9
48 244 50
414 359 27
350 297 30
55 403 46
402 122 20
39 221 39
137 210 41
174 318 42
208 90 2
18 346 14
433 372 37
274 345 34
172 279 28
319 118 10
264 89 47
72 113 1
236 340 29
348 30 4
238 369 4
386 282 22
114 252 22
239 39 46
72 433 48
226 408 5
386 85 11
56 267 5
251 272 40
153 250 18
39 363 1
120 1 11
348 365 10
98 70 30
308 151 5
93 125 5
191 423 31
232 285 6
379 119 30
82 97 50
373 59 7
122 194 27
31 430 3
266 71 45
154 391 18
410 304 29
111 14 28
173 155 29
35 230 23
25 284 44
105 65 45
273 428 45
404 148 19
213 152 13
132 191 44
251 164 36
43 35 45
293 245 26
431 173 38
212 423 37
53 403 25
363 334 19
374 311 46
272 18 28
396 308 4
248 359 30
351 161 26
166 336 30
271 231 28
279 105 35
280 6 24
282 288 39
126 283 39
204 85 8
172 56 19
280 329 32
240 16 5
93 377 46
274 190 29
398 27 46
369 429 24
242 403 37
28 278 21
212 307 16
406 363 3
361 154 37
282 120 14
161 120 30
251 197 28
290 41 9
352 6 34
80 437 45
401 27 40
167 51 44
291 262 2
174 277 25
74 146 37
326 263 24
429 269 37
53 258 18
141 384 18
409 87 4
419 204 41
124 144 15
27 129 44
166 435 22
258 211 40
369 120 10
154 136 35
199 191 49
264 39 34
65 99 6
239 220 14
317 66 28
437 125 41
230 313 19
46 218 7
375 93 29
294 204 28
11 45 7
318 417 6
43 275 47
385 316 45
67 422 34
9 261 39
327 99 39
114 182 31
166 28 13
122 377 46
4 437 9
247 343 48
357 317 13
435 178 44
289 328 11
400 336 4
267 174 8
11 338 45
19 392 10
208 213 9
76 36 15
335 46 4
292 262 48
109 202 17
338 271 22
416 327 16
159 344 19
315 379 42
43 334 13
291 292 40
336 288 8
86 334 46
414 224 4
292 159 2
177 25 31
238 407 18
106 118 43
347 239 20
320 347 48
280 11 50
337 373 50
180 416 35
206 293 30
5 251 44
109 117 9
185 219 16
330 166 16
2 418 11
68 79 47
358 223 49
142 8 3
288 103 42
432 368 23
424 244 37
163 277 29
107 193 50
260 420 8
307 67 32
269 300 18
357 180 7
140 359 16
31 424 29
273 146 22
304 160 46
369 383 1
373 366 30
431 255 2
194 357 35
142 197 8
299 23 42
343 121 25
7 185 15
244 87 49
374 365 11
361 266 16
166 349 48
307 300 34
427 366 18
330 100 25
390 230 48
50 383 5
349 25 33
51 89 47
330 281 39
368 34 22
422 93 3
138 150 2
6 243 13
197 180 31
306 140 8
420 298 40
329 256 20
402 205 36
90 153 41
52 279 11
185 130 42
239 434 48
398 433 47
50 411 40
314 228 8
242 19 33
383 20 19
223 34 30
154 297 29
104 115 48
91 42 5
264 102 18
126 96 29
247 134 45
220 203 19
48 384 12
419 396 33
213 271 23
255 25 8
236 435 47
416 20 14
51 420 6
42 105 48
28 336 1
7 265 30
33 37 2
172 42 13
239 106 47
274 415 45
118 119 26
316 358 10
4 231 9
412 254 50
67 324 10
303 261 17
124 228 9
103 119 31
218 405 30
114 86 1
75 244 21
431 395 7
190 32 48
220 337 46
91 36 41
78 416 25
383 70 23
172 275 39
101 59 30
12 49 44
209 247 26
376 272 16
213 403 9
168 36 43
222 332 41
325 331 32
94 354 47
127 380 14
389 342 10
232 353 7
2 342 20
106 219 9
361 178 17
35 71 21
59 105 31
66 84 16
357 210 20
139 88 41
387 150 22
92 380 30
253 199 47
176 33 1
202 340 40
318 377 26
328 218 44
185 211 43
38 91 26
39 183 35
339 295 49
38 78 11
363 16 18
339 429 15
192 28 10
352 164 31
139 259 21
292 60 25
412 405 20
14 428 18
429 278 32
100 75 15
355 233 3
164 432 18
376 422 9
44 65 6
357 124 13
124 55 15
30 362 20
208 401 5
146 34 18
312 15 23
79 210 19
134 26 5
338 391 31
382 298 38
392 415 38
269 212 26
429 54 44
203 291 40
84 63 8
222 280 49
89 98 44
315 80 12
49 143 10
138 212 30
73 339 31
403 433 44
184 413 48
129 218 44
325 219 39
86 136 46
266 330 44
341 290 13
252 133 23
103 414 8
223 52 48
113 393 41
190 369 2
387 157 43
156 283 15
357 382 39
437 391 25
322 397 13
386 52 38
186 45 11
361 226 36
397 328 47
136 413 29
81 311 2
318 83 16
269 287 49
430 436 11
343 335 35
6 252 32
40 70 39
321 7 31
203 86 46
34 424 19
351 248 19
118 315 19
113 103 15
308 432 12
424 23 30
377 327 4
227 19 35
29 79 28
329 268 2
376 206 42
87 227 10
12 212 45
245 76 27
82 386 10
244 179 11
217 212 42
108 263 16
415 33 27
229 364 26
83 13 9
71 340 8
252 389 18
298 184 11
301 188 8
250 323 25
334 67 22
358 140 38
431 181 11
170 390 15
427 361 26
420 11 26
392 12 26
418 300 45
23 84 31
297 255 34
252 311 29
395 3 13
373 413 33
423 137 11
94 166 29
310 18 32
215 302 28
129 351 12
191 289 16
161 152 12
216 74 44
84 354 50
246 169 4
255 326 17
231 390 40
65 430 34
364 226 19
18 45 50
347 268 28
397 228 30
304 222 26
241 344 13
162 357 22
15 261 3
341 351 42
131 218 2
263 76 35
16 191 25
203 423 26
204 44 45
58 350 43
175 276 44
260 368 34
97 155 27
32 60 26
430 155 17
249 119 36
265 306 14
59 177 36
202 59 6
162 112 2
3 185 16
341 347 1
39 391 3
42 275 14
397 194 1
184 354 30
154 165 25
233 321 12
129 207 25
309 349 46
131 269 38
220 233 31
66 420 30
158 55 38
72 422 44
45 34 47
315 29 45
408 279 48
7 9 32
393 66 1
309 57 15
200 325 18
241 313 20
336 243 37
183 201 45
184 67 4
172 271 42
409 285 8
5 61 35
269 225 22
198 162 48
408 267 4
162 325 4
419 235 41
3 389 49
412 384 8
257 311 50
193 159 35
78 327 6
220 285 34
137 81 15
273 310 35
179 402 40
79 70 35
53 317 18
385 264 10
369 87 18
5 24 43
3 305 13
185 314 3
181 41 11
429 62 27
70 209 4
164 379 4
210 44 19
303 222 10
393 252 43
104 367 27
13 300 17
313 424 11
270 175 32
195 118 50
403 203 4
306 378 45
324 397 4
403 262 43
399 359 30
102 358 23
415 112 22
52 34 7
427 410 48
244 71 37
76 82 36
339 94 17
366 376 37
394 50 4
406 208 16
132 27 1
379 151 29
213 392 19
35 95 47
285 147 2
306 99 48
363 370 26
143 415 43
206 258 49
112 27 11
154 10 42
188 350 43
108 1 49
398 244 41
124 303 31
221 52 10
333 57 9
205 114 4
370 377 3
293 57 20
420 127 31
435 54 36
71 387 12
87 129 15
305 140 13
311 417 43
247 351 3
56 191 3
181 269 40
127 249 4
431 178 47
224 358 29
193 325 37
301 90 29
131 85 21
87 222 42
199 3 50
143 164 23
189 82 38
2 319 47
166 24 38
230 139 43
130 53 4
19 391 17
361 67 42
218 5 15
327 397 49
48 19 7
314 188 30
260 193 2
5 76 37
415 218 26
380 368 39
315 219 45
33 4 7
274 38 40
210 306 45
229 19 25
159 123 44
228 105 21
198 173 31
116 276 35
29 149 44
126 215 38
28 47 11
363 80 4
254 269 2
174 53 33
111 152 27
324 406 14
240 379 27
388 102 4
206 230 28
136 378 24
205 215 22
138 319 8
51 266 31
231 302 25
267 3 37
69 156 24
296 266 31
66 312 14
264 328 22
216 250 11
101 403 3
151 33 47
95 311 18
186 150 40
124 290 46
9 239 39
221 301 11
324 420 23
257 120 27
239 376 41
263 243 18
150 380 8
100 413 23
60 429 13
52 299 28
149 139 21
360 54 39
266 49 39
267 32 42
333 328 13
115 236 4
155 349 18
75 284 19
126 269 38
276 303 20
165 182 4
103 343 45
385 3 34
129 217 49
134 109 4
130 305 10
260 301 32
340 371 8
295 9 3
110 167 17
233 398 30
189 297 20
200 84 49
271 239 2
176 72 9
349 145 10
27 282 7
178 433 7
167 358 45
244 151 10
351 423 1
67 239 29
69 332 50
26 211 35
72 340 41
268 56 42
376 155 35
411 139 21
271 300 31
251 2 4
435 410 40
419 239 11
154 382 4
147 332 24
88 182 44
311 349 10
110 78 7
63 131 1
419 98 33
299 249 39
169 410 31
410 223 40
299 276 16
122 317 24
429 59 49
24 266 39
334 365 7
179 285 45
195 307 29
222 90 7
288 200 2
13 171 29
414 47 40
250 184 44
113 383 22
232 400 17
351 407 39
282 94 36
124 315 14
3 349 43
288 366 3
319 203 37
70 122 35
61 64 39
340 337 46
417 287 28
304 258 7
310 76 5
208 317 9
426 343 5
74 340 10
353 265 30
116 200 41
271 343 2
421 366 45
410 356 22
258 203 7
398 394 18
23 164 23
420 303 46
222 367 39
191 206 50
188 306 35
372 427 29
265 133 34
106 135 21
363 314 30
240 53 32
72 118 41
125 86 22
310 381 23
361 246 32
84 289 50
410 437 47
299 354 14
276 411 31
140 86 3
245 336 43
256 32 17
143 405 41
242 396 39
41 69 13
81 100 37
166 265 44
300 104 34
289 129 45
239 71 19
437 103 20
417 189 40
104 89 20
72 329 49
220 305 36
379 21 11
313 261 41
151 343 13
314 372 35
429 122 10
25 268 39
178 426 14
28 190 26
126 259 22
418 13 48
145 43 9
271 242 35
122 304 28
14 337 5
115 417 22
170 298 3
69 392 6
36 227 8
390 155 13
105 362 12
57 243 9
92 213 15
131 244 4
66 238 2
189 203 29
367 403 22
277 433 1
118 56 10
184 127 40
406 148 46
323 85 34
154 423 14
134 2 26
322 38 25
74 194 22
176 42 14
397 131 15
24 409 3
267 83 43
265 320 29
384 363 27
300 343 28
74 64 32
45 142 18
67 356 28
171 2 43
395 100 14
228 292 3
231 224 22
388 379 48
134 326 10
99 50 16
390 213 10
182 141 46
129 342 16
403 188 48
137 29 18
425 85 19
283 1 30
175 135 6
227 332 21
337 45 15
274 8 8
63 423 47
3 321 40
72 274 11
307 205 22
264 241 11
299 167 1
377 232 26
291 418 8
100 156 38
295 196 2
292 290 23
416 25 26
374 80 40
224 304 29
254 430 10
136 185 17
281 299 31
324 174 1
405 18 19
262 74 42
289 338 31
141 152 17
302 127 3
432 101 16
352 236 35
33 197 32
382 236 32
132 339 17
257 38 18
120 208 43
250 152 29
277 290 41
38 256 13
317 246 12
323 167 5
294 16 4
126 239 28
55 337 22
402 169 24
290 48 10
242 294 14
192 164 50
91 121 3
349 163 27
24 393 43
415 315 6
95 383 1
202 24 8
243 71 10
80 32 12
170 16 7
60 200 14
125 164 29
114 135 7
332 310 6
208 227 28
337 307 23
430 391 33
372 228 43
347 16 24
193 120 27
179 129 20
87 194 9
212 407 42
118 140 35
321 152 15
234 9 13
240 350 21
418 408 25
55 194 19
338 83 3
233 170 40
155 142 50
366 74 12
372 11 25
86 377 10
119 325 40
68 290 26
67 111 3
23 11 45
202 74 34
220 57 6
167 350 1
229 233 21
334 180 36
334 351 31
124 155 33
44 424 49
351 412 16
19 314 9
155 307 34
343 236 36
85 13 21
223 191 46
246 354 33
26 358 42
201 310 40
59 75 28
59 170 4
317 74 22
41 436 39
64 55 8
73 436 34
240 358 44
300 59 1
275 279 7
60 277 2
289 332 39
403 306 17
126 129 26
276 373 1
274 288 7
277 31 48
64 89 8
387 104 35
320 103 25
84 180 49
113 298 11
335 152 36
346 207 44
97 129 9
177 280 34
362 290 28
383 193 45
51 83 47
80 205 47
373 433 20
414 207 29
137 323 25
229 160 19
363 113 37
190 308 5
437 396 49
2 264 36
85 325 42
74 152 35
113 122 16
309 4 15
395 392 48
54 137 40
155 238 27
373 311 30
321 173 38
96 376 46
323 233 21
430 279 25
30 236 16
159 230 8
74 211 8
205 330 30
219 324 23
22 40 50
201 48 48
89 187 40
397 420 2
36 429 38
314 251 39
82 343 19
335 308 26
9 433 21
62 345 38
215 402 33
328 428 16
79 198 5
217 373 9
43 336 26
321 123 34
402 417 14
137 121 18
331 209 13
376 97 31
68 331 6
240 42 39
338 400 17
264 52 40
295 268 27
42 197 49
23 349 28
401 318 12
417 80 40
108 153 37
86 432 8
340 372 23
84 31 30
412 288 4
189 373 6
29 343 41
288 280 13
394 88 33
162 424 23
297 228 33
145 97 6
240 269 3
153 388 41
266 170 49
163 67 20
418 280 25
147 169 40
3 422 26
381 32 36
150 126 47
169 92 23
318 250 17
237 134 7
74 156 1
91 419 3
384 88 39
13 237 14
353 10 50
45 30 24
52 99 29
92 412 2
287 324 43
430 48 26
381 193 41
88 392 28
174 40 5
301 254 20
48 415 13
202 364 48
175 249 43
406 32 38
360 139 11
251 295 40
226 177 13
176 57 18
378 81 29
75 390 37
357 276 32
336 125 39
4 13 18
244 74 19
425 36 39
34 434 25
119 73 8
5 285 4
255 411 24
240 24 39
402 165 31
310 297 8
327 289 13
97 137 11
49 301 46
220 181 41
147 172 8
105 259 24
413 246 31
17 215 19
226 168 29
431 374 12
386 229 45
349 4 17
224 243 31
415 134 46
57 26 34
75 127 12
49 181 3
14 326 16
162 213 38
241 190 38
335 132 50
377 302 36
296 103 20
361 1 39
78 409 47
271 146 24
44 320 23
94 46 46
105 379 16
252 321 45
387 417 40
245 256 17
217 266 5
97 214 20
179 403 27
133 60 36
24 163 22
211 405 37
184 292 4
196 227 31
99 250 45
153 401 17
143 19 23
55 318 40
233 80 46
44 223 30
24 329 27
211 85 38
240 378 23
351 324 8
202 427 50
52 300 5
191 350 8
164 226 24
358 171 35
304 256 33
415 290 8
371 213 4
188 252 45
304 229 26
384 160 8
172 405 34
12 362 50
209 26 28
319 208 3
255 221 35
92 201 8
347 57 19
214 26 1
101 92 1
316 302 22
58 385 36
262 114 31
236 192 12
159 209 29
108 226 35
119 227 42
205 97 10
324 344 17
89 17 40
283 176 26
347 131 45
146 371 9
428 56 5
229 102 26
426 334 47
334 296 44
19 419 21
150 271 35
7 12 43
264 48 25
179 337 43
60 190 48
59 124 37
155 81 5
169 37 16
311 326 6
47 44 14
48 254 26
424 164 8
67 191 4
170 313 32
9 96 42
404 253 6
387 161 43
273 247 48
86 52 42
46 347 25
19 4 35
365 356 40
139 364 21
361 341 46
267 86 50
55 100 37
299 316 34
351 159 1
311 274 10
199 159 45
13 67 34
323 194 21
321 266 41
379 393 3
147 119 17
350 170 4
273 316 41
129 319 2
36 214 14
189 140 34
406 46 14
146 70 41
173 146 1
59 21 4
193 5 27
249 384 13
366 229 25
255 48 6
200 287 32
156 391 2
384 35 6
342 238 23
224 361 3
326 57 48
307 437 14
319 268 3
393 357 9
46 249 10
258 379 23
162 428 40
193 74 43
377 8 50
218 49 18
14 311 11
142 11 33
232 390 47
237 355 36
410 275 49
291 123 4
433 279 43
339 149 35
326 344 3
143 186 29
259 327 31
359 149 23
323 43 35
435 331 45
135 196 2
250 333 8
269 414 35
75 322 31
232 360 13
86 316 7
233 240 26
305 48 2
290 368 6
371 73 11
421 7 38
283 434 44
324 168 39
373 51 49
301 363 6
31 33 4
78 432 38
301 41 8
185 260 30
405 47 13
121 222 25
271 60 2
207 117 8
199 152 46
381 169 11
120 371 17
170 281 10
115 27 49
168 360 10
129 92 43
284 339 38
177 196 9
404 79 25
223 149 48
222 328 44
257 260 18
199 260 29
435 359 48
119 201 12
120 403 25
394 112 22
411 304 9
253 310 44
357 380 44
32 61 13
268 111 23
343 223 46
99 64 11
100 15 21
292 282 2
271 184 41
409 154 14
196 434 9
365 291 22
306 9 9
284 167 8
318 304 44
129 15 30
357 142 41
74 171 7
54 121 28
77 73 23
157 66 6
372 303 9
256 79 25
213 358 28
322 298 8
139 120 50
411 75 5
202 191 34
15 306 8
404 29 28
200 409 1
388 90 36
41 293 37
113 311 2
172 8 32
286 373 29
412 302 18
194 340 18
277 63 12
325 387 15
347 60 11
72 13 18
36 202 24
83 198 49
203 165 9
429 110 23
163 39 25
431 117 36
41 258 19
155 269 46
199 362 9
183 389 42
374 14 31
369 239 48
37 372 6
275 51 45
146 10 34
91 14 44
307 305 28
413 203 4
370 222 4
60 12 26
191 148 26
3 361 45
80 206 23
233 243 50
152 194 38
226 399 18
234 362 21
128 43 25
154 372 14
192 79 42
213 10 45
109 314 49
242 6 40
79 208 40
370 145 15
303 330 31
98 344 50
139 262 50
6 228 1
198 128 36
293 74 49
258 326 42
314 31 31
328 144 10
365 318 32
147 188 31
299 312 41
36 98 38
8 330 2
94 174 24
100 197 23
422 372 17
122 371 7
413 433 10
193 224 17
332 373 12
196 391 27
266 304 22
15 436 25
362 341 1
205 78 38
179 80 12
272 168 9
267 322 39
236 239 39
399 340 33
161 128 34
205 61 10
165 98 42
258 413 36
160 209 25
79 433 20
254 20 11
182 408 13
224 252 48
131 51 17
14 390 31
68 85 22
229 234 31
114 237 30
261 254 22
50 416 19
207 116 35
373 383 32
125 100 45
122 323 39
314 279 35
395 4 16
112 88 13
320 68 35
366 268 4
388 427 17
258 389 42
125 418 48
95 423 12
129 102 47
290 329 7
110 241 12
303 304 30
178 314 45
303 152 34
109 222 32
140 90 26
206 406 26
8 216 19
169 411 19
351 413 13
352 57 50
228 112 39
151 205 19
377 304 9
344 395 25
95 42 26
325 189 39
160 148 42
352 299 14
403 126 23
299 409 10
419 293 2
131 392 27
419 258 1
384 182 25
295 189 29
166 2 42
38 159 3
136 369 9
325 238 17
300 20 10
246 166 31
210 373 39
204 91 3
215 385 46
130 316 41
316 279 32
308 143 16
269 368 9
410 323 18
110 381 42
108 10 11
254 336 31
170 35 17
385 26 47
365 427 24
8 375 14
305 309 38
372 431 8
365 201 44
314 197 9
117 306 20
17 218 32
74 251 44
122 53 25
270 289 48
176 386 5
184 319 44
320 73 39
310 163 24
416 86 42
1 57 12
116 419 5
196 269 8
366 188 29
187 97 2
144 222 46
320 213 17
13 365 22
240 275 47
71 74 12
357 284 7
342 158 33
220 249 39
102 183 24
160 330 27
69 348 41
185 406 4
390 263 25
368 67 18
61 140 7
270 12 44
190 41 35
372 210 1
67 284 50
203 264 5
140 74 25
189 238 27
405 191 28
336 138 10
271 217 29
45 263 31
166 85 18
281 219 41
240 143 19
178 156 45
236 395 43
289 192 28
116 65 3
282 404 1
133 186 15
74 272 18
259 347 33
350 391 37
11 243 3
161 355 1
291 131 15
305 165 3
18 382 14
387 176 2
334 153 40
430 122 13
164 224 49
4 333 33
22 261 12
204 275 30
375 107 44
137 125 9
316 117 38
348 354 24
143 381 23
141 38 4
285 47 45
324 49 11
297 110 24
270 269 15
400 316 13
143 3 19
312 101 19
184 315 32
355 197 6
154 366 14
262 242 13
116 124 41
70 160 42
430 258 19
299 250 43
42 232 4
258 104 26
162 44 14
229 425 48
13 349 10
376 150 4
11 265 28
347 161 21
337 238 35
419 85 14
85 427 1
26 158 35
76 140 10
302 421 1
67 118 7
201 21 4
24 390 6
345 98 31
26 393 45
94 188 14
277 237 9
278 410 2
135 25 26
21 342 42
380 187 7
171 388 3
132 26 21
158 320 43
269 90 5
35 426 47
267 129 43
306 329 43
177 217 21
329 272 27
330 184 4
316 308 29
17 217 20
197 303 37
416 5 48
33 330 6
203 404 46
84 398 38
215 181 48
283 401 34
412 31 33
239 228 14
375 144 42
352 111 18
84 81 13
350 282 39
282 53 47
20 295 29
312 163 26
321 227 46
318 263 1
357 292 48
53 101 2
13 47 10
108 236 33
369 412 12
113 423 22
303 78 17
436 174 6
329 154 7
182 199 29
156 187 50
22 380 9
86 121 9
330 250 19
338 324 4
287 114 2
434 424 31
381 393 11
354 156 9
263 277 44
389 122 23
200 223 2
324 108 2
243 428 38
326 136 13
355 373 23
172 390 41
229 426 35
259 418 38
356 21 39
162 28 19
63 390 47
57 4 13
73 381 25
113 241 36
121 376 38
51 141 45
245 113 19
331 284 31
352 28 1
48 220 38
246 174 14
144 429 13
69 274 8
276 25 34
106 9 39
170 47 16
387 15 9
223 54 23
400 136 30
9 303 42
27 29 22
34 92 11
353 23 19
204 375 14
346 286 14
23 287 26
211 45 31
159 267 21
310 215 5
113 305 12
162 353 3
26 175 21
155 294 21
375 31 46
208 272 33
73 261 35
297 200 6
171 56 4
349 303 43
105 142 15
401 383 35
70 144 27
81 105 44
80 91 39
251 83 43
381 379 14
40 126 44
424 67 38
383 69 26
231 211 27
428 186 21
225 29 14
412 227 46
99 44 19
212 377 24
294 211 25
204 420 17
64 310 3
212 1 5
281 151 31
299 66 11
315 125 2
68 127 35
209 296 31
192 339 28
17 170 22
194 363 24
198 201 4
119 346 28
268 403 10
250 146 28
81 286 31
381 257 17
8 89 42
166 74 25
146 252 36
390 218 23
55 218 6
399 375 12
185 213 36
265 301 28
435 15 13
317 33 37
75 384 21
67 215 36
185 268 23
385 105 26
132 348 28
389 270 43
411 400 50
257 386 31
244 335 10
261 288 31
28 37 14
268 266 32
155 14 4
277 320 42
237 224 42
397 387 37
334 140 40
405 238 35
104 261 44
241 131 22
212 172 28
227 16 43
381 223 14
256 306 6
50 281 39
191 231 46
388 214 35
351 432 46
214 208 3
236 16 33
352 340 24
176 419 5
90 312 23
269 256 49
404 259 38
198 88 8
391 96 14
129 247 7
183 395 17
205 57 47
100 96 20
288 275 36
144 319 3
373 103 45
373 57 37
91 435 50
1 66 1
348 394 43
288 234 29
45 106 29
4 425 32
313 140 43
75 6 47
148 6 36
143 319 12
41 68 41
13 165 43
363 373 38
89 140 32
263 152 50
63 436 32
386 46 1
54 305 17
253 397 25
189 15 2
282 351 3
277 386 31
383 81 25
24 434 38
380 119 15
434 298 9
243 102 22
179 323 14
204 348 40
294 47 9
390 305 12
227 102 34
156 70 12
152 356 49
26 200 20
186 386 18
374 164 26
163 120 29
384 283 48
183 93 49
251 99 46
205 349 13
148 139 27
120 357 9
348 159 15
92 122 47
92 153 15
381 167 14
117 103 4
27 62 2
150 187 1
102 156 38
350 225 49
323 307 30
114 209 50
140 281 10
430 379 15
206 70 2
22 237 34
33 171 41
187 137 43
378 284 48
312 430 13
74 185 35
145 364 30
429 70 28
204 207 39
32 145 47
152 170 42
103 62 30
25 324 36
425 402 26
118 296 35
127 314 22
296 153 9
9 48 25
318 89 27
181 273 26
43 367 18
205 25 18
385 255 23
432 111 13
195 369 26
190 417 5
336 383 38
236 125 9
25 337 24
366 11 5
165 272 30
72 20 9
235 221 37
116 363 14
210 196 42
167 213 34
100 435 46
380 385 35
422 285 45
123 435 11
416 241 29
215 253 21
258 336 34
135 350 45
330 256 3
268 96 35
201 290 24
124 279 22
24 211 30
435 227 31
