482 20 9
45
15
48
19
23
16
27
15
41
1
30
33
1
19
20
33
5
35
15
8
31
30
23
4
3
37
7
46
1
39
3
29
36
32
8
30
13
4
35
48
6
16
26
41
49
13
40
25
47
39
49
28
14
24
3
26
13
32
17
5
34
23
2
42
26
27
50
39
9
49
21
38
5
16
9
8
26
46
2
19
13
30
10
46
29
37
40
22
34
35
4
10
33
1
21
42
36
31
5
42
5
22
23
37
23
49
37
21
37
3
38
48
49
19
17
45
47
49
34
22
48
11
43
48
15
3
42
1
46
43
8
36
26
31
39
25
4
11
41
30
13
26
30
49
34
41
11
17
32
19
2
50
10
34
21
43
7
32
24
12
36
8
26
19
11
49
8
10
12
28
18
49
23
26
49
15
17
7
35
34
36
16
36
26
24
9
9
40
25
9
36
33
46
44
43
31
48
23
42
28
8
17
47
41
4
27
41
37
8
36
47
23
5
33
18
37
9
38
43
9
48
40
23
35
20
5
31
22
43
35
22
32
9
45
45
39
12
41
38
33
23
47
39
25
43
24
9
2
24
1
36
45
37
48
3
25
47
29
23
19
8
22
20
32
21
9
13
33
30
46
47
25
41
26
7
12
13
46
6
35
34
42
21
46
44
40
39
23
46
1
31
15
34
43
17
2
3
28
41
33
13
17
12
25
12
11
25
15
28
22
46
29
6
27
35
45
30
40
26
40
29
3
8
45
4
45
46
38
50
43
47
13
1
29
31
7
10
5
16
9
38
28
50
40
8
26
47
22
4
46
32
18
14
49
34
14
9
16
37
25
50
16
26
33
24
26
20
37
2
15
47
12
2
47
9
48
50
49
10
11
40
3
33
30
16
3
17
50
5
31
9
37
37
28
39
40
13
42
26
17
16
33
9
39
38
3
38
37
20
48
26
25
22
11
46
9
48
36
9
10
30
36
32
49
5
40
25
34
10
41
5
35
2
16
26
50
6
38
30
34
32
17
28
27
28
9
49
31
11
32
25
50
4
11
45
8
35
25
6
8
8
23
41
30
2
14
45
15
7
7
28
12
15
31
48
19
36
6
20
43
7
49
299 6 22
320 102 30
89 328 15
106 382 40
120 46 1
274 42 7
59 428 21
374 57 47
401 234 37
462 5 25
258 288 28
265 414 44
40 456 12
186 154 8
19 195 29
349 291 45
146 365 23
156 140 2
25 285 15
233 214 14
