614 3000 70
70
21
3
27
9
29
24
23
2
35
18
6
48
3
41
24
37
49
44
20
43
40
26
3
10
14
7
17
6
42
16
15
40
28
47
5
27
33
7
3
21
26
47
7
12
15
13
14
14
20
49
40
45
50
48
46
22
33
37
28
2
37
39
21
17
50
32
37
36
22
6
22
22
16
43
31
27
6
13
35
39
1
42
36
43
39
40
49
8
2
33
22
39
47
15
36
33
50
30
25
2
4
44
49
41
38
8
43
41
32
6
27
33
47
21
29
6
13
30
9
12
40
11
19
2
8
11
4
42
35
4
29
26
11
37
5
29
28
27
15
35
21
44
38
25
30
32
20
33
4
18
36
6
17
28
6
49
39
43
17
5
19
10
3
28
19
9
32
49
20
48
43
7
9
42
18
1
41
9
9
44
35
9
46
8
44
16
49
50
43
23
23
30
20
2
2
46
2
21
14
14
5
30
10
26
12
40
29
30
43
41
33
25
43
45
27
15
18
7
16
47
12
31
21
19
13
45
13
41
48
15
14
39
17
45
47
34
6
5
11
5
22
46
44
20
34
31
9
9
25
28
2
26
22
9
10
48
9
21
11
30
24
38
23
7
7
22
41
33
1
9
30
14
36
39
30
16
8
37
39
2
7
6
44
14
46
47
22
23
44
28
14
11
48
21
30
14
36
34
25
7
40
14
11
20
34
48
11
44
22
26
24
11
26
37
24
23
7
50
17
17
43
13
1
6
35
29
7
35
10
32
39
41
39
35
42
8
48
8
38
9
35
49
31
46
38
39
20
15
30
7
38
8
38
20
47
24
37
21
15
28
33
26
4
48
25
42
9
24
12
30
24
34
26
29
40
21
5
18
6
25
41
31
36
2
35
16
48
21
48
43
3
12
39
30
49
1
3
43
39
29
39
50
38
37
50
21
34
38
30
40
1
42
50
19
23
35
18
26
8
9
26
15
16
6
30
18
40
11
26
5
27
17
39
8
47
40
47
45
22
22
3
33
12
49
6
24
13
25
21
20
27
50
23
28
43
30
47
5
29
7
7
18
28
41
20
30
33
25
37
3
42
34
29
40
48
50
15
39
32
7
29
42
4
37
46
15
28
21
1
16
12
3
37
42
48
36
35
39
31
8
33
32
40
47
35
36
30
15
21
49
18
47
3
13
13
41
15
38
50
6
18
3
46
32
22
20
3
42
44
12
5
25
27
42
45
17
7
39
12
25
26
42
19
4
8
29
34
9
14
22
46
17
49
13
7
24
47
43
37
47
35
40
8
24
36
34
49
13
23
32
32
23
24
7
36
27
16
7
42
13
6
29
15
50
32
5
35
4
10
21
26
16
26
34
13
38
45
23
9
46
35
19
21
42
26
24
13
44
25
40
3
16
5
353 6 35
143 352 10
442 97 3
250 4 50
327 191 31
157 569 19
383 305 12
165 170 40
197 124 16
364 5 40
296 439 7
32 142 27
536 406 35
143 165 38
275 34 34
492 208 46
442 608 13
546 26 29
263 80 47
267 270 42
46 173 10
212 25 11
350 486 17
519 283 15
382 8 1
443 168 3
298 232 18
279 308 30
584 550 43
200 601 13
402 188 26
72 503 5
283 105 33
545 494 29
84 354 19
33 476 32
353 303 30
415 273 41
478 398 20
468 195 41
4 602 22
486 590 36
574 205 12
534 366 8
490 453 50
284 462 42
581 2 46
421 146 39
199 333 7
339 219 46
193 36 11
497 341 11
413 34 46
514 518 49
606 306 5
585 234 49
439 572 28
267 175 28
492 322 36
502 492 12
150 433 42
473 171 50
22 50 46
278 321 34
604 338 11
372 267 11
85 383 14
185 557 8
443 311 7
422 376 22
106 285 49
597 2 42
166 490 15
495 358 6
113 517 2
464 455 17
35 273 23
355 611 23
413 577 14
372 183 18
378 367 1
86 156 27
323 173 24
41 62 12
502 147 37
468 238 48
427 525 17
609 81 13
551 409 21
91 45 45
516 382 26
341 302 40
35 5 6
394 158 21
148 186 41
476 585 46
362 78 34
485 97 21
272 554 20
242 49 27
107 394 41
28 40 12
220 523 36
566 567 24
323 194 22
169 248 47
476 294 29
425 444 5
82 364 13
97 192 22
456 403 40
381 577 7
28 313 16
540 455 26
310 182 14
359 513 15
255 149 24
199 497 12
38 488 42
97 238 44
140 332 33
555 212 50
593 261 22
57 507 17
598 162 2
51 564 6
200 525 40
565 10 6
418 499 48
284 305 2
198 391 2
584 226 41
185 542 39
480 254 12
123 427 22
180 595 7
388 471 6
556 203 29
290 106 19
299 351 44
159 329 34
58 79 6
409 57 28
334 114 24
400 268 35
417 526 18
8 391 32
340 460 19
4 174 13
182 334 28
97 264 36
338 475 45
561 136 19
321 410 15
88 177 30
423 304 21
520 57 14
249 449 6
431 503 17
210 207 28
281 230 26
466 164 5
264 213 5
408 29 37
277 39 32
280 46 35
420 578 11
458 462 31
322 357 34
8 611 1
233 198 15
26 249 5
581 503 11
64 442 1
28 204 8
412 459 1
373 522 7
569 290 10
369 442 45
38 362 30
74 490 2
420 510 50
45 430 10
4 405 25
271 278 7
590 562 9
44 383 45
477 255 32
264 349 50
122 569 30
117 549 1
456 240 26
153 443 44
546 205 32
227 474 32
423 321 16
527 51 16
74 545 28
564 560 50
466 157 21
443 194 50
99 487 38
455 217 45
611 557 2
462 57 41
455 350 47
320 289 10
343 602 47
547 167 25
527 126 16
466 376 25
200 577 4
206 324 17
282 159 27
236 392 13
302 540 30
457 277 38
139 177 10
504 282 12
166 160 24
430 296 34
575 405 38
38 404 47
361 178 3
371 209 4
248 1 48
537 222 11
7 196 43
205 238 11
460 69 19
529 303 44
122 95 29
579 449 41
63 345 10
523 590 39
201 242 31
500 378 3
430 578 24
162 277 2
39 62 31
275 606 22
583 352 24
68 268 7
93 185 13
203 573 7
138 609 10
367 140 49
276 361 6
377 7 40
198 484 42
152 458 5
607 309 24
613 268 10
16 334 43
146 138 43
132 451 5
138 546 8
294 573 35
341 237 5
64 433 1
233 259 7
407 466 29
410 589 44
1 240 29
567 80 6
516 344 50
106 236 5
446 160 3
341 238 45
541 531 41
498 475 9
153 500 11
228 219 22
96 491 22
410 152 4
104 209 32
341 56 15
59 397 29
459 57 5
171 99 19
236 424 38
76 264 35
424 155 9
109 514 15
279 613 28
230 325 8
190 136 8
320 558 44
163 580 17
510 586 22
89 548 16
531 274 19
54 478 39
147 517 1
54 572 27
22 29 29
585 406 3
309 385 30
126 384 47
534 172 9
73 143 6
143 198 9
337 500 23
393 429 5
514 384 29
129 266 10
222 496 36
23 133 24
117 285 9
92 351 1
176 380 11
172 132 3
518 19 15
564 493 37
280 365 17
475 598 18
304 527 10
320 225 28
59 378 45
28 67 45
351 201 32
187 326 31
486 272 25
213 234 12
267 390 12
585 257 20
22 581 33
353 449 46
116 313 31
236 94 16
316 341 34
604 585 25
102 519 11
92 612 33
158 269 6
515 72 8
539 462 33
177 119 10
263 6 25
577 477 8
426 168 25
414 239 46
542 610 13
474 553 6
391 404 13
330 18 25
93 484 44
551 458 9
445 165 50
83 446 37
84 67 39
356 300 33
174 251 35
22 192 8
497 249 27
93 251 1
605 31 25
330 436 45
92 559 6
469 572 17
374 457 23
503 540 48
516 295 4
174 451 14
519 307 33
391 178 12
548 331 13
420 352 50
383 177 22
160 194 30
266 89 6
274 10 6
9 492 24
325 578 39
289 392 50
194 115 9
397 493 18
370 432 8
48 6 9
75 211 48
240 564 4
465 409 2
44 248 19
457 516 29
580 391 23
400 35 22
90 41 7
412 216 35
572 559 17
457 405 21
309 70 27
70 518 38
196 226 36
35 397 37
384 162 41
491 601 13
572 189 26
176 453 23
327 381 47
164 110 35
85 503 47
218 246 7
462 149 4
39 458 3
444 480 37
115 480 1
345 184 9
3 150 28
487 234 8
562 132 3
10 498 12
117 52 2
106 151 10
162 496 28
386 459 22
70 345 18
174 115 14
423 216 24
544 160 18
426 461 21
508 408 12
470 398 13
250 93 23
40 555 27
259 577 14
24 377 24
205 487 29
107 61 22
249 567 25
331 419 46
491 271 25
137 189 7
464 546 13
438 425 35
237 599 1
157 340 7
114 457 35
530 5 27
296 513 20
75 270 2
370 541 9
197 51 30
500 93 30
328 353 44
611 393 4
173 570 11
383 449 1
317 472 19
92 204 47
511 447 3
319 318 39
576 389 33
463 116 23
404 326 32
125 503 1
508 227 25
195 181 7
79 408 9
139 514 25
567 204 42
599 343 29
9 379 39
139 236 15
232 183 34
231 416 2
115 547 38
282 434 43
47 308 44
306 154 16
575 361 23
384 196 1
510 91 35
444 29 4
467 241 28
340 598 47
107 509 49
253 386 31
491 199 11
429 516 48
205 482 13
294 142 42
186 140 13
549 198 2
573 390 38
130 247 16
83 240 12
68 31 34
67 337 14
12 289 6
598 27 20
114 86 4
613 169 3
452 384 20
393 394 5
84 225 48
289 377 6
311 226 41
140 521 7
390 86 45
470 574 1
198 217 26
235 315 13
519 300 46
141 143 33
186 347 45
510 158 1
513 614 11
14 382 1
395 277 27
386 495 13
593 197 2
150 149 27
472 119 33
345 52 40
66 54 40
554 427 49
102 336 4
320 205 37
403 559 19
455 40 48
207 196 10
124 605 11
138 184 43
454 383 29
515 45 13
155 195 8
216 330 2
422 96 40
450 154 42
392 229 2
22 558 48
609 370 34
226 155 37
286 277 43
531 309 2
458 426 16
378 400 17
488 168 21
86 162 9
432 369 39
105 73 9
124 328 12
262 255 4
181 609 3
200 214 1
368 543 5
260 122 27
473 344 19
376 461 13
307 469 32
17 185 41
375 88 16
528 259 37
224 573 42
526 44 34
24 115 37
191 109 12
164 462 29
11 369 23
25 259 5
241 106 3
226 149 21
252 108 35
365 548 5
227 200 49
315 39 5
413 302 11
606 387 46
234 54 18
256 43 49
423 147 21
378 365 7
247 477 11
614 105 31
481 564 6
443 404 30
277 1 34
288 552 20
495 575 18
165 387 48
609 341 26
14 168 26
70 51 28
142 594 25
196 70 42
37 422 5
113 272 27
339 2 38
240 280 33
344 549 6
608 554 17
189 70 2
183 393 4
568 525 40
430 484 4
51 502 46
135 47 7
606 250 22
158 434 46
514 393 2
499 509 34
390 572 50
452 363 8
398 515 10
591 510 21
166 113 48
527 397 4
508 474 24
495 28 38
418 390 18
399 339 28
172 61 11
259 316 50
354 197 31
393 295 35
447 281 48
380 568 13
564 59 49
351 378 1
179 356 49
169 354 45
147 495 40
199 588 4
596 179 26
150 52 41
571 102 27
484 299 33
372 316 26
545 196 50
320 484 33
463 191 11
306 145 19
465 194 38
558 530 40
475 464 9
330 503 44
500 43 22
129 576 9
543 490 26
348 377 37
343 72 22
414 521 46
208 301 8
359 454 12
177 474 44
607 206 35
22 297 28
102 107 1
24 7 7
219 9 1
377 362 13
128 523 9
293 546 33
358 146 42
73 510 23
474 228 29
87 453 6
173 54 2
354 360 34
346 103 2
74 27 44
420 176 6
297 250 10
320 269 42
524 441 34
536 403 17
309 120 7
429 392 25
60 135 32
393 178 38
347 61 46
115 216 49
433 330 2
171 397 19
134 229 39
524 403 39
36 479 4
458 19 37
571 484 15
113 134 9
11 320 26
434 502 40
308 474 20
351 464 6
382 534 36
307 236 40
146 284 1
552 373 15
603 590 45
383 284 44
613 106 36
339 311 19
554 378 5
73 555 12
213 349 43
537 244 40
334 525 23
55 271 45
608 575 30
530 390 40
73 273 17
472 438 25
244 226 38
225 55 8
60 363 18
486 213 40
563 309 49
567 6 37
227 434 40
286 181 46
540 50 20
527 553 12
432 147 5
88 87 41
579 210 26
91 581 1
91 403 12
42 565 2
527 35 45
557 14 18
249 138 2
2 185 40
309 107 39
6 34 24
231 492 36
241 295 43
277 402 25
277 55 28
70 398 42
147 22 18
280 91 7
72 368 43
526 232 29
532 488 2
52 474 26
459 225 9
571 327 3
30 592 14
65 575 30
343 510 34
374 64 14
428 119 36
436 36 20
226 60 23
352 614 43
308 39 11
344 58 21
210 501 50
575 111 7
40 125 1
326 18 19
265 78 13
202 88 34
250 113 7
585 56 48
177 321 11
180 492 4
63 461 33
87 26 20
25 19 15
311 8 31
24 153 1
469 308 40
8 345 24
566 227 17
585 279 28
120 77 29
605 564 33
572 554 39
397 398 33
29 24 16
528 529 9
365 81 5
173 608 4
380 334 4
25 507 12
374 34 15
527 324 25
275 482 39
472 594 9
545 61 46
591 215 12
234 445 8
336 235 34
58 440 7
245 293 36
5 376 14
555 556 47
304 523 7
514 261 43
407 367 42
556 103 9
310 274 12
357 180 4
115 132 22
491 339 7
433 38 35
205 308 8
508 174 8
104 278 6
393 149 17
402 174 49
246 365 19
515 168 26
329 567 24
21 54 47
395 113 31
515 215 49
321 353 21
87 71 49
529 371 13
427 76 42
250 349 5
562 465 37
263 459 4
185 86 33
36 410 29
580 321 7
129 53 19
31 139 15
413 566 34
537 518 6
169 526 29
129 179 4
15 451 21
589 276 1
55 561 13
447 26 22
179 213 33
321 360 10
53 201 7
460 88 5
468 319 9
489 161 6
65 577 42
398 495 1
124 129 43
65 91 45
93 298 18
391 332 3
37 229 27
327 67 49
479 315 5
112 601 47
323 459 5
166 469 15
567 523 44
449 63 20
571 190 21
155 212 27
479 98 9
40 63 34
347 310 28
220 374 7
385 129 1
175 265 30
410 591 12
114 605 40
26 287 38
23 342 2
53 612 27
414 322 17
170 405 16
174 221 29
268 158 25
209 344 36
81 302 13
488 309 9
147 59 25
9 316 47
29 568 16
90 481 26
531 504 16
256 511 5
183 287 13
354 347 7
368 598 47
584 147 3
298 323 37
199 408 1
74 70 13
282 180 41
513 196 22
566 313 21
493 237 27
561 573 1
372 581 26
252 275 17
105 309 43
473 560 2
170 474 37
96 84 45
100 245 33
524 567 1
579 149 7
350 466 15
235 101 15
248 226 27
582 105 19
284 150 41
200 385 44
550 352 17
127 234 16
136 523 45
546 50 17
478 537 41
422 579 47
104 495 13
559 437 7
122 613 46
458 367 34
298 74 25
503 179 6
554 302 6
582 261 5
148 285 12
308 175 33
52 112 47
562 255 30
437 250 40
394 298 6
233 7 31
542 578 35
134 485 28
389 319 30
343 438 14
14 163 34
348 539 17
354 393 26
231 302 23
79 138 42
105 400 3
532 177 21
420 78 12
531 590 36
154 35 35
100 519 7
199 79 3
273 390 18
68 164 35
404 60 10
189 287 34
569 127 17
462 521 48
375 30 41
148 405 35
351 32 47
459 355 25
393 486 19
282 135 41
521 14 5
237 61 25
467 262 16
130 343 47
448 488 28
50 216 26
109 54 9
436 168 19
606 17 32
527 422 32
72 416 14
532 104 13
466 147 48
229 368 3
348 447 28
189 300 47
74 179 18
72 560 19
346 546 39
542 241 44
255 505 3
338 329 33
118 294 15
241 147 41
180 163 23
21 193 13
337 431 1
267 116 31
61 38 15
402 591 9
308 489 20
60 539 37
4 119 12
268 470 16
330 350 8
192 77 40
380 415 6
39 103 2
167 354 7
288 509 46
186 568 35
236 338 28
139 27 17
426 419 32
285 17 14
579 85 24
422 288 49
143 80 5
226 90 29
195 459 5
222 98 38
240 524 19
213 41 12
281 360 35
423 99 3
568 560 46
209 610 17
339 541 24
419 254 26
2 359 31
154 585 22
55 536 9
552 438 15
284 370 15
279 597 45
597 489 25
212 74 26
10 474 26
376 566 23
513 183 4
522 89 24
22 493 1
513 167 47
439 59 36
380 562 26
312 274 28
589 604 48
500 175 49
372 589 10
106 275 31
350 492 21
68 536 34
10 385 45
346 169 29
58 468 2
378 118 44
315 465 4
63 474 4
362 142 27
138 543 10
122 579 35
588 226 13
358 543 13
324 149 35
90 52 50
405 604 48
97 479 13
100 221 35
488 399 32
65 319 1
478 508 1
218 444 6
55 597 42
14 543 5
191 480 22
400 65 28
73 64 7
197 315 38
401 104 38
309 247 1
389 535 38
567 417 20
590 345 45
413 438 29
538 584 44
495 34 42
353 549 34
304 274 34
256 178 22
186 272 36
413 43 42
169 516 5
66 37 23
186 296 5
30 98 31
453 16 6
338 200 4
1 604 29
571 62 37
197 284 47
17 173 7
35 478 43
493 262 4
101 112 18
526 216 22
26 234 19
496 402 6
163 360 4
94 119 19
454 357 7
575 184 41
514 497 1
500 300 3
335 196 20
200 612 13
576 433 37
602 134 12
280 18 31
466 404 35
315 112 11
355 67 6
96 338 36
174 393 2
519 220 35
306 214 29
598 45 42
255 168 21
503 396 33
518 336 17
292 3 7
217 398 10
239 223 41
148 52 4
548 50 31
154 145 1
40 194 35
509 124 26
288 113 13
157 176 34
262 388 25
322 230 3
146 208 22
558 144 28
160 68 47
548 159 50
397 318 1
174 530 8
285 550 20
577 39 24
504 145 34
564 310 8
348 206 21
367 236 14
264 211 41
442 151 2
63 533 20
567 574 14
248 34 47
131 474 8
183 70 9
282 228 22
360 312 30
444 157 10
306 360 18
571 122 25
490 587 1
528 281 8
246 573 22
410 156 26
445 572 26
432 591 40
74 62 10
467 463 47
561 356 21
238 232 50
605 573 36
318 486 45
114 125 8
557 547 2
306 226 42
348 68 33
251 211 6
526 321 3
404 436 42
591 122 21
128 151 29
439 249 31
361 62 3
66 209 5
115 382 45
539 608 26
200 573 31
529 64 19
167 587 48
358 140 24
554 3 14
73 190 6
291 211 16
357 91 45
217 164 15
144 161 44
91 127 6
349 468 46
322 1 22
362 355 35
537 530 9
595 493 10
52 520 3
249 319 8
144 472 13
608 328 12
390 316 10
394 198 8
556 513 2
425 432 42
182 115 44
280 612 7
218 142 45
613 393 2
595 272 9
546 60 29
203 104 38
442 497 36
109 530 47
103 113 15
594 231 6
342 351 42
53 446 39
589 522 9
188 273 20
281 186 1
230 557 29
583 77 23
130 339 50
521 546 2
248 326 27
170 73 4
38 85 21
287 375 8
145 342 26
79 507 5
261 150 6
113 522 32
606 568 34
134 348 44
415 302 10
171 474 3
30 16 41
528 460 4
312 547 8
496 481 31
297 394 31
229 169 30
376 517 31
238 135 1
368 380 14
468 431 31
295 395 39
421 215 8
211 61 43
483 593 33
353 43 18
288 356 37
364 242 9
328 543 46
394 80 43
367 466 32
502 555 1
33 42 12
561 413 9
402 313 45
603 419 2
487 301 1
381 424 2
551 273 40
363 186 14
74 174 46
75 111 25
33 271 13
109 373 11
576 558 41
164 179 22
611 434 14
522 200 12
217 163 3
58 573 18
326 256 18
494 425 10
207 340 26
391 571 20
100 452 34
388 566 23
334 116 2
444 216 9
175 362 1
224 603 2
41 81 28
495 433 50
528 445 26
340 188 27
214 378 22
64 531 20
482 120 48
161 323 14
135 185 8
11 576 9
605 608 44
434 202 24
295 488 43
1 369 50
284 461 20
275 545 28
205 244 29
156 104 19
238 492 40
551 384 13
172 76 45
184 500 39
572 215 15
222 331 27
383 362 16
407 475 17
589 94 34
464 500 50
449 498 5
598 536 21
85 584 21
196 539 2
319 412 4
325 131 40
112 247 3
179 245 7
375 205 12
56 434 44
4 494 16
411 227 48
432 68 21
303 424 14
570 181 6
63 280 9
270 372 1
143 262 14
337 590 46
549 229 4
443 26 7
415 606 10
559 262 4
602 474 2
485 21 18
95 187 45
136 226 43
3 138 23
579 270 33
321 589 3
516 597 36
203 605 22
265 112 45
244 375 37
195 310 6
493 340 40
132 95 35
333 500 13
300 529 25
605 552 8
87 217 28
302 407 45
437 418 19
261 298 26
438 25 46
542 91 33
320 239 1
263 395 48
490 43 34
579 13 35
487 349 22
412 48 19
336 299 8
453 521 20
585 232 26
57 185 15
571 204 7
555 561 21
325 80 2
30 591 24
560 93 21
66 205 11
462 6 24
247 239 42
106 417 16
316 521 47
26 225 46
128 430 19
508 523 13
342 261 27
100 433 5
600 50 43
547 455 19
442 546 38
429 534 6
275 245 19
579 412 33
28 329 13
221 176 43
612 390 2
467 394 5
598 201 29
119 156 41
276 124 12
330 351 37
163 96 17
408 122 44
603 280 50
242 8 42
138 93 32
76 38 14
351 182 48
284 75 35
344 166 34
129 415 8
441 460 5
336 496 8
130 289 24
82 96 39
43 520 19
22 185 49
431 74 5
137 220 47
467 409 49
118 216 47
392 443 21
246 605 9
66 355 49
519 452 26
6 265 20
189 605 11
254 223 1
501 431 35
560 347 18
361 140 1
353 273 20
396 402 45
321 307 34
5 238 9
10 8 28
435 361 26
493 15 3
354 211 27
364 260 36
21 227 15
209 605 25
34 26 25
451 374 13
597 407 12
164 155 32
83 25 2
85 601 32
355 536 25
199 372 33
65 539 7
293 133 1
323 271 12
179 609 2
461 524 1
55 151 40
504 101 25
177 385 36
101 165 37
94 268 20
268 355 36
241 174 18
513 217 35
450 144 36
275 344 1
8 544 1
306 299 3
438 176 2
319 62 43
17 83 23
247 516 26
369 571 16
574 358 27
24 593 15
204 407 2
146 283 38
447 173 2
77 160 13
601 430 6
23 488 13
466 39 28
333 542 23
552 283 7
250 607 18
409 397 42
136 613 48
82 346 12
540 337 18
197 441 29
303 324 18
19 477 43
569 439 33
477 505 49
386 583 31
164 92 30
242 164 38
300 308 37
362 39 11
583 190 26
240 89 28
203 34 23
3 196 15
144 484 25
204 251 50
335 568 17
444 12 15
147 360 14
296 552 45
305 19 31
419 163 26
608 431 10
11 233 14
345 486 40
128 402 44
412 116 31
259 95 18
349 567 15
468 600 10
129 241 45
398 57 34
607 366 37
329 39 37
559 292 2
408 370 48
484 204 1
229 481 25
482 385 11
88 442 2
496 366 21
528 212 2
389 362 28
69 346 18
107 13 2
483 497 16
583 439 1
471 49 3
403 599 10
93 315 31
557 130 42
381 439 28
392 381 22
513 443 26
149 614 12
425 54 50
442 504 35
102 240 25
345 485 14
591 172 17
9 366 1
110 440 10
345 273 39
610 348 3
588 357 5
80 264 17
123 91 46
16 344 24
449 609 31
273 484 6
229 23 31
162 611 3
391 504 6
36 229 2
472 127 14
380 28 2
420 516 25
501 445 31
461 192 31
286 48 41
53 86 2
459 116 3
459 326 45
193 599 46
60 463 48
142 593 12
576 44 40
305 4 5
254 179 37
381 579 3
412 406 31
196 383 27
366 363 13
117 178 40
339 415 3
153 510 40
152 242 45
238 328 35
259 152 1
572 346 21
93 371 44
43 169 29
516 596 12
586 308 34
412 596 29
595 135 3
12 197 48
360 43 31
154 71 16
228 462 2
297 191 31
345 246 44
453 281 48
407 460 18
84 597 35
311 148 8
575 511 11
267 544 8
406 168 17
188 216 32
535 68 11
430 514 39
329 474 35
114 596 19
153 205 1
560 495 34
14 578 2
360 152 12
433 26 14
481 129 48
178 99 6
433 87 5
596 220 10
573 360 16
301 121 28
347 383 36
529 15 39
531 280 50
488 388 39
236 192 23
19 511 2
368 320 28
49 121 10
214 604 4
296 264 44
554 109 33
31 179 41
399 532 50
125 613 43
314 243 31
578 244 1
348 238 34
497 548 10
121 24 27
4 106 21
19 482 25
204 599 19
489 128 28
590 265 14
1 522 24
423 255 6
613 277 10
329 72 16
143 295 27
590 55 46
18 453 40
59 436 4
408 571 2
125 200 42
256 459 20
103 336 13
171 129 25
2 263 15
290 73 27
230 417 41
227 393 40
554 27 30
568 272 29
562 252 25
295 165 6
265 511 22
590 257 9
481 470 50
558 58 22
214 320 25
6 35 28
387 202 17
169 438 31
539 328 20
145 466 24
470 91 14
405 221 14
511 42 40
518 61 39
67 446 32
365 465 29
464 602 36
370 253 7
357 415 11
544 499 25
250 11 46
132 32 27
21 549 11
438 397 21
207 307 38
143 15 48
178 295 8
159 103 12
337 389 18
59 431 18
382 460 11
377 146 12
32 289 5
59 219 24
588 542 13
178 83 5
521 145 27
330 188 20
209 78 32
304 288 32
522 439 12
393 568 46
211 46 44
77 313 7
319 32 19
392 295 46
95 110 8
288 388 9
570 270 32
4 182 11
231 363 1
93 261 17
446 267 9
540 537 4
45 461 47
527 62 29
6 576 6
570 549 8
123 542 42
325 103 12
591 17 32
257 387 36
417 116 38
10 543 29
71 70 4
199 125 28
428 22 40
307 404 35
512 52 16
232 403 19
429 423 13
254 607 11
66 248 27
557 540 48
99 602 44
498 599 1
575 560 31
372 559 2
388 71 10
585 490 34
189 614 1
283 40 5
382 191 33
370 161 42
394 427 42
583 171 10
510 90 26
574 144 39
460 113 14
193 456 10
312 395 45
491 193 4
484 212 43
108 505 16
380 532 24
301 513 48
197 183 21
588 263 13
175 482 31
309 581 48
316 467 13
49 401 42
612 511 45
455 358 3
379 131 41
295 382 34
285 335 3
50 381 1
231 575 38
590 97 31
102 61 35
402 467 10
71 34 11
13 9 50
225 72 19
77 332 48
21 318 44
460 321 13
41 75 4
460 501 22
5 574 32
293 332 33
237 32 15
303 361 14
379 243 15
216 19 26
89 48 8
361 567 7
548 432 10
191 195 8
174 284 33
197 314 20
195 430 21
18 128 45
328 246 5
575 444 6
139 190 12
595 412 22
480 502 4
569 140 14
133 92 24
55 29 10
416 538 20
567 411 18
283 353 5
11 508 49
202 393 26
94 484 37
496 455 37
202 563 4
43 264 1
451 248 18
156 197 24
392 555 46
141 498 10
169 218 37
573 499 28
77 519 12
536 483 18
574 506 2
282 345 6
448 442 32
347 102 9
186 334 8
343 110 31
322 530 6
383 461 22
243 90 26
598 76 36
72 165 38
569 319 14
250 536 8
91 229 34
35 471 20
363 151 14
314 166 13
171 589 15
376 266 4
300 134 2
62 485 47
420 192 5
567 585 37
318 606 5
50 92 6
507 69 8
473 299 7
443 150 46
310 25 1
205 417 26
51 508 47
76 250 20
256 277 4
384 598 19
331 217 2
437 482 24
121 388 34
119 251 41
202 73 34
408 411 19
160 590 16
411 601 24
397 379 13
64 25 48
64 362 45
216 326 13
470 390 19
466 126 4
549 554 9
3 506 20
225 219 11
399 27 35
358 339 49
167 260 33
447 287 17
388 493 31
34 599 25
87 532 10
601 134 11
570 305 10
418 5 5
371 144 24
65 306 33
341 531 8
279 281 14
194 106 5
243 230 44
602 133 6
553 543 35
310 81 18
48 146 28
188 225 12
28 339 34
126 164 20
582 192 38
417 168 37
261 458 43
200 517 37
543 213 35
579 349 42
403 5 40
569 110 9
376 317 27
376 569 44
269 35 10
278 369 14
7 411 40
403 84 30
104 28 20
412 505 48
278 524 25
144 241 4
335 275 18
124 69 42
421 607 38
251 70 11
596 606 43
62 252 35
152 303 37
433 110 34
155 170 23
46 25 10
227 314 32
319 427 15
368 352 31
129 163 7
234 545 37
140 454 30
88 475 9
83 525 13
244 502 40
133 455 37
138 415 29
252 387 1
176 60 37
179 584 38
14 25 36
34 131 8
565 595 43
176 518 29
154 111 49
254 119 49
163 309 10
601 9 32
334 507 31
220 116 11
234 455 2
314 279 33
506 238 25
593 434 21
338 370 30
532 478 37
360 242 43
437 312 40
279 170 20
400 108 37
592 513 50
409 72 21
157 586 35
465 250 6
81 595 25
211 78 39
320 605 1
101 449 28
548 532 14
549 143 35
106 474 26
241 461 32
21 316 36
144 521 50
11 586 10
370 32 30
117 504 36
222 33 8
35 331 50
260 408 6
21 448 8
401 433 15
366 350 16
18 77 17
135 130 45
374 379 2
109 381 27
94 497 48
492 501 42
487 362 8
348 501 33
487 67 19
269 556 15
120 241 40
238 157 49
92 585 14
41 373 46
78 200 6
456 514 5
606 545 8
273 45 14
5 211 1
392 406 5
304 117 21
455 88 17
293 78 37
263 170 6
465 579 40
438 547 32
303 143 28
395 21 45
531 150 6
590 537 19
90 597 2
497 236 5
183 202 48
223 385 17
144 493 36
514 380 17
191 119 33
42 356 14
70 193 10
118 613 12
563 2 2
564 327 12
93 447 41
60 194 12
492 323 38
552 292 8
195 204 22
610 393 10
142 380 8
582 315 28
273 278 12
81 195 45
122 549 31
206 334 11
559 406 16
278 77 9
427 35 7
520 304 8
318 568 7
414 475 5
511 37 17
316 273 19
593 196 10
259 222 6
23 115 49
405 249 36
115 315 8
350 290 34
356 123 45
470 339 22
177 124 40
322 362 42
550 270 5
505 285 13
457 563 23
27 16 4
83 534 28
364 537 4
544 527 10
383 79 37
241 338 27
97 563 20
271 113 31
307 611 41
60 184 16
299 392 21
426 488 50
578 22 44
385 436 3
188 531 46
88 449 48
217 226 24
157 567 12
215 106 25
22 320 8
222 361 28
198 231 35
365 521 41
459 274 18
584 248 34
405 227 43
430 423 8
82 238 44
106 132 28
426 436 45
482 281 44
121 42 2
117 427 13
80 607 21
1 536 13
278 362 29
75 141 10
25 320 6
186 268 36
547 140 39
118 607 23
127 180 42
16 481 22
480 74 6
370 210 14
227 387 11
540 359 42
316 414 25
292 331 2
375 531 26
90 361 24
493 567 31
277 603 7
171 4 17
513 314 45
266 421 6
517 612 15
278 534 38
271 4 34
304 112 37
492 533 21
446 314 28
333 428 29
177 494 1
189 220 34
298 98 18
261 156 46
533 226 5
538 294 1
520 465 9
419 430 43
114 66 4
17 365 9
300 190 17
553 60 41
39 476 7
80 124 7
295 302 35
463 500 24
218 452 17
185 433 44
366 42 47
385 486 46
424 24 42
126 19 13
395 402 31
174 72 21
559 569 31
585 492 24
432 401 5
99 125 50
119 290 34
193 46 44
136 594 37
422 332 44
496 499 37
413 470 31
560 200 36
68 413 40
253 157 40
387 404 33
520 215 14
119 169 8
351 409 29
135 389 21
461 475 37
522 438 7
501 323 4
401 223 8
520 352 38
576 386 20
497 471 46
356 456 18
77 48 46
175 591 29
185 555 8
165 22 35
369 601 34
467 485 42
446 407 25
327 169 29
521 300 50
597 217 46
581 487 4
259 177 32
466 111 16
132 502 9
489 80 50
582 116 32
524 168 48
180 558 46
456 402 22
382 473 19
131 509 27
100 229 30
396 324 18
313 282 8
612 246 2
610 515 40
533 599 38
79 543 11
264 81 18
436 433 20
387 122 5
306 25 4
25 96 24
76 208 44
424 84 18
308 161 36
429 414 10
437 118 38
11 278 15
462 243 40
462 288 3
69 34 10
95 172 12
157 573 14
172 358 10
505 177 10
72 355 12
163 459 43
123 42 42
516 151 19
565 320 8
264 102 46
442 13 37
7 489 4
385 511 19
315 402 33
362 6 36
36 150 24
100 481 3
495 64 1
368 137 36
601 64 37
302 150 41
491 494 27
237 512 22
66 256 47
226 459 14
379 351 27
256 426 32
402 599 9
570 260 14
190 7 46
264 118 9
187 443 30
482 82 39
247 556 3
305 183 46
308 235 12
268 526 3
252 456 49
503 334 46
608 75 35
257 353 49
232 41 1
316 545 3
104 295 30
520 270 20
323 493 50
508 405 2
339 545 7
129 136 28
181 533 50
419 422 23
285 103 8
168 278 36
317 178 38
105 51 25
425 311 3
152 11 28
71 402 26
541 473 19
546 214 8
365 266 44
134 224 10
290 454 34
235 260 39
188 595 48
499 215 42
595 611 20
408 311 14
107 1 49
426 399 34
81 56 10
354 573 2
306 369 50
140 345 15
53 569 49
162 44 46
2 484 22
198 45 12
365 66 20
212 133 33
61 465 40
276 21 26
36 439 37
337 448 5
64 355 9
164 447 3
228 584 49
560 416 13
18 584 36
24 253 18
606 317 39
406 12 36
293 370 46
201 586 19
588 408 23
323 411 32
201 155 2
183 269 47
304 307 6
275 251 19
539 538 21
552 210 19
263 570 1
546 185 42
542 373 31
483 195 9
247 134 33
341 318 8
526 117 8
396 183 50
101 279 1
599 513 25
151 589 5
124 561 32
609 64 25
196 105 36
97 588 30
531 36 48
356 402 1
438 434 37
306 38 27
449 371 10
480 508 15
23 343 5
61 445 2
244 415 41
68 72 49
350 506 34
314 570 2
307 483 20
19 605 5
343 316 16
105 397 21
579 343 44
345 87 17
345 326 8
104 21 47
520 393 2
196 150 7
303 601 5
59 556 2
401 313 31
349 21 27
51 271 9
554 356 41
605 76 37
61 16 15
390 209 41
257 360 24
536 467 27
288 265 46
473 453 23
148 92 3
312 536 11
408 267 27
559 490 48
75 518 36
212 377 49
209 394 7
607 121 6
465 524 32
91 304 50
392 469 31
564 263 40
279 243 24
518 200 14
205 80 2
31 610 29
607 204 42
93 508 39
457 418 5
151 35 12
267 206 10
112 131 16
434 404 17
187 591 14
504 33 21
446 411 39
450 194 5
120 447 45
144 224 29
116 288 21
465 523 37
190 223 39
63 530 38
329 122 40
330 514 38
136 458 32
38 597 40
544 320 19
545 39 19
328 546 20
342 310 27
130 270 31
538 326 17
413 295 39
400 255 28
351 367 39
86 385 24
267 393 32
555 349 4
418 475 1
195 52 31
374 257 41
166 481 22
340 76 33
71 128 12
339 594 4
499 221 41
343 427 14
558 203 36
79 613 41
21 532 17
405 60 21
510 234 12
512 231 33
292 299 31
377 307 8
158 375 21
47 425 30
452 577 39
154 57 42
502 501 32
303 148 17
457 497 31
424 314 25
498 91 19
233 576 45
353 32 5
128 52 47
316 352 48
59 403 24
359 349 46
82 246 21
13 476 30
62 449 12
286 535 35
210 356 48
324 465 34
323 12 3
337 551 8
471 98 21
455 336 36
88 530 45
73 608 41
363 33 48
301 133 41
567 115 18
578 607 14
342 55 30
328 119 7
554 597 50
516 262 1
287 121 20
65 467 31
31 105 3
521 165 9
463 505 46
437 532 5
560 289 24
52 270 24
113 71 10
545 34 45
3 477 50
103 547 27
262 485 5
215 96 26
356 550 44
26 40 9
248 469 3
93 614 15
504 383 18
137 222 25
165 130 17
99 466 44
115 560 3
325 267 30
316 243 42
105 394 17
282 599 17
394 561 1
161 286 4
360 343 40
40 66 16
185 1 29
509 349 40
270 599 33
541 428 23
81 49 24
180 184 46
11 350 4
76 341 6
174 458 10
358 350 5
363 546 33
37 395 29
290 406 23
101 190 23
27 213 19
482 9 12
267 24 15
410 346 33
236 390 24
20 297 4
185 560 37
479 153 23
240 10 31
50 89 3
478 133 46
436 543 32
168 420 10
385 510 30
351 7 1
33 116 14
489 136 50
372 509 2
264 586 47
463 212 24
275 614 50
445 79 42
44 73 38
409 166 12
422 401 49
108 584 13
389 40 36
126 140 22
317 193 42
612 389 6
63 188 48
56 43 22
286 505 43
595 35 14
105 413 39
561 558 45
388 521 19
129 469 25
170 61 29
502 427 33
497 251 42
495 323 23
197 346 49
131 484 2
281 147 11
558 235 41
605 342 6
65 157 4
33 187 33
213 100 44
438 319 34
57 184 30
245 225 12
353 344 32
523 358 3
593 8 5
94 172 22
465 300 8
389 447 49
544 202 39
145 430 43
39 439 24
338 388 7
56 288 1
256 462 10
197 223 12
448 374 26
579 339 28
541 9 43
596 11 30
360 537 9
129 459 23
548 541 15
121 157 42
428 359 48
316 552 39
541 197 26
443 113 36
430 34 17
608 479 19
481 131 24
470 215 12
421 93 3
607 100 10
140 277 21
359 200 47
151 480 15
386 405 20
274 474 19
88 169 30
269 563 29
335 500 26
59 349 2
397 523 47
605 408 2
261 549 19
264 257 34
10 481 26
324 220 1
487 92 32
16 18 35
294 401 28
271 410 9
229 585 8
209 421 12
483 528 34
90 303 44
494 206 21
551 77 17
336 373 7
64 117 20
492 586 40
516 296 32
480 437 32
218 355 45
594 350 8
483 383 34
295 222 39
477 543 26
321 181 15
98 518 44
33 532 6
194 444 37
538 175 6
579 385 23
446 173 7
23 595 40
62 420 20
116 586 10
256 275 48
231 9 6
85 517 22
215 377 45
240 201 38
417 115 2
588 566 2
559 585 14
192 55 11
531 359 6
13 523 24
588 321 50
348 38 10
461 146 28
95 610 12
177 115 30
129 383 40
345 40 27
239 183 2
378 233 16
215 53 32
257 180 23
33 53 39
493 407 26
319 284 31
418 528 1
301 485 2
232 128 1
295 481 4
606 170 23
572 582 41
220 292 26
406 525 23
388 269 19
156 496 1
548 224 22
143 361 48
80 151 1
460 417 20
440 198 2
528 551 3
71 385 48
224 445 47
548 431 11
212 454 42
9 292 43
579 172 15
476 279 36
209 306 20
337 515 22
213 343 11
31 463 13
480 145 38
163 388 15
3 51 1
588 609 3
44 233 7
56 202 24
221 454 34
29 514 2
364 579 18
88 161 29
340 124 42
492 22 5
385 6 45
384 252 12
24 416 44
78 592 38
308 184 20
57 200 33
587 374 2
422 329 24
544 436 39
438 440 44
293 280 1
201 538 8
573 423 2
203 471 35
153 371 46
195 441 1
9 71 33
599 397 12
445 558 35
209 480 29
92 406 36
274 73 1
74 399 13
477 154 33
194 34 41
602 213 50
46 289 24
429 491 12
546 103 36
472 87 11
495 293 16
375 235 43
588 67 49
274 381 21
391 241 17
338 598 42
545 71 3
209 470 39
479 433 17
72 303 10
507 259 24
484 76 41
588 212 23
201 492 22
604 269 2
273 282 3
58 117 25
245 394 4
421 501 5
467 574 23
75 12 12
327 208 1
409 428 30
72 358 50
115 498 13
53 293 17
36 601 16
185 428 16
74 189 42
597 108 24
463 306 33
356 106 46
325 340 15
603 458 47
316 10 5
150 113 6
175 158 34
438 564 45
473 337 20
586 3 6
159 531 25
458 324 45
416 275 35
192 526 1
533 344 4
608 526 45
452 531 27
330 231 36
91 401 24
388 349 14
527 529 10
584 492 26
21 129 27
334 69 8
440 562 41
289 185 50
186 342 23
420 294 44
469 328 7
466 542 2
171 558 11
499 381 22
300 65 17
358 485 35
426 246 24
185 484 45
171 152 36
94 303 6
211 142 7
260 290 44
495 389 46
184 328 4
303 254 7
237 175 9
239 592 40
199 35 10
324 497 14
183 267 6
585 210 20
561 26 2
596 296 11
159 591 34
354 607 22
76 245 24
37 426 9
331 427 36
365 309 28
217 142 16
51 44 48
525 23 22
312 584 35
54 84 15
600 66 6
357 18 24
502 9 27
215 592 44
66 49 11
337 263 17
160 60 12
61 448 15
99 20 14
546 396 2
594 460 1
54 518 41
289 363 29
220 225 9
59 379 41
229 235 26
271 561 50
401 402 6
223 313 16
164 571 32
405 426 35
272 193 11
306 195 43
552 426 10
58 559 8
30 341 28
98 538 2
214 16 50
209 227 23
521 166 13
310 230 27
218 365 22
608 35 38
340 536 6
81 410 6
608 465 1
129 265 19
174 109 7
531 355 46
36 550 31
320 477 16
562 359 17
178 215 27
45 478 16
121 110 50
20 46 7
113 29 22
506 463 32
222 158 30
211 130 8
408 406 43
539 180 22
136 538 40
330 459 8
224 292 4
475 288 49
301 30 45
215 493 12
375 216 8
243 106 6
210 26 39
396 28 45
212 425 17
314 366 38
365 220 5
12 286 28
529 577 32
295 186 47
145 256 13
263 339 10
583 207 45
306 462 29
101 378 34
491 149 46
510 51 10
373 483 23
530 95 28
496 293 3
45 512 37
612 152 16
386 32 28
142 401 48
140 404 14
383 340 50
76 394 29
569 315 33
359 557 16
239 110 18
273 275 40
257 491 16
199 283 10
169 44 19
252 480 33
227 152 13
576 487 19
163 317 7
444 170 16
308 537 43
600 509 40
154 525 49
79 241 13
72 548 7
530 415 23
606 500 10
110 352 45
294 336 45
423 352 18
350 340 21
13 552 43
381 293 21
13 379 39
155 418 9
565 333 15
123 143 17
403 156 27
370 492 21
464 335 7
109 398 43
291 12 38
436 435 19
543 105 12
262 237 15
410 525 8
315 599 25
20 140 45
153 354 7
605 118 26
55 170 24
220 34 4
428 552 23
378 578 32
371 16 44
349 462 34
195 305 26
289 187 30
31 262 42
238 183 8
546 587 43
376 608 14
601 611 12
113 350 47
485 103 12
559 137 3
613 569 3
326 364 47
201 275 13
342 168 29
66 199 27
293 154 29
127 510 9
500 551 47
406 365 29
535 178 26
510 344 40
54 387 5
50 448 37
307 601 35
158 487 13
206 577 15
251 255 9
449 282 2
286 7 30
588 429 41
270 521 4
229 600 38
352 610 30
517 325 6
497 402 15
378 557 19
363 263 2
180 608 46
223 48 31
452 601 38
201 227 47
59 67 45
597 447 28
594 541 42
559 145 47
510 14 1
471 23 33
228 353 1
509 413 2
437 566 46
