1000 3000 84
100
41
24
20
43
3
27
50
26
50
14
17
2
39
7
42
41
19
48
5
34
19
42
35
22
50
1
37
8
5
31
50
26
41
9
43
14
10
40
37
17
42
40
5
5
21
50
28
45
42
45
40
49
46
41
25
29
11
21
5
31
8
1
12
50
33
44
15
36
21
28
26
38
24
25
1
36
7
48
27
27
10
3
47
11
20
23
32
36
42
38
50
33
3
39
19
30
3
32
36
29
49
36
19
23
9
15
29
34
28
12
24
2
12
2
29
36
25
2
17
4
28
39
4
47
13
13
42
4
39
35
38
37
9
19
13
34
14
22
47
27
2
33
4
41
27
24
7
11
43
36
44
32
19
2
25
25
28
1
36
19
26
13
31
29
15
17
33
43
30
6
27
17
39
46
30
11
31
48
28
25
47
32
18
46
43
12
31
15
40
13
33
16
21
23
40
13
47
50
16
36
31
27
14
25
48
9
36
27
44
48
2
21
49
36
12
29
26
38
38
16
46
29
3
24
46
36
9
16
36
29
16
16
21
42
27
37
38
31
11
24
20
38
19
5
5
33
40
34
44
17
10
19
39
31
41
47
9
37
24
49
18
42
17
34
6
7
27
25
37
23
16
12
11
47
50
23
25
3
12
31
41
26
36
2
28
18
49
5
17
37
48
34
6
2
42
38
13
7
21
23
28
8
1
12
25
23
30
35
31
16
6
44
1
30
27
33
1
24
12
5
10
12
47
3
7
40
20
19
48
39
42
19
36
41
15
12
28
3
35
7
7
32
7
40
14
39
23
8
2
42
40
10
11
39
25
15
17
6
8
41
47
44
19
13
13
21
29
7
38
11
19
45
14
47
48
13
44
4
47
18
3
13
14
17
36
17
41
11
47
5
46
40
4
37
43
5
17
15
9
6
1
21
3
50
50
2
10
4
43
39
5
9
35
34
20
5
33
16
4
42
8
36
39
24
32
49
50
37
45
50
2
34
15
4
3
21
46
5
11
18
40
11
3
43
37
48
37
33
18
47
1
32
1
19
39
41
23
49
27
8
35
40
30
42
25
19
32
28
43
23
27
5
37
14
26
11
23
44
34
9
29
12
1
2
25
40
18
11
8
1
20
18
31
12
21
50
39
8
6
21
6
27
8
28
32
21
41
13
14
47
13
20
29
31
42
36
3
39
19
29
35
22
30
50
50
7
7
30
8
46
45
45
6
16
29
46
37
22
35
12
25
28
11
38
5
11
31
24
32
16
29
36
11
13
43
32
45
4
44
9
36
46
48
45
27
5
28
36
29
49
41
40
44
3
19
41
18
15
26
43
4
46
27
7
9
21
41
20
17
11
48
14
34
2
42
29
25
5
4
50
14
1
5
24
4
20
18
26
33
9
16
10
49
33
19
25
7
23
25
1
26
30
26
28
18
46
13
23
44
7
35
20
44
26
22
22
39
21
50
34
50
44
29
49
16
22
46
41
13
28
46
50
43
44
33
17
40
11
7
43
38
29
15
29
21
46
39
2
4
12
19
44
25
21
19
43
10
41
17
9
25
21
38
37
2
10
10
6
48
33
36
8
33
21
22
17
10
15
33
2
22
35
43
41
50
12
7
43
48
41
27
48
47
24
20
4
28
40
19
30
29
4
11
4
20
29
24
10
30
38
26
18
31
25
1
32
36
40
10
23
1
26
8
30
5
16
34
48
9
38
49
28
11
16
43
8
2
37
50
27
7
30
23
43
20
44
44
19
15
11
8
26
40
18
11
26
24
20
13
22
21
19
23
34
44
40
24
45
20
5
8
13
47
3
34
33
9
19
15
1
24
31
24
18
27
31
5
21
34
24
27
47
1
22
30
47
25
22
40
47
7
46
10
40
29
41
26
38
21
39
12
13
16
43
36
40
48
20
17
22
44
50
43
36
30
43
17
29
6
27
34
22
24
21
8
19
13
49
14
45
42
14
7
47
33
22
15
19
36
25
5
8
40
48
36
5
47
28
22
5
46
17
27
4
1
19
19
46
7
14
40
15
49
29
50
31
14
39
3
13
42
2
32
37
9
42
13
22
3
49
5
38
33
2
50
23
40
40
32
19
32
1
40
9
17
38
6
22
14
30
46
24
43
6
2
5
35
34
32
43
2
25
20
49
11
15
6
30
19
20
7
3
20
47
31
8
24
21
11
24
3
20
42
41
36
16
2
14
17
33
35
34
19
34
49
13
29
34
26
47
28
37
30
45
29
18
4
16
47
8
47
5
46
35
4
33
12
11
22
804 746 38
176 752 22
693 470 7
327 133 14
731 256 22
55 580 28
16 110 49
48 836 13
20 948 2
740 668 49
571 106 43
333 909 45
665 411 10
153 859 23
90 684 51
252 893 10
753 751 27
724 369 48
208 456 43
733 665 27
264 218 9
801 218 32
62 786 5
305 904 23
809 38 43
39 777 9
919 432 18
631 988 4
134 893 1
600 889 20
584 672 11
72 628 32
253 255 20
30 683 15
261 224 35
735 57 35
313 995 10
996 129 43
222 37 42
807 565 37
810 504 6
123 371 36
808 954 20
996 460 1
336 583 39
335 275 15
352 946 9
180 608 15
241 36 45
218 122 31
218 93 13
945 703 22
51 905 45
153 388 25
699 995 15
593 460 39
228 75 8
551 260 2
88 834 30
186 325 26
456 957 34
628 895 47
890 142 14
458 271 20
709 526 41
904 445 43
190 471 35
327 346 23
260 547 20
946 240 26
268 460 14
348 56 13
248 477 43
735 162 30
420 106 51
775 336 42
17 453 8
436 961 10
548 223 7
183 409 6
875 978 7
539 772 13
853 813 33
457 143 4
135 562 17
267 173 5
113 515 16
608 284 10
954 211 27
440 773 5
677 67 3
130 226 23
227 233 27
42 433 10
738 712 29
741 756 7
933 878 21
445 81 29
671 658 20
403 462 3
277 411 20
524 941 4
871 618 49
705 831 10
76 999 26
550 965 45
283 203 24
242 436 3
447 308 43
540 774 41
4 705 20
70 437 29
555 181 7
847 431 21
399 853 13
723 552 32
289 294 5
427 494 21
619 998 24
420 228 1
624 987 28
824 186 38
966 253 26
838 126 13
117 717 23
154 331 41
555 907 15
925 203 24
976 367 34
870 219 37
380 89 29
858 32 10
545 976 31
595 424 7
381 600 4
691 987 21
427 196 16
74 845 40
301 626 1
650 438 29
694 856 30
3 520 22
952 903 32
966 752 6
264 976 5
978 726 47
307 721 7
43 634 49
305 408 45
470 903 31
82 200 12
72 668 50
204 547 27
567 956 21
394 782 49
342 263 24
679 815 2
986 725 1
85 642 6
359 392 31
674 225 7
304 565 1
920 38 26
748 406 20
565 148 33
96 856 3
400 831 4
116 610 9
17 18 8
33 643 43
120 19 14
373 836 36
691 517 25
899 329 37
171 773 20
684 662 8
764 555 20
940 460 10
345 612 14
915 578 2
631 104 13
407 300 17
720 505 11
646 19 26
793 461 14
396 605 35
114 725 11
754 621 50
705 400 1
193 34 45
397 373 50
580 128 19
352 123 11
142 833 2
849 120 32
619 947 22
24 73 25
558 762 51
222 537 29
373 408 13
557 794 28
323 785 48
739 767 26
837 41 50
734 351 13
663 838 8
496 337 8
214 452 10
555 143 28
311 114 27
504 38 6
808 856 21
701 438 29
490 54 5
140 665 24
18 710 22
351 660 30
479 181 17
199 350 44
890 617 28
535 881 11
610 135 25
69 808 27
330 729 35
366 902 10
705 802 18
672 746 17
991 967 43
261 290 15
397 326 5
817 147 10
693 152 24
533 838 34
379 619 1
425 698 28
416 480 40
831 987 39
650 631 21
790 711 3
995 381 15
900 327 35
754 326 44
189 424 32
341 86 3
606 414 4
630 211 22
114 497 4
522 204 33
775 943 17
275 135 51
349 110 37
232 488 24
572 440 14
136 613 15
197 75 6
547 500 28
346 637 2
135 782 34
631 466 2
771 958 6
684 850 15
888 828 28
327 836 47
962 205 2
583 615 7
153 132 18
235 774 35
308 719 5
546 751 29
45 88 20
810 691 5
20 815 24
566 209 2
709 766 43
829 991 13
82 486 11
574 858 25
957 288 5
571 164 8
20 458 21
993 621 5
828 932 22
59 390 8
460 204 47
768 967 28
958 287 2
223 563 22
294 860 43
181 471 13
16 946 22
97 283 21
302 914 18
931 596 11
663 176 26
679 313 7
450 367 14
922 626 50
761 310 11
880 131 18
705 183 46
277 931 23
263 24 10
161 856 27
351 123 47
647 802 12
611 968 9
74 474 11
858 576 5
917 750 50
767 595 26
781 869 9
23 422 22
773 261 34
406 540 25
48 958 31
519 482 32
553 805 1
78 661 1
212 448 27
88 182 31
964 629 13
942 977 34
284 291 5
483 598 25
797 300 24
660 783 4
279 622 29
661 634 24
868 630 13
208 245 19
470 834 40
20 526 43
50 112 37
294 493 44
569 321 17
86 710 43
594 797 18
762 77 36
632 422 6
718 393 21
293 865 49
678 134 27
609 585 49
657 939 42
425 435 20
286 709 18
37 920 15
430 541 41
450 156 45
546 329 17
509 870 23
482 909 23
977 631 9
398 679 13
493 452 11
694 912 5
261 138 44
786 195 10
713 464 20
195 296 34
860 25 20
315 500 15
974 961 3
806 215 43
687 107 1
158 672 12
963 248 22
881 875 49
702 845 47
203 876 28
427 301 21
665 579 7
211 66 21
638 902 3
123 735 23
525 28 36
586 916 3
796 314 11
526 989 44
945 343 44
238 770 4
757 592 36
671 478 3
406 450 40
261 23 29
94 682 2
75 142 2
239 626 7
82 264 3
425 329 23
213 64 1
432 203 47
406 200 40
933 385 9
838 187 30
917 277 11
410 592 25
313 827 31
723 235 24
830 867 14
521 809 50
217 329 4
193 785 12
257 780 13
896 834 38
258 320 45
959 863 15
410 734 4
241 462 18
173 819 35
808 526 2
139 515 5
322 571 46
124 899 2
389 614 20
266 923 47
89 571 49
997 292 16
68 779 41
6 814 3
979 406 1
797 687 38
349 264 9
245 959 2
140 735 41
65 562 27
986 944 1
85 926 4
456 251 47
113 51 34
893 950 29
999 572 28
144 850 18
970 581 4
995 532 20
90 424 18
235 710 21
121 623 24
480 366 29
921 684 5
814 531 41
522 109 32
744 638 3
869 313 22
262 295 2
887 131 6
362 456 13
812 152 48
733 297 18
464 592 6
294 70 12
869 944 6
197 812 4
1000 846 35
677 35 47
446 442 31
877 805 49
47 379 47
183 106 1
637 806 45
638 15 32
712 857 15
396 875 18
905 645 36
949 394 13
568 314 6
89 447 18
762 430 5
924 308 37
570 892 14
972 917 51
66 856 5
224 410 1
484 871 19
876 589 10
237 966 8
490 3 1
396 471 42
7 720 17
492 117 12
281 411 10
394 503 51
833 435 1
850 432 24
550 504 28
347 80 30
15 365 5
782 998 21
169 255 41
364 647 36
286 314 50
200 618 7
94 813 30
39 770 39
937 614 2
276 685 7
565 358 15
60 364 32
374 971 26
514 535 33
11 299 19
837 505 18
471 476 6
597 878 11
135 345 37
491 350 35
975 157 31
703 55 33
319 2 12
901 795 10
222 136 44
460 590 1
686 641 1
14 9 29
855 572 6
643 71 32
662 109 23
339 862 25
179 888 19
235 60 29
488 373 2
225 46 47
828 164 20
778 131 46
218 686 21
607 744 44
683 851 2
10 82 11
170 415 21
965 948 32
190 827 20
736 845 12
952 211 32
974 213 18
43 111 31
378 442 24
929 167 27
881 756 49
946 518 3
841 109 25
96 530 27
645 566 29
926 669 28
326 624 8
209 477 2
323 74 35
233 537 45
267 472 9
136 681 6
863 413 50
19 440 11
321 531 34
519 651 45
969 2 38
954 374 5
957 956 5
567 471 41
267 488 1
214 261 21
909 686 9
932 151 11
389 575 42
380 758 45
528 507 38
10 670 7
4 623 9
812 699 47
524 226 6
565 840 41
575 917 20
238 800 13
785 85 44
472 686 37
604 195 30
469 636 33
610 547 29
430 647 10
676 952 15
813 230 44
198 756 17
254 773 51
425 620 5
977 892 50
23 683 16
116 987 14
830 332 16
272 487 6
474 77 23
530 203 4
189 233 29
8 275 7
489 329 4
119 925 20
901 377 5
348 718 20
301 514 13
583 668 35
186 628 12
82 743 37
203 438 26
894 806 36
850 403 32
359 98 35
39 359 48
431 547 3
304 668 30
638 336 21
659 451 29
216 687 25
49 901 43
817 612 7
861 137 19
258 153 24
189 323 39
240 164 31
470 960 22
456 49 20
765 900 1
543 327 16
259 175 32
547 471 45
484 65 1
726 194 51
562 909 47
624 815 31
563 185 14
881 649 4
857 337 2
596 418 2
844 851 25
226 90 28
438 331 28
201 68 39
847 461 23
21 933 42
977 341 7
293 715 38
773 853 11
159 26 35
329 295 16
883 464 9
523 595 12
279 836 51
383 478 41
536 207 46
289 639 41
676 306 3
861 590 10
188 822 26
875 358 33
405 371 5
67 147 20
347 141 42
939 8 1
861 805 4
94 287 8
827 130 33
292 852 6
124 752 19
949 356 13
222 11 32
299 214 19
54 851 4
856 720 25
243 86 47
151 857 50
328 832 11
213 802 50
749 624 16
290 850 15
998 67 41
324 692 18
823 305 27
67 149 4
913 773 51
677 817 38
889 649 16
929 817 22
997 71 4
784 770 27
246 129 1
799 582 7
394 458 50
837 910 42
204 55 28
13 564 13
885 162 26
852 401 46
539 980 26
395 366 13
176 211 5
429 302 13
878 192 18
417 642 4
244 701 43
624 956 7
857 943 3
254 840 31
736 700 15
885 887 4
665 821 2
144 122 24
602 165 3
896 160 17
242 898 14
406 961 41
821 269 44
666 693 4
40 138 24
175 816 15
671 383 2
296 785 35
786 426 34
140 231 8
735 585 23
164 922 20
521 922 22
1000 184 5
17 321 35
53 7 33
605 678 8
423 365 34
851 544 2
319 112 50
378 721 19
344 100 5
527 300 18
97 33 45
607 954 5
785 98 1
378 354 34
384 119 30
304 138 41
435 477 24
1000 224 36
39 899 10
938 507 48
374 352 23
380 342 19
611 275 33
411 132 12
489 47 8
884 484 13
321 699 39
292 74 17
336 680 10
642 808 14
625 474 7
786 218 1
111 429 4
66 517 8
517 445 34
311 861 16
516 282 16
819 515 41
83 982 44
547 257 8
464 570 1
743 610 41
222 26 38
728 37 22
113 610 1
435 681 2
716 964 11
115 968 19
632 732 28
59 526 25
59 366 29
186 497 1
982 148 19
350 562 39
292 159 15
359 945 1
296 526 41
23 764 36
264 500 19
580 636 5
792 173 35
301 404 45
809 871 51
625 332 15
701 331 51
64 382 25
545 188 35
729 978 43
787 387 11
468 746 5
149 851 4
996 387 4
16 203 11
969 586 18
792 526 27
974 485 30
295 958 40
262 645 43
753 663 8
354 156 10
644 420 28
528 761 51
576 205 1
567 580 17
250 826 43
595 822 29
625 104 42
280 465 29
927 948 40
378 513 31
831 843 35
890 955 36
765 816 10
518 654 43
140 56 16
89 260 16
56 459 6
384 702 34
671 101 9
711 837 40
806 891 7
588 933 20
43 417 20
463 144 11
514 103 18
876 940 6
460 502 30
929 314 49
314 627 33
950 261 9
947 299 8
421 425 31
372 662 22
418 528 40
3 935 49
182 53 51
789 763 27
211 636 50
956 189 2
715 37 30
680 570 13
880 887 1
462 710 39
252 762 1
960 735 40
339 920 7
116 343 39
411 607 26
737 662 47
661 819 36
103 843 46
174 891 35
706 347 43
386 289 12
575 351 3
136 178 13
629 926 1
102 433 42
715 587 11
311 622 12
373 617 49
645 198 2
125 554 7
357 429 5
320 121 34
331 469 19
998 296 10
432 416 40
554 440 34
767 418 20
760 441 13
773 551 4
700 206 11
672 389 40
719 572 33
790 446 37
158 104 35
733 259 9
591 557 20
447 334 24
941 213 10
383 906 35
603 186 24
526 482 25
819 772 2
893 58 18
144 10 4
482 956 30
511 291 30
121 674 3
300 491 36
978 160 35
564 806 25
402 506 1
748 408 18
276 578 8
811 253 20
622 454 22
114 390 12
938 23 45
975 73 5
649 400 15
287 587 27
602 169 44
645 263 19
576 752 46
464 559 10
579 5 36
593 245 19
330 879 14
850 289 3
507 520 36
900 550 7
798 925 8
964 488 7
431 195 18
474 564 49
255 699 47
830 901 23
863 531 27
298 442 43
764 747 8
388 212 7
874 503 19
832 166 45
424 113 43
510 785 13
120 319 21
983 872 4
748 589 27
124 653 36
418 288 19
299 199 4
229 251 34
373 417 49
964 587 14
440 16 33
218 990 9
421 490 8
281 110 13
164 219 13
701 187 13
87 268 13
494 407 4
151 961 35
213 351 5
227 435 51
563 104 19
598 607 19
206 249 21
375 554 33
347 54 43
278 676 15
496 475 29
48 587 27
768 179 1
129 13 20
524 293 12
393 498 40
943 541 41
445 664 2
704 474 2
446 148 17
503 277 33
37 408 10
864 217 6
936 779 16
531 705 17
557 118 8
589 707 7
816 172 28
254 762 19
394 177 8
50 198 24
426 433 36
612 588 15
694 358 2
426 212 51
285 967 1
423 894 28
889 324 34
29 761 11
948 856 30
549 874 50
938 335 38
917 947 34
658 815 17
836 815 45
375 272 14
240 305 30
456 212 36
340 605 4
609 501 46
351 175 32
84 959 50
761 434 26
546 927 41
308 634 44
866 231 43
115 533 35
24 273 35
518 240 3
641 251 13
197 259 41
618 190 43
298 565 26
779 921 36
222 685 34
852 165 20
922 115 22
737 399 12
981 285 24
516 915 22
487 665 24
734 47 19
492 841 14
39 102 2
32 21 36
630 745 42
869 900 5
337 48 6
448 701 2
4 692 1
828 272 49
692 500 12
457 555 11
767 378 15
653 65 23
258 602 1
148 400 47
234 446 50
736 456 1
30 94 14
515 60 29
522 456 37
763 541 51
102 765 30
280 305 16
795 544 24
861 650 20
312 973 2
992 428 47
151 699 11
935 470 33
78 98 40
54 285 6
356 535 10
538 374 25
898 625 21
409 843 30
684 99 13
166 744 4
248 375 9
827 470 44
330 223 41
487 682 12
556 572 47
634 645 32
49 8 2
685 237 1
128 396 35
845 867 50
511 914 48
10 516 33
190 812 28
854 957 3
330 663 50
269 921 48
558 17 26
560 978 2
227 810 29
108 400 29
805 541 38
274 44 23
149 657 47
294 596 4
773 26 51
274 45 30
26 887 6
21 398 32
262 215 17
277 423 23
193 374 35
805 165 4
628 949 49
570 912 20
151 732 25
121 30 49
15 775 51
901 906 22
360 168 20
525 374 8
829 852 47
909 381 15
795 336 17
541 914 10
69 981 33
792 184 39
115 378 1
542 333 20
616 147 4
401 479 3
950 4 45
133 837 42
338 727 23
760 783 41
430 154 34
543 178 31
650 450 38
693 17 8
982 276 21
520 967 18
408 557 3
894 718 49
366 644 13
230 269 27
172 305 50
324 211 50
473 431 12
127 179 51
123 796 17
724 184 3
146 216 25
662 236 36
704 799 8
763 990 45
414 618 26
136 465 43
324 705 25
105 114 12
747 763 31
489 865 4
841 100 17
780 320 2
106 204 2
410 178 44
288 877 6
665 316 8
244 979 46
703 134 5
839 444 10
200 436 9
583 854 16
272 712 48
131 390 49
275 831 13
631 163 35
669 851 2
162 414 25
508 757 49
517 554 49
61 415 33
127 494 21
511 207 31
18 752 27
675 621 7
390 58 30
554 83 10
439 607 13
856 311 21
39 205 11
698 96 2
378 638 39
320 799 46
38 349 14
996 20 4
717 605 48
307 18 10
51 79 18
980 416 8
770 638 6
179 844 37
412 869 8
569 316 1
277 835 36
48 4 29
73 615 1
479 531 18
25 3 12
882 846 5
374 900 13
874 193 50
133 843 51
620 468 5
673 858 44
692 669 28
915 33 31
915 686 25
406 508 8
653 215 44
613 84 22
376 962 4
389 730 9
792 790 8
362 390 14
455 807 42
707 44 2
490 986 33
949 100 4
138 322 1
167 520 24
709 354 28
182 590 31
942 425 3
422 343 5
1000 735 43
675 102 25
5 139 7
141 287 1
315 273 42
122 713 1
144 880 46
466 270 34
472 622 25
845 703 13
766 699 29
575 145 43
272 299 18
728 245 5
156 244 42
139 813 24
972 570 37
512 227 19
851 98 31
995 472 27
698 47 49
286 916 50
486 391 43
63 343 36
81 498 9
988 381 7
404 339 22
666 394 5
789 222 26
909 619 45
255 311 18
30 977 30
264 673 2
814 725 1
373 909 33
143 246 9
267 272 22
255 814 26
880 300 21
240 449 3
756 482 21
244 866 3
140 740 1
661 840 20
58 368 45
588 201 47
352 11 36
506 375 30
384 738 13
343 164 26
326 412 46
164 797 40
793 425 11
326 336 4
746 254 4
241 724 44
732 2 14
967 700 14
128 385 28
173 937 2
732 855 12
110 815 22
173 81 9
250 424 40
812 727 37
228 849 23
549 853 48
358 615 12
615 828 10
722 406 43
463 211 41
309 755 21
959 647 5
822 677 50
952 130 13
538 1 26
297 581 49
390 137 32
127 11 21
187 252 12
800 143 6
165 431 8
590 282 9
425 403 23
916 434 21
653 460 31
338 302 31
387 492 2
449 19 29
132 284 38
522 643 9
137 818 2
281 140 2
292 797 13
78 175 42
860 807 46
215 291 36
824 893 19
466 450 23
772 865 45
876 700 33
886 314 46
865 38 1
629 19 46
345 968 39
297 699 6
269 84 7
11 939 6
55 475 51
406 405 41
59 81 7
715 502 17
142 618 13
805 706 13
218 387 43
146 702 48
998 22 1
128 304 16
147 673 28
1 331 3
522 605 28
141 203 18
550 31 2
350 957 16
233 571 12
73 231 11
791 698 2
845 778 49
96 262 34
963 264 15
615 525 32
990 935 18
681 974 32
905 766 33
619 372 19
40 634 22
119 339 45
793 288 43
239 972 29
785 221 48
814 868 17
469 373 7
943 989 15
728 373 46
420 20 21
26 156 37
680 543 30
821 985 41
867 319 46
419 920 41
300 141 16
960 792 23
424 63 20
842 997 32
843 250 8
383 141 13
758 365 2
441 896 7
581 549 29
459 455 50
231 31 7
149 827 10
735 722 21
283 499 19
844 301 32
312 461 29
946 117 6
352 215 28
86 455 12
995 849 19
903 103 21
828 489 16
79 396 28
771 554 15
590 765 12
112 430 2
589 259 31
265 483 6
822 186 3
237 988 43
906 573 2
912 284 42
229 217 30
237 72 24
445 502 49
825 460 4
187 553 19
146 912 43
952 840 6
9 579 5
430 362 33
228 670 42
252 317 49
920 357 36
229 384 20
565 15 32
126 557 18
918 339 47
749 345 19
517 371 26
627 239 20
578 325 3
118 182 4
344 293 10
520 222 23
33 750 36
258 235 24
369 516 3
80 531 5
306 888 5
568 322 24
912 841 4
298 978 46
756 581 31
445 575 43
231 654 15
612 46 33
582 814 6
584 152 44
697 597 9
641 368 9
952 108 11
279 154 27
841 451 28
677 459 24
499 881 2
212 28 42
844 231 8
457 736 22
494 884 51
365 261 31
196 201 49
33 537 20
602 523 34
99 15 19
248 357 46
80 453 26
672 69 24
682 308 41
938 190 49
721 752 45
118 312 22
636 123 34
994 456 23
58 433 32
477 622 7
517 778 25
94 437 14
966 606 30
610 534 35
655 975 2
958 155 46
27 223 1
444 428 21
738 602 4
202 506 48
618 431 29
693 827 35
531 372 6
12 233 8
451 124 6
681 439 8
189 431 6
55 955 14
817 251 41
174 445 26
529 991 33
704 697 12
635 683 9
851 393 46
905 194 8
225 88 6
990 604 27
445 163 13
997 702 19
511 86 33
278 441 14
560 387 3
446 17 40
33 604 8
98 969 50
577 953 32
249 937 24
982 283 11
815 236 38
256 745 32
965 710 40
447 187 35
172 475 38
307 646 12
116 305 45
292 727 30
156 882 11
59 299 25
564 281 46
234 200 35
236 258 16
492 895 10
3 792 47
926 51 16
495 634 2
399 490 23
757 523 8
515 89 8
729 384 4
925 305 1
349 326 8
349 556 33
585 371 4
297 890 34
819 343 16
786 724 40
838 368 18
969 143 41
397 447 28
327 719 15
24 388 43
319 822 40
998 739 12
792 83 33
557 85 41
342 410 6
359 26 35
375 200 14
147 979 34
759 935 33
838 959 11
562 448 34
972 498 42
744 480 8
38 404 6
852 623 12
557 961 44
789 113 21
932 542 17
83 441 2
965 895 24
877 274 19
950 861 22
56 721 17
207 746 3
914 911 33
778 537 25
191 860 28
900 120 3
760 722 12
977 414 43
556 624 19
817 961 43
827 916 46
368 135 38
97 405 30
592 4 2
868 838 4
902 916 43
340 414 49
284 896 45
112 737 24
255 549 22
726 443 10
122 852 37
84 365 38
353 760 27
801 919 38
434 26 13
698 33 9
607 485 24
529 192 1
775 226 40
69 270 33
504 230 8
3 638 23
316 576 27
913 824 28
314 936 35
564 652 8
189 249 45
697 478 9
645 207 43
84 697 37
536 875 17
674 446 24
178 341 5
417 798 9
268 579 7
314 834 1
501 585 40
739 793 22
104 71 51
77 265 51
223 526 8
483 521 10
847 624 24
602 599 16
692 832 18
77 793 25
1000 122 35
478 59 40
852 449 49
234 90 3
402 398 25
737 883 11
637 328 16
558 747 2
448 262 50
709 530 37
544 166 23
786 72 47
722 276 11
212 772 42
878 855 8
627 420 49
104 491 30
937 287 30
411 495 33
460 110 7
260 373 39
317 14 47
459 183 32
7 508 47
418 945 10
717 78 3
730 956 13
712 234 32
240 715 45
383 900 39
178 92 11
196 987 51
242 718 25
651 850 7
799 460 42
87 503 21
825 592 31
708 128 36
769 400 11
312 911 3
896 996 30
891 877 1
243 924 20
71 469 26
288 258 13
298 524 2
965 393 30
230 968 37
152 494 46
544 348 11
289 120 33
386 87 49
904 917 44
220 573 34
40 578 50
783 386 14
340 921 35
206 462 51
296 561 25
42 649 27
918 408 20
919 417 1
398 334 48
60 493 12
774 490 39
66 744 41
310 218 29
21 537 51
587 312 40
65 332 44
592 139 19
433 97 6
135 417 14
918 893 50
831 583 39
881 301 22
285 496 19
807 259 14
116 649 34
853 197 5
413 207 51
942 609 27
965 767 26
71 866 15
646 883 46
310 728 41
77 551 16
498 118 17
85 828 14
226 398 5
887 387 32
685 956 24
628 924 3
101 895 40
86 858 39
275 965 36
474 904 46
927 68 45
852 366 1
999 688 51
474 987 42
993 80 1
714 228 43
589 70 5
536 299 8
815 392 22
842 292 3
739 750 49
48 74 28
203 356 1
656 29 27
30 380 42
217 851 48
568 467 29
107 397 7
671 358 33
873 393 39
422 567 9
747 657 21
348 475 6
734 215 48
924 603 9
27 322 20
83 886 11
475 842 1
95 474 18
763 362 41
809 50 18
684 356 6
643 840 4
369 314 48
215 163 33
180 903 5
834 807 10
623 12 13
305 201 47
244 756 41
291 993 7
668 912 5
47 428 8
597 94 44
422 491 30
592 406 7
688 380 30
837 132 32
989 763 8
278 297 20
633 300 46
701 969 2
599 125 5
38 463 21
626 105 24
41 286 13
864 757 4
603 494 7
540 74 23
702 414 46
577 121 18
493 255 3
821 656 20
457 17 34
237 593 24
273 952 11
159 132 44
9 499 5
784 278 8
660 361 51
258 771 7
411 36 11
490 811 6
879 423 51
54 719 39
383 246 33
163 494 12
468 286 16
694 396 26
523 588 47
862 741 26
978 102 25
598 208 19
20 72 47
160 664 27
134 753 6
420 366 40
983 132 21
63 357 1
861 997 12
210 774 4
313 418 25
721 136 7
987 688 34
369 514 19
862 468 1
94 520 29
857 740 10
298 897 31
856 70 21
392 346 4
292 323 34
164 116 12
215 633 2
794 719 51
158 402 6
278 860 24
177 373 4
345 189 25
320 237 9
183 998 24
300 556 10
918 309 6
834 459 7
838 813 2
889 522 28
584 847 51
443 400 31
409 689 25
893 980 32
699 328 28
788 962 24
350 930 2
471 798 6
383 558 36
86 501 25
408 232 43
131 194 38
611 214 1
797 359 36
125 521 30
22 584 23
607 800 7
30 475 8
650 708 1
448 493 20
475 983 27
317 60 28
638 536 45
272 585 3
325 599 34
251 666 10
647 990 44
101 10 15
902 96 21
947 906 36
279 594 2
818 874 3
681 860 7
990 25 49
735 633 32
613 412 30
163 514 29
915 343 15
314 203 3
521 967 36
599 605 41
968 365 51
146 480 21
747 671 4
454 784 1
313 7 22
54 504 24
110 357 24
396 519 29
676 86 11
129 562 32
422 736 8
705 367 46
388 863 34
158 991 42
407 805 20
189 360 35
534 826 30
760 370 2
313 165 16
994 747 43
525 282 18
305 799 7
703 284 31
532 353 14
778 4 21
162 636 23
186 346 34
184 196 7
620 701 9
705 330 26
231 247 15
241 453 12
13 965 4
597 393 48
82 68 50
924 434 45
667 272 47
866 108 41
694 785 33
941 854 2
9 220 28
510 495 10
457 632 3
579 321 44
208 977 26
836 77 44
380 517 17
311 715 15
519 830 3
325 222 1
35 153 33
544 612 25
329 760 9
533 190 47
927 436 17
680 220 9
676 256 9
567 490 2
252 717 2
476 593 8
515 830 29
674 673 37
668 494 33
696 111 34
416 435 12
353 138 12
966 454 44
703 310 40
580 891 44
642 914 6
356 994 5
271 366 35
702 681 37
977 723 2
577 217 28
512 172 2
743 648 47
520 297 2
266 244 20
61 495 33
240 114 50
68 537 8
425 804 9
866 649 29
722 885 18
328 380 7
669 982 38
956 300 4
170 490 23
348 418 23
85 256 10
722 173 14
780 48 29
626 521 16
202 860 21
409 487 49
59 491 12
824 812 18
9 405 36
501 931 19
279 933 2
398 238 17
917 320 47
15 998 28
895 625 32
301 882 25
791 838 49
300 817 36
31 118 45
523 96 11
236 990 17
106 11 1
729 461 26
569 866 16
425 228 46
886 861 19
975 901 9
802 297 27
651 211 31
540 704 34
145 999 42
202 983 9
361 280 34
542 210 25
218 775 15
249 412 28
431 46 17
708 758 4
332 846 1
283 428 31
531 561 45
948 786 5
820 646 13
437 715 44
265 262 37
322 262 14
563 386 24
797 118 35
951 395 49
75 585 8
177 154 3
92 290 34
469 473 23
974 736 20
924 649 4
303 999 4
817 840 35
724 302 12
892 178 23
281 591 9
839 949 42
32 864 41
89 906 12
418 119 34
321 363 8
338 921 4
681 200 8
789 697 11
149 642 9
429 266 1
151 833 48
442 192 40
556 642 18
883 916 4
427 47 50
82 107 20
453 481 33
252 548 36
329 306 24
969 779 15
64 489 11
88 286 6
786 42 31
342 113 1
69 646 7
103 374 33
788 628 38
205 404 9
629 160 3
666 367 28
344 79 9
995 902 33
8 609 42
862 796 40
365 750 5
1000 989 44
474 312 42
335 795 35
926 248 6
229 41 10
29 787 1
783 550 9
771 79 22
287 92 44
855 338 49
475 594 14
465 578 25
124 191 21
387 182 16
80 350 26
396 203 34
322 338 26
463 535 7
856 964 1
942 989 13
136 42 28
263 533 5
762 657 43
347 980 9
914 266 8
353 362 2
829 507 14
976 237 39
863 1 39
858 819 42
212 131 2
290 399 17
443 240 38
697 230 27
57 52 12
664 454 13
540 55 14
678 253 20
140 382 13
653 321 22
70 761 4
112 710 34
868 542 3
642 853 38
43 630 38
360 511 11
803 345 8
371 235 7
119 262 33
317 149 25
800 350 4
736 945 7
649 651 4
940 911 30
65 9 47
750 587 30
718 689 25
786 205 19
176 23 13
700 797 35
507 488 32
410 105 9
777 165 34
375 814 1
626 904 15
613 187 40
67 552 23
373 613 10
508 635 33
251 434 25
945 122 36
257 993 27
436 587 1
120 722 15
877 404 5
674 574 19
14 721 1
660 614 5
339 812 31
479 561 23
180 884 14
497 454 31
375 338 38
143 819 6
716 669 49
93 290 34
710 455 6
825 871 32
238 978 46
789 78 1
495 679 1
18 994 5
153 619 44
584 738 47
231 570 48
97 589 33
1000 817 34
377 819 10
455 903 14
282 572 19
226 194 38
470 961 9
635 91 16
301 538 24
253 269 24
587 202 20
340 472 29
778 592 51
319 234 8
827 168 47
217 932 24
591 302 12
307 660 44
133 676 37
193 14 6
596 666 11
241 534 20
141 139 17
682 43 3
834 767 35
870 54 24
829 317 12
448 836 9
971 672 42
441 873 12
377 214 28
244 398 33
898 214 9
837 875 15
469 26 10
950 765 17
764 633 26
585 887 46
35 743 9
14 744 23
987 706 22
773 31 39
364 907 5
981 308 14
683 131 32
680 201 25
227 163 1
121 594 47
229 630 9
491 41 1
657 99 23
6 200 33
490 337 17
277 36 7
483 119 41
267 993 18
791 709 23
718 813 10
849 168 15
228 998 5
518 477 6
655 660 32
254 165 13
983 708 41
770 269 4
838 167 21
964 177 42
326 645 3
435 306 24
735 814 20
773 482 32
61 835 28
60 61 1
159 269 11
372 567 48
654 582 18
171 187 28
420 786 12
607 369 46
110 35 24
62 323 51
509 101 10
937 496 13
158 153 51
762 511 49
737 537 19
886 323 7
722 286 36
593 633 10
269 501 9
543 455 12
71 318 29
778 11 42
528 209 16
110 642 11
349 372 15
910 37 2
506 650 21
536 451 8
765 820 36
28 479 30
911 350 48
358 846 15
765 229 24
852 704 36
908 565 20
417 385 38
856 35 18
453 59 27
599 305 23
895 384 3
987 906 1
645 140 24
417 861 51
153 69 29
453 583 19
544 731 36
822 901 43
982 509 4
290 115 51
890 977 2
402 334 12
381 784 15
741 152 5
953 163 7
270 852 30
383 368 5
751 707 23
701 868 13
599 57 32
172 366 42
103 364 39
814 333 29
899 286 48
424 891 44
835 884 26
176 109 3
795 566 1
793 905 37
809 612 31
986 443 18
647 424 7
460 308 19
733 805 8
647 476 15
109 823 43
930 90 50
840 970 11
501 36 36
640 990 21
923 488 27
590 685 6
142 917 19
211 249 18
603 765 22
660 387 48
18 143 43
253 936 32
354 891 4
580 946 33
930 503 11
242 240 1
584 576 15
349 522 4
8 66 23
768 861 27
906 710 33
744 264 12
266 957 19
274 87 11
604 59 5
214 534 20
863 6 42
168 845 16
219 353 50
477 701 8
238 959 41
49 167 2
886 833 24
768 81 7
943 949 13
642 886 17
992 673 19
884 76 9
456 274 17
758 344 1
76 134 1
178 876 14
429 608 37
263 624 1
18 790 1
552 769 27
883 204 48
866 694 24
966 701 3
210 296 42
73 577 29
664 669 24
751 559 30
125 410 26
84 663 8
224 492 33
825 994 43
1000 283 25
664 444 22
586 937 45
432 908 33
882 858 32
119 366 2
762 788 3
601 211 42
970 160 26
949 918 13
422 771 36
595 587 35
398 208 47
449 282 25
228 401 31
656 484 28
464 519 26
690 273 24
757 722 19
161 90 44
92 919 21
6 159 3
981 118 1
696 6 44
778 117 5
650 268 36
674 198 21
95 57 11
461 578 33
710 411 18
137 274 24
45 520 33
483 195 25
26 53 26
368 242 9
464 459 23
477 727 9
385 33 2
80 689 45
533 65 28
244 846 28
278 598 49
408 122 17
904 145 5
776 499 29
707 346 15
747 65 3
270 1000 24
972 827 9
827 63 26
165 830 34
555 78 47
990 642 33
479 604 39
860 366 5
268 399 33
842 35 37
201 884 35
382 670 3
686 454 35
897 453 38
285 281 50
934 335 39
414 389 43
343 457 15
273 841 10
629 381 20
466 539 33
985 477 23
978 6 22
806 73 1
319 422 4
760 40 9
92 700 14
793 557 36
658 604 36
564 855 39
378 498 26
59 432 28
230 298 16
939 30 42
491 94 1
35 162 8
48 402 28
918 875 4
784 727 43
938 281 18
297 64 10
47 75 24
987 117 7
214 180 32
570 753 3
100 480 5
256 533 3
919 491 33
777 380 10
308 73 49
573 248 29
804 996 18
603 569 1
679 852 11
766 432 17
238 22 20
377 593 8
64 252 22
445 774 16
61 97 28
755 775 10
990 13 28
151 166 41
602 748 30
421 430 19
35 484 49
308 653 30
817 889 33
852 166 9
487 158 12
459 611 26
522 957 38
82 938 4
131 239 8
141 72 8
750 354 31
333 291 3
419 762 2
84 27 17
195 809 12
585 228 10
846 122 5
36 7 27
727 793 1
665 376 9
370 590 43
83 57 17
991 39 37
647 910 21
183 195 9
442 343 37
298 884 44
16 532 39
24 687 8
307 628 45
933 309 29
438 415 44
694 36 19
641 124 25
204 231 1
421 893 10
370 770 8
802 304 12
978 899 29
19 757 19
914 944 29
568 587 29
346 695 33
295 60 45
970 90 44
803 231 22
6 69 41
668 438 11
575 856 46
998 936 51
978 676 48
511 4 31
244 546 9
468 21 23
505 493 10
866 965 50
809 267 28
284 487 35
957 169 24
100 237 2
878 193 32
407 345 1
462 758 45
98 265 1
490 296 39
979 44 47
964 727 49
503 352 27
869 536 25
392 382 29
230 57 3
286 891 32
195 389 36
499 607 16
781 100 49
318 341 5
302 498 34
416 188 2
775 367 2
744 734 32
42 734 5
603 368 6
763 220 35
216 735 33
725 320 1
318 315 25
902 167 8
630 686 14
61 85 50
164 706 18
848 368 4
652 593 13
495 469 22
92 683 48
136 170 47
467 550 49
215 957 37
909 903 2
315 140 36
408 369 51
266 770 9
530 723 10
794 335 29
32 817 27
632 709 51
676 790 23
204 777 1
551 115 25
464 621 39
167 139 15
595 387 1
558 602 40
812 178 44
748 440 1
750 585 8
833 42 11
57 791 14
126 956 12
381 119 2
891 447 9
850 756 24
150 153 12
192 567 28
999 116 9
739 351 6
87 510 12
869 144 1
811 464 9
189 708 41
799 726 1
255 578 15
196 668 4
562 700 30
241 999 19
404 271 23
120 655 6
505 453 6
447 641 24
962 589 50
646 245 24
586 803 39
125 167 21
551 239 29
624 427 12
763 523 39
439 824 25
846 95 4
511 936 28
276 123 7
197 355 4
61 978 36
809 369 7
766 769 15
569 536 24
525 49 6
978 586 19
744 299 14
429 599 6
751 337 19
747 806 47
489 423 10
44 735 2
822 59 26
797 637 17
813 761 21
599 640 26
479 768 3
957 108 18
870 619 44
985 536 17
192 50 9
753 350 23
969 577 14
634 816 50
837 976 26
707 463 51
785 170 28
786 129 38
968 472 2
337 649 3
484 150 30
36 85 36
763 966 25
172 778 17
219 121 1
694 224 12
190 29 9
639 568 28
629 675 13
448 50 7
482 225 6
195 104 18
172 268 7
595 320 36
636 792 14
16 526 51
978 736 42
130 306 5
894 751 13
251 512 14
582 844 1
718 681 4
924 194 36
666 822 46
67 504 3
104 363 17
362 457 34
19 895 49
566 746 7
434 541 18
646 879 46
261 505 10
158 287 34
961 662 12
468 2 28
293 7 8
346 980 13
584 503 43
320 493 7
503 228 50
175 670 37
930 364 7
351 766 14
440 882 6
98 919 31
872 406 50
17 511 45
425 567 13
248 928 50
925 340 7
773 232 40
747 430 10
681 201 14
839 121 11
666 545 42
526 145 23
614 975 34
939 240 9
73 789 7
477 971 36
307 164 47
652 819 10
771 960 4
189 747 19
112 593 50
435 339 21
113 202 3
412 747 2
664 572 32
888 34 23
573 879 32
148 586 4
699 230 41
230 478 35
552 48 11
165 250 10
86 156 18
280 509 51
579 68 19
892 781 37
233 172 14
30 481 7
893 435 13
767 833 47
305 487 30
375 616 8
973 171 35
816 983 25
472 513 40
261 786 8
573 124 23
693 658 45
319 278 11
405 126 7
917 109 5
141 880 18
698 850 23
550 672 31
664 278 9
771 214 11
512 636 11
972 121 48
964 979 23
603 469 19
982 1000 9
403 130 25
145 577 24
753 457 39
267 159 23
384 403 8
86 93 38
31 401 27
322 475 8
602 947 3
239 157 36
316 533 34
706 875 37
937 888 4
755 771 11
388 50 28
389 206 10
205 573 31
743 732 19
415 69 7
640 408 51
80 751 10
21 637 25
644 737 10
769 378 37
625 377 24
920 710 50
768 914 17
938 535 33
974 509 28
859 292 37
539 399 16
505 522 36
521 506 41
754 174 41
827 464 17
426 249 38
590 587 47
701 129 6
331 905 13
614 597 39
205 960 1
779 750 37
126 741 7
17 671 30
406 431 22
841 285 20
65 118 6
868 248 12
900 703 17
789 796 8
344 766 10
72 892 26
109 10 29
942 446 35
227 177 8
855 683 26
588 349 35
83 989 41
994 656 18
664 447 10
94 926 23
493 862 14
940 869 13
277 381 30
904 269 38
548 402 5
161 480 27
404 312 33
242 306 38
480 709 27
446 583 25
794 191 8
626 337 35
113 303 41
281 116 32
431 573 17
961 811 27
945 651 24
297 468 39
37 459 50
619 264 17
638 703 29
56 882 50
716 328 21
168 850 49
165 389 27
315 539 46
106 775 25
528 490 10
505 847 26
301 336 24
367 176 6
506 118 15
559 513 2
589 784 42
580 427 43
74 309 41
732 259 40
828 109 38
645 109 22
513 279 3
924 996 16
600 572 33
709 776 1
670 303 3
786 972 3
437 720 43
158 745 10
459 398 29
96 881 29
803 195 3
424 750 3
915 830 34
873 651 41
92 344 45
662 601 18
981 447 12
618 98 5
998 569 2
214 192 26
385 512 4
283 32 33
780 34 13
123 412 31
700 314 38
915 300 38
756 21 14
670 622 7
306 267 21
254 886 16
150 906 31
818 513 23
434 414 27
695 851 37
622 306 15
614 558 3
690 615 38
601 831 35
742 589 1
184 370 7
941 982 23
990 954 33
549 327 15
82 400 11
916 310 48
553 127 27
659 406 27
232 324 15
226 64 2
124 604 15
139 538 30
440 185 22
787 823 19
647 746 47
187 337 49
234 907 31
541 402 25
8 899 4
257 598 41
79 403 25
293 521 9
674 303 8
808 86 32
404 39 1
712 587 32
450 372 29
825 390 8
489 380 3
57 501 41
509 890 50
987 909 23
876 231 42
207 501 36
275 689 6
197 111 43
569 327 45
633 742 7
680 88 25
788 553 13
844 199 30
772 244 3
717 441 38
550 788 51
463 206 41
405 701 10
615 251 49
193 328 10
413 949 3
474 420 11
746 285 11
512 565 13
310 261 48
328 568 8
338 65 15
259 324 42
183 837 15
17 150 4
249 788 5
282 631 39
551 408 43
914 782 19
143 862 9
868 548 12
663 94 21
605 751 6
211 965 1
218 556 43
570 992 13
903 599 1
500 609 14
753 752 50
960 160 9
609 866 14
879 417 49
867 102 25
445 829 42
708 398 3
363 97 28
788 183 18
563 268 22
890 547 30
200 637 27
55 485 38
189 367 43
943 42 5
208 979 28
410 825 45
129 918 3
111 936 25
303 411 48
618 247 2
589 404 28
514 729 3
503 859 51
132 933 32
590 69 33
883 80 12
834 440 23
418 397 26
139 395 50
911 903 45
819 104 26
116 829 26
994 583 19
671 811 12
593 132 22
944 828 10
334 739 1
770 355 25
516 717 22
198 246 28
550 657 39
940 706 18
29 991 43
167 836 3
133 855 14
510 525 5
569 116 28
869 108 38
966 970 39
272 14 16
832 190 12
486 742 43
301 166 22
561 221 22
59 47 49
100 805 10
559 32 24
