1000 705 5
5
39
43
36
45
37
29
31
21
37
17
1
45
45
41
11
22
38
36
30
31
49
29
30
3
3
2
4
11
8
11
27
27
15
42
44
40
31
27
38
43
48
30
20
21
14
20
18
15
24
4
15
9
45
45
45
20
3
17
15
27
34
29
37
1
12
9
24
8
16
30
18
24
1
37
49
23
48
32
20
14
23
28
26
29
23
1
35
32
5
42
44
31
32
39
15
16
49
31
36
8
27
42
10
12
39
2
4
19
22
41
42
13
22
40
1
23
44
33
43
40
25
17
17
29
1
38
26
49
49
4
30
10
32
13
10
27
13
10
7
39
39
1
24
48
16
17
10
1
11
2
15
31
40
32
20
42
27
41
13
5
9
33
28
1
15
47
4
29
39
44
8
45
36
9
20
18
3
33
7
6
49
14
29
21
13
18
3
30
9
18
47
2
41
13
29
19
7
13
49
12
19
43
31
36
42
44
38
49
38
41
45
43
17
29
21
9
43
41
26
3
14
44
15
33
49
46
28
28
41
11
20
16
32
2
20
21
48
33
18
21
27
13
23
27
47
30
26
41
21
34
24
10
40
34
32
13
27
15
44
4
42
28
40
38
13
25
5
40
43
6
2
17
36
34
25
1
22
25
42
45
14
21
28
23
50
30
4
46
11
28
33
7
50
39
44
24
14
28
32
44
23
27
7
13
13
14
14
25
11
33
32
39
33
42
26
22
42
33
48
11
15
33
13
22
42
13
4
28
12
44
44
39
47
31
40
30
10
2
7
30
31
16
42
28
27
16
26
7
45
38
47
30
31
29
7
37
13
34
13
5
20
26
9
28
40
32
41
13
23
2
48
37
43
50
1
37
7
12
12
35
33
3
26
4
19
21
48
31
17
7
25
17
6
21
45
16
26
10
15
28
49
18
16
2
26
46
34
23
47
47
37
18
45
8
9
49
40
3
43
31
42
46
50
11
9
24
28
12
25
28
25
48
3
4
17
20
47
27
4
7
40
37
38
41
16
33
45
42
39
6
39
20
3
38
38
9
39
10
37
31
3
10
22
30
3
13
38
8
31
13
22
5
20
45
14
29
10
37
29
17
49
13
23
30
1
22
32
39
13
31
6
50
16
46
46
18
46
15
22
22
37
15
31
50
34
48
44
35
5
18
14
19
49
38
25
33
24
9
47
24
17
45
8
38
40
39
20
6
13
43
5
35
18
18
21
14
27
37
43
35
34
25
33
35
29
25
18
4
44
32
30
3
17
15
41
28
30
3
31
33
31
8
49
36
3
14
42
4
2
13
20
50
24
45
17
46
26
31
43
30
50
42
5
33
50
43
8
15
25
31
17
19
2
24
8
5
2
25
35
44
15
49
27
21
46
38
32
26
37
31
19
5
19
27
13
7
14
32
11
29
19
11
5
39
44
30
11
2
17
19
18
9
11
46
48
27
14
9
34
45
18
7
40
17
13
7
40
49
43
25
23
40
45
25
43
20
3
2
8
24
12
47
7
17
45
48
37
27
19
5
39
44
28
1
34
35
9
33
44
2
41
39
29
1
20
19
11
39
17
20
7
33
50
10
28
3
18
4
19
9
32
50
36
12
22
13
21
29
37
17
40
24
46
14
39
9
23
43
2
18
7
6
14
27
35
4
3
30
20
40
7
33
5
13
22
5
31
7
40
22
1
16
41
32
47
26
24
44
17
50
19
11
40
35
27
5
11
38
23
4
20
49
15
38
24
47
35
2
8
3
23
10
6
29
7
5
12
23
19
29
49
46
17
50
2
24
42
19
32
29
14
41
19
33
37
13
39
8
5
14
16
31
7
4
1
36
9
46
38
42
38
12
17
11
41
4
14
50
1
49
49
35
10
16
22
27
50
8
44
45
41
23
36
47
33
30
35
19
25
48
30
13
1
24
33
5
3
46
17
47
47
14
43
12
44
18
49
44
8
33
17
16
50
48
14
19
33
17
23
3
3
37
10
24
29
40
43
9
24
24
4
17
24
30
32
11
27
26
14
22
31
21
38
38
22
17
31
24
28
6
27
8
13
45
36
43
40
41
2
34
46
46
46
32
45
39
41
43
5
15
50
16
33
48
39
45
33
12
7
3
7
21
14
24
35
43
15
24
31
47
46
5
37
1
21
45
19
23
3
43
48
25
19
26
33
40
22
7
26
23
22
28
14
47
3
25
5
28
7
9
12
42
32
15
39
49
27
43
8
32
26
30
7
31
4
45
5
18
32
32
37
33
20
47
15
10
30
36
15
238 412 19
830 434 34
515 111 8
475 168 22
219 22 13
12 658 1
872 483 1
816 640 23
974 53 5
891 753 2
379 552 10
410 867 41
951 714 4
276 635 1
813 146 7
165 499 1
640 16 10
431 15 6
444 149 17
465 653 2
798 917 22
268 533 2
634 360 5
370 536 9
868 704 22
225 472 1
893 480 1
706 730 14
912 365 45
499 336 15
136 855 3
626 848 6
228 887 16
983 952 12
395 953 17
138 770 10
980 679 5
290 539 4
257 514 2
826 448 13
383 298 3
252 358 2
740 319 5
446 908 43
15 940 15
377 98 33
903 395 4
993 432 16
522 454 17
819 34 44
736 402 3
20 990 30
520 829 25
673 735 44
810 326 25
531 221 11
249 399 29
2 802 7
695 720 3
282 570 10
889 137 19
201 486 6
702 112 22
478 292 5
586 208 7
72 243 6
691 57 11
52 806 12
573 43 24
523 639 13
191 237 14
190 691 9
345 548 14
754 854 39
308 915 8
728 273 3
651 116 3
31 471 1
897 44 5
310 345 8
67 29 2
545 722 16
523 826 35
687 672 12
885 350 28
230 322 2
919 476 35
167 397 22
468 315 20
284 522 1
450 475 23
398 814 6
870 584 2
679 922 2
236 308 12
902 762 23
894 31 25
309 881 15
170 943 1
841 811 28
904 974 2
464 760 22
947 615 33
618 882 13
70 744 4
937 891 35
818 962 2
842 381 27
73 436 9
569 138 3
239 197 6
432 299 7
899 363 14
436 736 13
700 947 17
359 136 33
93 742 29
538 606 8
585 177 21
555 407 4
368 732 37
433 121 16
333 776 7
787 134 3
260 464 6
748 950 16
217 789 8
914 929 15
102 822 11
147 94 6
360 983 2
543 450 17
391 993 4
741 543 20
89 542 10
744 135 33
936 624 33
141 637 31
40 481 29
482 269 36
250 969 16
845 528 21
970 845 3
140 960 5
570 688 2
275 775 14
547 470 9
966 74 1
100 476 20
221 186 1
418 816 20
775 870 26
1 277 2
447 230 10
915 686 4
905 5 19
686 684 7
556 333 25
351 235 22
404 657 32
675 219 1
828 553 5
755 78 7
836 560 18
109 783 2
208 996 20
233 515 1
438 374 8
747 108 21
226 828 32
505 303 1
564 348 10
420 188 7
63 457 16
293 994 3
722 685 4
735 955 6
929 901 10
848 596 2
976 417 24
129 61 30
30 183 4
381 638 21
229 782 15
760 537 1
794 790 1
985 513 5
516 572 21
641 20 3
941 307 12
529 371 1
363 344 11
608 610 24
277 898 1
69 659 5
560 390 31
615 622 7
992 301 28
778 228 6
767 918 33
50 582 17
112 764 25
415 665 2
504 289 14
620 791 9
720 516 2
764 593 4
76 459 30
181 643 2
184 403 22
503 175 13
157 731 28
577 378 28
624 956 4
609 342 18
926 836 32
563 271 3
88 449 21
968 286 5
387 930 1
535 370 9
412 608 25
451 241 3
807 784 6
361 409 1
123 676 6
10 937 24
108 695 1
271 334 6
265 757 35
471 979 7
132 914 25
342 404 24
855 749 6
803 810 23
934 387 13
525 70 13
298 380 11
151 218 2
834 79 28
822 766 26
3 493 24
733 394 27
814 935 5
334 191 46
143 109 1
922 946 22
921 968 15
234 592 30
168 130 2
534 285 18
950 452 2
476 909 13
125 700 5
480 274 19
589 327 3
200 147 24
782 795 11
243 163 1
678 325 1
510 958 1
392 30 13
215 223 26
336 319 16
483 605 1
315 340 24
874 167 8
646 416 10
959 10 2
338 590 4
574 234 7
591 129 29
98 396 36
716 446 32
374 81 34
373 383 25
672 505 37
487 492 18
571 556 9
843 463 9
501 941 20
307 369 6
314 313 31
163 423 29
919 801 22
218 980 39
75 977 13
960 239 9
397 433 9
178 357 1
96 509 8
292 148 29
106 102 36
344 205 29
717 276 9
486 91 1
664 644 2
853 288 4
119 295 7
247 265 19
631 279 8
214 355 5
144 131 11
799 569 8
981 245 9
866 169 12
440 64 1
329 366 27
362 714 48
614 910 4
945 589 1
582 856 2
536 139 18
91 824 2
584 563 4
742 934 1
910 579 1
513 751 9
431 521 30
644 710 26
762 551 8
154 204 2
652 128 6
409 873 14
472 705 18
460 200 32
667 373 11
892 512 31
231 291 10
592 401 11
669 729 11
479 984 25
120 115 43
784 841 12
952 574 25
295 805 24
174 503 35
261 961 1
890 926 1
635 47 13
488 310 16
5 3 28
753 431 1
116 368 1
659 143 1
929 253 40
804 45 5
720 59 41
411 531 37
953 527 17
566 367 2
909 858 38
757 338 3
670 495 12
597 651 1
689 573 4
220 227 7
332 479 18
708 444 7
142 275 26
193 511 2
449 813 28
630 746 6
930 171 4
313 717 11
990 484 30
39 124 14
294 664 13
57 844 1
115 1000 7
357 902 36
18 750 32
877 440 26
29 69 4
326 919 29
224 649 11
788 843 28
774 832 3
355 662 25
456 785 14
944 737 19
590 391 7
854 224 27
55 482 2
701 190 8
961 807 3
562 631 26
524 140 3
884 748 16
403 959 1
148 443 9
137 63 11
697 132 2
852 96 32
639 646 9
371 284 2
813 610 35
878 667 5
274 55 20
864 671 8
805 247 2
47 26 18
286 321 1
82 912 12
152 308 12
384 254 6
918 555 5
801 249 6
485 93 28
552 473 20
551 490 31
596 609 2
594 890 1
74 305 1
327 220 9
576 703 7
321 35 9
653 957 12
103 554 8
463 385 4
729 738 7
858 99 39
783 641 31
458 318 19
732 233 7
470 217 6
984 392 1
901 880 6
533 504 31
197 309 15
204 174 23
746 976 1
34 733 3
42 82 45
658 267 1
493 788 31
205 741 4
896 678 15
898 620 11
179 899 5
539 125 1
737 236 3
146 601 10
537 594 10
643 819 3
530 263 4
703 398 22
130 842 16
90 787 1
763 246 38
957 852 13
946 657 2
79 774 2
423 893 1
572 192 16
340 418 3
567 896 2
940 981 18
494 225 4
452 460 35
969 42 9
613 18 5
780 198 11
64 869 34
235 214 2
958 40 7
962 860 6
654 85 12
350 697 27
169 39 13
245 231 5
53 415 5
705 282 2
350 973 6
434 576 2
188 618 1
362 765 1
619 567 13
507 754 24
246 985 37
812 411 30
698 634 6
867 120 18
923 113 1
712 419 10
802 226 5
43 429 3
685 529 1
192 897 21
994 170 16
622 421 9
263 702 23
194 804 37
396 379 9
241 603 12
353 619 29
86 850 8
177 184 2
122 142 12
665 687 16
881 853 16
399 178 8
289 122 46
714 465 23
99 669 24
253 755 8
113 534 1
824 585 3
421 689 3
549 323 3
766 253 20
806 879 1
448 565 20
446 577 15
323 799 15
306 613 6
402 13 42
835 152 37
186 797 13
829 72 6
198 630 4
955 193 1
490 257 9
593 921 11
481 999 12
45 549 20
844 673 1
267 945 22
770 992 2
44 194 11
869 872 16
139 488 9
671 642 4
521 127 2
642 468 5
183 420 1
565 639 30
768 141 9
856 84 15
352 314 34
417 521 46
601 597 24
390 656 4
26 359 2
656 798 20
492 712 1
791 494 28
365 268 15
713 189 18
758 970 4
317 165 14
322 562 14
850 752 8
442 951 38
325 90 6
789 903 18
688 654 4
751 571 7
579 410 12
749 614 4
773 652 8
954 377 5
165 380 31
638 478 9
599 9 11
128 451 13
32 904 14
887 250 10
348 12 19
56 954 3
419 252 3
655 487 14
502 100 9
879 885 6
606 306 34
94 892 12
23 379 48
710 538 4
237 362 8
17 119 10
511 889 10
54 706 16
514 670 38
366 767 4
83 773 12
175 353 6
882 17 4
831 818 33
750 442 12
385 520 2
880 294 20
404 675 11
13 154 11
795 884 28
111 425 36
554 406 14
637 103 12
305 485 10
943 831 3
979 698 29
79 261 31
860 329 2
159 351 6
171 86 39
548 179 2
605 530 1
657 212 19
134 728 32
4 314 48
682 566 19
650 144 29
407 67 46
16 599 9
81 52 10
85 905 17
131 2 4
553 701 1
731 83 13
303 151 5
662 229 9
285 878 4
616 447 11
603 89 18
811 830 22
718 76 23
996 54 2
917 932 33
730 944 18
832 591 40
394 868 3
932 88 5
369 545 3
189 75 5
288 794 1
135 361 11
22 199 30
124 874 12
512 780 12
223 510 44
528 655 4
484 747 3
318 716 33
416 803 8
738 535 27
873 835 35
999 56 4
212 50 2
380 682 8
425 626 2
676 261 24
459 384 7
84 238 7
495 834 8
299 713 9
264 525 38
752 290 18
633 472 24
776 181 6
61 524 13
319 650 7
378 866 3
269 778 8
9 376 4
227 32 29
78 255 22
279 106 2
978 586 13
649 758 33
367 616 1
977 877 47
429 936 11
160 507 4
765 502 9
443 157 14
790 201 2
684 352 29
454 438 2
509 966 13
542 564 31
797 718 8
35 864 2
127 160 16
406 894 1
527 978 18
255 215 17
610 768 21
935 27 23
457 763 3
704 479 29
199 73 4
254 523 15
149 159 1
27 923 2
301 317 24
291 293 21
376 196 1
236 260 10
401 458 1
358 264 10
956 812 16
273 501 8
777 780 20
473 547 3
121 123 37
196 708 7
