1000 993 57
88
6
27
4
35
49
21
14
2
48
27
47
2
7
9
23
33
30
18
1
32
50
12
40
28
15
40
8
21
16
8
34
4
32
26
17
27
12
36
27
6
18
30
32
25
30
8
19
24
41
45
36
36
45
24
32
3
11
39
2
33
13
2
19
50
28
6
26
42
14
14
14
44
41
35
17
20
31
1
14
36
41
21
42
21
23
44
50
19
32
8
19
37
46
20
43
3
7
19
3
26
45
18
11
20
10
26
8
10
16
42
41
22
29
31
46
11
45
5
15
8
28
27
14
23
42
36
26
14
44
37
24
31
25
35
50
2
50
11
25
2
26
47
32
27
21
8
50
20
19
43
20
17
17
37
14
31
39
15
50
15
50
29
46
5
41
37
4
14
40
5
17
7
45
49
30
1
33
37
47
44
33
32
3
25
15
42
47
47
27
1
26
23
25
16
34
11
49
36
44
19
24
43
4
37
39
4
50
21
41
13
2
10
48
4
42
38
14
16
45
11
48
17
4
3
21
4
27
7
50
19
20
24
18
19
28
45
10
11
24
1
47
43
14
15
25
3
13
31
7
5
18
25
50
38
42
18
24
8
45
32
8
17
32
6
42
33
36
27
32
37
42
39
48
41
45
23
16
15
44
22
30
12
19
45
45
7
5
38
48
47
14
8
13
20
21
9
15
39
23
48
45
17
47
18
10
45
35
31
28
37
1
32
33
22
6
45
46
13
31
27
39
48
41
33
3
2
49
26
43
23
4
11
2
44
19
4
4
50
37
15
48
11
35
44
5
9
38
43
26
48
4
32
49
23
33
49
8
32
18
25
31
37
7
36
40
47
44
5
7
4
8
36
9
27
9
43
37
21
5
8
20
10
41
29
14
47
32
16
2
38
45
46
50
12
45
43
22
22
13
9
25
28
37
30
2
29
32
14
40
10
10
24
3
3
22
15
28
48
27
8
29
1
36
10
39
12
16
26
24
20
21
32
39
9
13
47
37
20
40
6
35
25
22
16
16
45
33
29
20
18
38
27
7
13
24
1
7
17
40
49
17
1
13
28
3
37
3
24
28
5
7
37
48
30
8
34
14
45
46
23
38
29
20
35
3
5
13
44
32
8
10
30
30
49
2
12
12
39
34
15
49
11
6
12
31
41
42
3
22
6
26
48
31
26
19
12
36
30
22
13
27
43
24
7
39
30
38
22
41
6
23
24
6
31
42
45
23
5
40
23
31
39
31
31
33
47
36
34
26
46
4
42
40
42
27
49
4
18
40
43
49
22
32
27
21
43
48
29
24
13
11
7
24
23
20
3
39
23
33
7
8
9
48
30
5
4
39
1
5
43
7
43
12
24
2
17
50
22
16
45
16
4
47
48
45
26
34
22
24
7
49
11
8
50
14
13
13
4
29
12
11
48
6
19
44
7
29
44
40
37
25
27
30
9
50
22
12
39
43
8
44
42
1
20
9
26
31
28
44
43
31
5
31
36
33
32
46
20
3
16
37
34
32
34
49
16
49
1
18
14
21
39
5
6
33
11
9
15
24
13
9
35
49
20
9
27
9
22
31
5
41
50
16
40
23
39
50
47
19
27
10
40
30
3
22
38
46
22
3
9
37
38
31
40
12
8
49
15
34
42
22
4
39
11
6
31
32
39
1
41
26
5
23
9
40
10
5
29
50
23
50
21
3
23
31
14
27
5
3
17
46
15
21
21
46
8
23
32
14
25
47
10
21
39
34
13
42
10
22
18
22
16
14
42
7
31
18
13
46
32
43
27
35
27
38
22
1
33
7
30
48
10
14
30
26
8
1
41
14
17
33
26
37
31
36
7
30
40
31
35
33
13
17
40
42
31
9
45
33
20
13
27
26
28
22
7
30
36
29
28
5
30
44
40
4
1
43
21
46
37
9
33
32
36
27
11
15
18
27
29
14
13
35
22
12
22
36
22
29
44
32
24
27
1
26
7
24
7
12
9
7
36
33
11
39
1
34
42
39
48
12
29
6
11
39
10
39
43
9
45
34
7
40
43
15
10
9
19
27
5
18
46
42
12
2
27
2
23
9
7
21
16
47
32
14
20
42
23
10
11
26
26
11
17
31
12
21
50
13
2
41
26
33
32
28
42
46
39
21
26
23
47
3
42
19
5
19
4
42
50
37
1
11
10
40
31
29
8
7
20
35
46
17
3
48
11
7
14
16
23
37
17
39
12
8
35
29
47
41
44
32
47
48
12
44
47
42
19
35
29
45
49
19
3
44
39
41
3
15
833 439 11
791 95 5
494 554 25
865 373 1
95 663 14
325 120 6
846 609 18
481 406 11
252 696 9
612 901 24
554 94 17
490 914 2
809 294 17
542 788 3
705 545 3
748 795 11
945 566 32
943 642 2
403 364 15
858 841 2
798 980 1
322 575 20
973 93 1
272 162 5
707 942 29
797 78 3
368 489 44
47 455 3
997 752 32
466 50 1
806 616 17
560 810 36
585 335 45
229 562 3
221 606 7
236 779 26
110 614 12
294 626 2
609 669 21
550 767 24
299 595 7
646 652 4
647 778 20
968 221 5
944 751 2
267 309 4
389 363 13
967 272 9
620 964 16
129 306 1
453 772 4
779 855 1
373 289 35
699 579 37
390 430 2
197 608 10
626 549 16
147 856 8
334 385 1
64 738 1
517 839 10
870 106 1
770 831 19
462 937 14
36 273 2
931 718 16
958 629 6
509 730 2
734 12 6
500 693 28
577 834 3
63 463 1
799 25 12
924 565 3
259 416 3
419 516 19
942 10 21
959 432 4
104 413 9
372 56 6
128 971 19
742 769 8
972 371 15
295 794 12
407 723 5
751 347 6
492 184 7
482 721 24
998 396 2
592 195 1
661 573 6
719 360 3
408 649 6
608 376 28
46 458 24
727 692 5
79 248 1
594 747 5
293 265 3
430 583 13
74 665 10
487 205 1
824 139 19
282 147 6
701 282 17
909 421 11
521 5 13
723 208 1
553 612 5
677 166 1
200 726 2
180 596 12
628 76 6
353 615 30
875 775 10
307 3 43
237 950 20
559 766 18
556 707 11
675 390 1
379 797 9
786 536 23
57 61 2
694 54 13
216 918 12
397 954 7
989 765 15
225 895 2
673 219 30
220 960 31
994 70 7
753 757 6
224 717 4
186 560 3
471 797 36
360 414 1
343 100 1
269 59 19
819 20 18
946 925 1
498 776 2
586 645 21
319 164 8
212 420 2
131 476 15
632 559 5
327 38 2
766 256 8
276 275 12
488 40 12
62 512 8
283 823 1
847 548 2
101 551 3
499 599 35
899 471 13
658 931 9
218 409 9
613 497 2
744 582 1
903 782 1
964 387 1
355 632 14
37 909 1
963 407 42
67 899 4
919 253 3
34 89 7
631 537 26
365 530 14
325 190 13
310 513 19
182 969 8
214 867 31
347 951 4
849 472 11
810 890 14
156 154 11
429 553 1
162 102 16
969 847 9
233 339 13
573 938 4
993 645 21
300 922 4
936 39 26
290 804 8
436 31 5
460 869 40
941 452 14
921 379 2
38 801 6
706 122 20
323 428 27
643 206 37
922 35 15
201 688 15
702 243 6
729 226 36
3 311 36
644 213 1
864 174 6
872 291 3
980 781 14
986 123 31
178 183 18
950 163 21
190 8 12
953 266 12
801 22 15
242 426 16
696 115 15
363 844 30
314 481 7
109 982 5
391 740 18
539 466 3
951 334 21
685 485 13
536 257 5
497 125 11
614 876 4
341 112 2
58 132 8
844 882 13
747 133 7
154 837 11
855 42 22
507 75 12
839 138 15
426 566 23
733 446 2
306 506 1
731 701 9
575 789 11
597 278 9
848 288 8
362 538 26
754 155 4
822 860 11
199 225 17
202 438 11
561 298 13
977 710 33
59 879 9
901 255 4
399 355 16
338 246 4
261 34 17
437 739 21
580 333 4
589 212 1
264 110 42
209 67 2
146 211 15
622 892 5
667 424 14
381 547 5
689 988 20
336 384 13
123 436 1
292 833 4
395 423 3
133 972 22
183 186 4
985 480 1
380 947 4
916 9 5
894 846 40
31 434 7
324 736 23
196 611 30
285 727 42
279 231 5
392 958 10
49 555 3
134 262 7
544 927 22
118 880 28
957 539 18
649 571 37
337 680 1
912 507 5
674 478 4
124 784 13
344 630 5
172 114 10
357 238 27
579 602 15
630 326 35
20 995 1
61 840 33
914 361 19
73 580 33
254 576 48
772 209 5
6 623 17
807 124 2
361 425 21
221 422 34
369 97 4
774 90 13
920 915 2
441 720 5
77 817 7
852 644 13
81 487 25
679 104 6
398 110 8
166 88 35
277 53 12
915 515 3
929 852 1
863 26 5
740 621 13
82 519 31
649 940 14
13 987 1
678 43 1
775 935 42
141 98 2
656 157 26
371 712 3
603 300 3
504 598 2
895 584 3
971 477 18
541 316 15
599 934 15
845 638 13
16 883 5
510 586 17
851 676 26
524 708 12
835 759 12
239 530 37
150 172 19
433 431 26
163 187 9
884 523 3
523 49 20
422 805 29
232 618 19
108 866 5
862 367 4
444 744 11
457 594 1
947 332 4
777 222 24
761 176 13
303 351 13
755 897 31
987 568 12
278 372 5
508 203 4
385 126 15
877 170 1
158 561 33
10 808 22
540 647 34
60 266 1
122 613 8
7 908 1
17 297 18
115 852 10
140 379 21
28 468 8
662 763 5
929 774 1
512 304 20
417 283 11
788 910 1
557 930 17
664 968 16
286 540 4
89 650 6
125 189 8
226 153 8
564 822 18
223 748 14
808 600 15
600 119 3
750 605 1
889 461 34
896 73 2
377 700 8
804 714 4
215 732 1
97 378 2
843 182 23
478 898 12
4 529 3
90 683 24
918 715 24
331 18 1
84 345 38
194 143 21
640 832 2
606 179 13
268 502 2
814 215 17
939 158 20
238 24 4
85 578 7
328 175 6
639 391 30
452 417 25
525 79 2
763 259 5
448 193 7
339 280 36
152 178 6
860 380 18
145 704 21
432 993 14
555 716 22
666 577 42
913 158 14
423 86 1
281 911 5
527 521 13
897 23 4
176 912 15
663 959 42
934 639 10
431 790 1
187 63 41
346 550 1
543 145 36
42 134 9
826 317 3
565 952 26
923 293 26
467 92 4
464 705 8
776 787 1
764 811 21
927 91 10
866 464 15
744 180 5
611 258 2
591 985 43
749 404 2
266 603 32
638 71 3
247 216 3
305 232 16
69 290 16
651 946 40
953 36 1
681 894 3
908 437 1
803 408 14
275 888 17
911 511 4
413 591 16
879 292 10
648 836 21
459 729 7
629 254 4
952 113 14
115 241 6
443 657 21
979 944 17
828 673 10
88 671 7
83 820 1
621 14 10
33 484 4
601 314 41
530 967 36
241 285 1
167 932 15
743 838 15
165 916 5
80 394 4
659 308 1
654 800 30
137 936 1
340 140 36
917 243 40
931 160 2
3 462 13
157 403 2
609 565 45
438 250 12
605 953 28
113 69 10
823 277 26
142 517 17
825 369 2
449 858 21
361 315 24
383 276 1
782 896 9
767 83 6
551 749 6
821 19 4
783 674 21
796 830 21
350 427 14
867 666 6
188 574 35
641 607 8
86 761 1
787 756 4
794 210 13
262 349 4
711 975 8
691 945 2
384 268 39
576 260 18
645 735 14
144 405 30
635 197 5
752 825 38
590 531 5
737 881 6
312 2 1
473 742 20
818 348 6
878 627 4
458 307 2
756 871 6
53 419 11
732 58 22
933 52 19
471 190 5
228 803 46
169 392 4
623 887 45
965 64 1
230 202 9
103 973 2
98 470 3
578 917 10
981 920 28
582 142 1
493 435 16
370 362 2
208 970 30
505 570 10
258 13 18
217 148 30
496 305 2
446 55 7
54 353 36
117 242 6
374 874 4
15 731 4
434 792 30
316 135 19
349 451 39
954 220 2
683 619 11
159 631 7
604 733 39
170 319 36
51 997 10
439 542 6
396 252 11
982 368 40
935 902 13
832 743 1
177 900 1
549 460 20
625 247 5
902 454 5
451 845 7
376 702 7
988 872 42
900 241 10
871 514 6
316 685 1
757 814 6
888 827 13
56 341 3
769 533 3
698 167 36
313 640 8
511 620 1
624 498 6
771 889 2
273 656 29
714 245 8
448 25 34
710 27 2
375 32 16
359 118 21
171 234 2
39 44 12
703 592 3
66 659 1
393 875 12
330 604 11
792 271 27
811 141 22
684 269 4
243 590 8
516 812 19
239 534 9
102 697 33
93 324 6
153 678 6
94 33 44
960 544 3
574 295 23
940 161 9
387 939 10
955 237 9
688 144 7
732 600 23
758 532 8
735 381 5
547 199 33
354 233 10
483 335 26
468 943 3
155 843 24
26 664 15
298 103 2
800 279 7
820 690 3
657 863 18
222 636 31
534 422 6
830 593 1
990 796 32
308 842 24
409 350 10
660 467 1
234 737 12
883 284 26
876 848 31
961 17 16
885 85 6
71 976 13
697 849 25
455 474 3
270 965 13
834 983 28
55 819 18
44 780 17
161 412 7
402 499 24
174 191 9
5 919 34
682 449 4
138 826 37
445 624 4
321 996 1
653 440 1
515 505 3
264 201 13
165 356 25
90 873 45
364 658 2
789 328 28
52 410 32
291 675 41
528 327 18
721 331 9
14 315 6
427 941 2
996 648 4
332 77 4
741 65 21
535 156 16
704 557 4
501 177 15
693 46 50
869 691 7
607 450 25
119 981 1
513 610 28
518 48 17
311 375 7
401 287 9
185 861 5
302 415 21
421 377 7
596 510 2
76 884 14
781 873 29
348 897 26
802 135 25
610 366 5
442 196 14
642 146 37
474 750 46
265 709 4
70 929 4
1 809 50
886 962 29
476 224 8
906 520 1
315 194 19
717 448 1
106 445 1
962 770 24
795 923 13
192 30 23
260 597 16
956 482 11
418 868 21
320 862 27
533 585 24
663 15 29
526 651 6
917 82 2
531 527 5
999 443 1
329 989 3
246 169 1
326 301 2
715 634 7
296 907 4
135 552 23
394 755 29
206 762 4
333 338 4
708 365 11
263 235 15
27 28 26
690 136 29
179 718 4
461 994 44
983 667 13
356 956 20
366 393 38
907 359 2
77 630 1
9 218 2
976 535 1
728 601 16
245 504 2
289 986 14
18 475 9
304 924 9
784 686 19
100 687 1
712 337 14
193 791 12
898 682 7
435 646 6
686 198 2
537 816 24
887 239 4
386 303 11
991 188 2
317 948 26
948 806 16
111 824 33
231 340 9
132 47 10
257 525 15
116 777 31
722 336 18
713 185 38
746 228 20
78 479 28
297 388 9
195 558 14
709 653 19
558 37 4
841 864 29
570 240 16
65 312 45
520 60 21
695 494 40
211 493 7
92 57 6
970 180 14
440 342 3
309 281 6
881 850 10
301 397 47
284 541 1
12 66 8
616 263 1
514 851 26
874 116 12
785 764 8
587 567 4
738 84 1
840 637 13
567 803 8
805 853 21
472 829 2
724 121 27
253 807 1
412 703 5
485 111 6
410 589 32
198 343 16
571 200 12
730 694 1
598 999 8
718 979 12
502 625 39
627 227 4
762 662 4
477 635 9
19 581 14
335 330 43
892 171 23
584 961 4
491 886 1
836 509 3
173 821 3
716 495 9
160 447 19
345 473 30
406 628 1
676 469 6
532 488 16
655 957 18
30 741 14
495 429 41
213 725 6
48 865 2
552 745 2
255 214 33
739 105 29
815 793 33
288 496 2
425 370 3
139 249 6
120 159 13
995 543 2
816 746 24
164 483 44
721 723 11
388 815 4
938 672 24
880 518 24
925 785 14
831 129 6
251 207 4
538 903 4
989 580 20
760 955 5
615 698 44
637 356 9
873 344 22
41 813 3
240 418 8
386 395 37
205 885 8
545 877 17
23 711 7
203 933 41
428 799 10
817 990 18
235 21 7
45 959 9
191 251 1
2 1000 2
595 402 23
96 323 10
755 654 11
509 653 45
671 491 10
687 528 8
583 643 1
568 165 7
506 719 26
882 818 3
250 661 6
650 689 6
939 96 24
450 587 18
447 41 7
415 117 3
280 45 41
829 706 15
726 492 4
856 786 4
470 152 5
367 760 2
43 783 15
790 490 2
861 310 24
465 563 11
189 641 37
114 453 13
469 389 21
736 72 11
420 564 27
680 695 22
813 354 11
725 62 10
932 346 15
857 913 2
619 753 2
219 442 9
812 311 17
271 828 21
454 724 6
566 173 7
184 230 3
672 320 15
975 556 9
633 302 20
484 321 13
780 150 37
475 526 22
414 261 3
112 633 12
480 870 16
148 4 9
256 771 21
650 794 46
581 374 3
126 571 30
248 6 4
853 728 11
700 313 2
405 81 24
404 109 14
207 660 3
342 699 17
778 679 3
548 441 27
175 16 10
32 798 7
937 878 25
8 128 2
105 802 8
204 857 2
22 383 13
287 236 3
228 758 14
72 734 8
89 304 16
720 80 31
759 399 17
586 501 5
35 459 12
249 991 22
426 131 28
227 270 2
416 622 10
636 74 10
424 835 36
29 963 20
930 677 6
143 457 45
519 465 26
24 401 38
765 508 21
489 681 31
470 971 21
982 29 16
850 684 12
210 386 18
40 754 4
563 137 8
745 264 3
634 299 12
842 108 9
50 223 22
793 7 1
618 267 12
868 296 3
827 977 7
16 215 40
692 204 39
463 524 1
75 906 34
21 325 17
529 368 13
136 433 10
274 500 2
890 51 5
82 491 40
838 655 20
121 444 7
593 722 2
562 322 22
91 395 4
602 274 8
665 398 31
585 217 7
479 229 26
351 286 3
837 329 1
910 998 8
669 192 1
265 375 4
25 713 8
652 101 25
378 357 23
