1000
999547201
999076680
999074343
998230188
995432104
994431007
994382549
994066267
991647256
991353835
288571851
990236399
154146227
989732603
989314553
987450234
987098945
986478541
984893042
984456282
983281703
982717658
977684645
977579579
976756282
976540954
974018905
969848785
969542125
967900511
967767875
967094311
963509443
963464607
963256216
962629559
401788455
961016699
960661670
959563443
958197359
327130244
955610817
954825362
950557485
948585323
947700891
947447615
316411295
947118161
945936188
942794316
941779040
941676277
178017816
939141917
938963218
938181138
735749673
936071182
874493451
932304254
930687681
929067829
928835130
925587169
925342734
922569621
556702242
917353048
915831571
914884052
914623159
914162446
913141621
810797978
379785029
910885665
910410287
909521026
909501860
909298994
907285767
907013525
905842175
904300073
903497046
123346943
902332292
902190324
900486519
900221680
899622327
899229896
898894913
897193630
895161863
894615873
893754729
127880706
889367504
887127005
885351685
883947177
882706440
882161727
881062120
834916661
880017105
875391254
874882114
934611201
276223615
873168647
872145735
871913381
871661593
871478736
869743158
868052688
867290395
866720640
864375003
863855637
292473117
861151646
857305619
118852775
856216682
853851846
384527998
851300065
850948698
850872773
849419178
849095932
848322601
814153589
845408210
845180712
842162796
841652590
839783196
167397225
837199680
837029141
836270574
835420383
835221205
594427905
880342528
833332563
510331826
829627846
576992265
828345750
827902057
388909054
465036200
824935773
824638278
824127465
823151695
819208446
817411404
815863526
815205177
846953634
812879760
714105297
809005375
808568683
90948639
806552011
805269609
805008235
290155274
802662743
802552757
801674598
799927178
798106544
796094680
225632569
791886365
788815223
787332484
786282110
785926873
784274565
782686171
781647594
158091951
780701895
780015008
779987789
779075370
779023898
763199602
776194415
776158493
775613378
605243856
771969364
770957057
770233731
769760936
767497324
765192481
765017865
764749098
480456685
763072714
762416269
760331129
760169062
756183675
755683099
755613289
754647283
157917229
752378546
752090017
751039533
108844376
749365792
749017951
748713245
748356938
746986513
746858080
745799029
743866827
740460557
739504509
738928079
837928036
736897914
709895084
937768527
734192923
730469546
729896033
729610219
728853351
727727927
724590280
724347334
723652730
723189712
720510570
718864511
717945141
717001190
715318267
912510486
713365278
711661827
711000310
710733876
158685046
736619669
708891096
8268910
707169631
706500816
704973488
704251015
702692856
701982627
701863834
700815511
196289627
656639467
750770830
698487724
697278260
697124916
696296435
696002547
694486260
692800508
692639666
692449543
175753141
690075395
298611128
688302707
687533964
23702432
685381705
685181425
683916472
683502587
680225238
679357715
677755572
677518702
677388904
676475237
676217527
674259574
670799022
669282523
668931931
666891997
362541969
664617408
663509785
660744614
660350054
541179005
660175173
656732889
700105282
656388566
656284759
654030131
650957316
650293335
648618517
648262895
646981421
120653307
646709070
646677169
646429144
645386801
643898899
204374095
527730278
640867266
640245835
638548635
636888029
636509259
636293077
635382613
634841284
634449549
634299829
633010352
632742422
631715499
631274405
629130705
628223605
625968484
504281784
624465319
623752789
584379412
54805444
623034476
621847564
619092721
618891186
618631197
618226835
615559321
613115410
612750069
611495075
610701891
609779975
608286076
608009083
607325732
606942901
773593401
603063025
602587562
602532561
602235790
601892422
601879509
601857254
601047095
600112331
599028053
596462569
594726795
594711699
835033903
592834120
592361304
395996500
590775732
538633891
588817417
586726500
623738452
582968517
582484689
582151247
581716064
581535454
581425201
578191613
828645294
17809802
575283787
575192122
574656931
337548851
572831128
572601560
572436013
571606102
569440992
569110850
568635050
568010641
564582080
563585172
563495083
563469462
807946275
561956122
561593004
560166525
559096548
558403284
918750711
554681545
552317930
552239834
549369830
549131673
548769030
548697653
548114545
547048232
546840290
546262622
492530943
94974983
544754697
543740262
543104758
542742790
660293687
540482277
590435882
538031839
535856876
534243565
534023616
641441762
527182447
525446379
523597693
521873446
521169456
518989916
518785752
516471693
512846922
512596863
511612721
511038543
510464627
829750855
508040293
435995716
507202980
506543542
506462556
504620837
624783529
503491634
502990598
316289707
502789134
502599008
501567741
213774510
498730260
497459930
496346046
495970509
67345800
493674713
104362364
493011762
546122844
492346169
491715705
489083177
488029889
486204882
486090588
485543120
484120156
483337958
482215793
481094027
480507908
777009430
478643453
478208984
477068114
476767119
476580743
474651856
474135867
472412034
38102034
471087745
470876629
24369349
957200989
467859022
467217275
79163012
466045859
826450340
464962515
464495952
463270971
463053953
462635828
226426285
461563996
460846632
457041186
456395863
456146485
454498319
284010513
452202986
449464010
449414931
446761135
446547487
445752005
445695469
445339501
445293211
444954943
443951999
443053710
441202746
439826904
439740759
439480018
437643945
507855957
433215127
433070049
432576304
46286510
424494271
424452301
424285235
423279504
260318522
421519095
421459079
419734787
419024531
417240492
416854005
416571385
415671014
415581328
414580408
412208825
410808087
410420798
409164823
409151815
408949377
408309694
407679358
407345832
406742076
405001775
404675482
962281999
401029334
947303749
305275352
398878672
591691162
390170286
89452533
388815646
388343353
388090748
388021613
387117685
386979963
143624570
852522843
384033639
383095477
380315519
911339752
371292139
371062790
244822648
369736455
368447931
365950800
365163143
365146098
364391952
363910633
363844519
188704173
664874691
190832305
358895839
357143315
355520572
352950264
352864276
351138432
348107842
346703179
343302415
343041733
342873164
340001964
338812035
338453991
574605050
337219623
335208677
333458852
333379902
333342506
332018453
331692291
330960065
330550998
329585129
328961062
327925599
327357357
468088650
219937875
324001613
323548803
156896290
322952652
321829648
320736190
320479978
22176531
317227919
316914737
316815747
316441648
400804094
502909683
314521519
314362353
161741493
307967557
307725579
307537206
307193649
306357088
306324198
306181634
306043235
400016357
300298007
300179405
689354492
298446493
646828680
297283061
295855448
292716937
147340066
803783019
289305434
289272955
990976621
286064697
454321700
283756769
283509350
282288952
862751152
857107574
277321990
874383448
275156605
271768611
269753705
269443904
267057717
265741867
264109567
261097845
260861946
80491552
259868906
257638403
253672876
252913258
252596722
252545867
251517823
250458629
248198151
246678276
245117497
245073600
370261923
243701342
242293612
241533491
241084365
239732288
238973583
235865492
233741884
232990567
230883386
230151059
229546061
229402478
228956037
228486874
228479378
34387880
226967078
226932045
461996960
793195050
224042002
223567540
222800509
221778939
220765912
220098853
326190242
219898510
216107414
499985246
210716919
206772845
206083552
205969689
205900631
205045264
641887610
204259948
200194347
199997529
199969232
199106122
198519947
197904162
700428707
194895364
194642855
37660143
192434665
192166765
191682222
191402233
190962509
470274286
363181383
281310390
188023097
186455178
185713444
185276091
183607853
183590891
182666292
181461032
179232106
178479304
940622321
692195807
174992524
174398306
173260929
171989910
171349489
168950125
738271465
167318808
155806097
165785713
164160020
163285184
313813898
159094446
158985093
710067572
781057172
102163345
323142013
167280130
155740671
155014010
902483367
990004758
153748721
151494161
150972071
150528714
37823293
149360993
147964613
188131126
146507225
146213630
145743667
145669213
145558226
143919538
386119476
141454003
140738097
140235012
139483100
138660008
136140728
135615863
133914564
133553587
132633256
130771693
130568574
128616608
127984593
893485974
125761294
125476411
125421031
125075893
124105434
124049535
123512511
154383590
122587164
121979859
121949669
120964546
120811364
298003055
120600646
119437524
119236147
119174709
280013787
103165164
117301822
115003603
114284878
113690322
112249886
111633870
699368344
108392675
107863995
107566202
107444196
493575361
103799424
103722526
103177575
117399721
753140831
100966049
99041623
545413025
94933730
93960288
93859804
91735038
91552448
81873573
90445012
89639979
827322552
86117586
86051624
85656667
85497842
85138530
83295754
562593341
81314976
422542451
73887268
77280309
75349409
74030850
73968056
466729883
73620305
72324572
71810800
70256627
69490456
68733676
68633421
494280562
66417315
65850511
65496943
65012489
64676155
64153580
64061312
62801325
62551065
61719921
61064435
60084978
59505519
56924940
56664938
55625062
623139944
54617416
53390760
53090041
52269537
52167825
51787089
51244730
50553750
50427004
50038545
425770029
45693747
45546200
43374662
42609523
41940522
40876985
39773865
38710549
471325400
38075346
149694813
193368496
36893462
36565415
36143195
35078534
34884241
228016027
34256986
33837873
33516057
33222204
32979225
31686709
31456924
30446049
30071020
29831369
28696621
28018499
26701058
25670719
361564046
686561833
23365136
22250171
319937280
22064511
21925542
20434259
19747295
18466949
576557771
16751417
16250382
16083502
15397570
14970665
14500905
13721901
13610433
12536891
12471565
12064769
10664424
707301412
6415479
6138012
5586517
5164653
4407954
2065030
358119
