1000
436757845
745024591
962056184
126698817
265627735
160128254
202961452
65464161
371067163
473501047
428432816
595324693
174516582
292363826
245370506
62574976
650985807
94034763
465346539
120674035
736730279
628616957
433621990
35378450
280729109
855781026
503554235
434704576
53053483
684668193
480143308
356544784
255342955
290545467
340556452
557998812
480816833
567870437
472055747
840949459
18181535
877834718
271692046
46756963
167847329
555863092
114886221
814688538
506572926
443942238
799352870
60444730
52929259
64579394
97225620
183077496
911500041
600036888
631210730
836608996
106618117
81864939
168423258
384870647
230497848
530910187
911458069
719926511
910081999
223808611
417397948
787014438
102321694
691697683
845397276
137234648
60873019
825685728
955508629
576081822
261033260
615945394
643774292
166562051
693811493
748073795
375214203
466807297
336471040
996707481
288559525
457084328
943258721
331227026
835663037
34836302
850117898
607886861
758523174
618148562
844299476
147294127
405040024
812341251
849284290
82350811
953834579
905397323
907612077
776312725
327879014
28980830
224021102
953813269
58856364
914099904
710411564
446067827
222706499
876563569
284122806
547215032
169191389
78116928
861955876
19234739
114103797
570306386
495658781
875112987
18291306
160179280
891515193
430312116
979553670
597185965
368240077
797782209
362189155
115999585
582045916
689831151
149644250
804080838
656827811
220721842
583642211
170866495
545156816
816271537
60682266
817994509
176615757
95592958
764869610
900662656
115244147
888148216
310056448
470925768
623105691
335218284
506977473
366702434
754919757
326894168
945813886
99879506
107895544
295264054
87264237
564969656
973027920
257876273
187066830
488606456
357118281
781290007
530738543
871532650
448556071
438950899
561650890
507224537
561236839
297695465
397315533
541906658
37347860
714640620
984218167
530666251
30326796
335836957
874466636
655875457
679027478
819055725
603723542
785056018
959219853
711652312
163059459
807734582
813300998
376221697
115620693
145900650
13179019
662672486
24664728
457831304
66223851
433903149
944009504
626923799
739281764
176263961
135398152
630327780
754321670
980452962
123321519
654467272
153405656
10371852
109367286
828407387
689349191
731106771
465113229
518410708
263824011
655793926
312436713
71542582
16683504
448206770
82660335
20129952
74969563
962124484
333404116
18255068
405205076
111406928
504968098
966194728
317608075
503140410
603142314
55155441
321321166
595769611
568141100
507269296
449415466
687915767
317244840
112765071
240104611
776705043
502363007
539297493
259218142
797324402
468249755
268124668
80942824
418356627
140849877
26554916
382178363
495897022
39039899
651662687
608946698
389950795
615983621
916924337
873156684
54614229
838358693
178272106
669515246
230968126
697662436
86351238
910358206
859590267
64550978
154130229
499877544
420631999
565595294
753993701
48429278
7875822
18629009
138771275
259305854
21294191
28411034
664397570
520554202
65846737
115669337
101919715
319825232
749609059
890979078
176320317
679910319
586815570
227024556
147439290
825373871
917230641
98118715
748644594
655087628
30308196
765615505
103702344
449321177
300287883
863694113
516887030
147453541
747814347
678807742
434999068
769366382
696923448
916951041
108112271
622377052
44144707
224543446
932035187
672672489
110646639
966243282
311891989
571722830
206487045
485774003
380290726
997914354
584273871
961936160
651782034
622169627
743079456
607701077
49346397
893017349
321083965
428618592
42581714
46940626
62209082
339523324
683542607
609770222
99427575
798662554
69615702
148625654
887921715
869167078
817282447
863632114
854762597
968435689
431170749
908467433
296377859
674864715
906023870
880548216
634235176
410017574
357584363
201078924
9971321
255305175
94572173
164076896
689090417
15997867
76364654
606381060
185806171
764952087
59062527
304862944
419449671
136874425
322824146
136855205
867509285
132041348
10706112
577084123
958989139
277458094
494568021
264298267
932344614
234685272
12427663
422010486
512287164
192000727
639086263
365092715
479986315
598487241
558951341
327970
453414620
634015055
460015699
513515636
225280563
537164299
811598202
664863927
536895813
123805773
793605347
226827099
114673677
678326060
800836738
947501218
934030883
122388725
67514609
869272947
381793226
76700129
129817084
883032670
290803949
770218431
85779918
629268660
188495860
651573446
630621177
524504705
247511559
67452513
13443036
509609392
453570849
685006741
992716666
832433537
681052324
661585715
60074703
660064096
290239850
869272919
599919273
73638981
2967261
682180136
952550703
224178715
621010846
83845796
958324981
903373183
719163732
58600550
388288306
775735256
712083229
10308119
274807102
811019892
936876494
135761318
145892857
231898329
817894612
142940242
62093135
492839440
794731692
987022832
106070801
944969229
718256408
579956365
27327139
581714751
79854999
838734666
803799686
712725243
790357902
635577024
477024893
360776651
704866720
857064477
107250022
231365287
722243044
242527562
41879015
514387151
404232321
51967718
604477632
206350019
202002586
543270074
567832177
863427188
533378146
536133805
809216267
71495758
72246559
697805530
665719240
22935630
547200065
300485535
595245877
151711818
928564722
41877305
534830647
495272564
764270556
657715332
727209394
321883779
895458187
637675908
689764645
134459097
698024923
278753112
365235786
760754580
809661770
900854436
626420784
162045555
274670118
273824134
246496488
206291015
958144290
900740892
230998234
357898690
54071574
829355873
532678456
995389314
741620840
28739003
492527325
355623447
544706150
41256842
535584018
263192634
555221580
185995185
426146886
63171495
354450740
640033537
833972122
133593761
390863724
295553014
154677674
681688358
587550010
271207382
886162584
406576778
30503485
112293186
606184186
91514871
805269505
103452011
84878267
394674789
5050773
431584403
592385361
387361751
492217525
93494601
519604411
9447067
145002446
915034302
69170628
506038082
410822715
768933969
501336641
791958452
56340554
676054704
463077587
511282752
928166469
176639981
897381174
957881209
159018912
364271911
57568552
965746433
321813182
13557004
212084095
165973171
441457368
803636543
573102766
767393661
760269463
60213569
627622550
902782108
845006695
569576427
409295487
89686554
313412272
888133436
888463162
221443933
395971056
184865297
740571502
162165006
395143403
497993638
995123153
577106286
835309963
904893123
398627855
145959385
917077765
620596741
354633971
201841474
262603596
755043831
964404229
20365567
681706304
451302233
791447425
369205891
998138729
37549043
470717244
153248360
917649587
358214891
405775757
155017561
566588834
115070298
188220596
937382078
615089285
180451939
364825859
293200320
99545922
754930996
457969283
892095183
205371103
664518539
950433497
500819670
398989567
786837349
367484459
59841751
221981621
1378100
283215443
73106796
37605275
752296843
241365986
960239731
83068457
674616706
996331355
507459565
785435238
184637755
283552282
234057612
235390027
658157026
562542030
192228598
229537765
856403837
92262587
463045607
510396825
901148376
937880940
754178789
704974855
143008951
681568053
780073275
145832668
946458046
864248295
187512579
708008960
102105805
20416707
660214000
771300961
18993875
983715605
408564677
62235988
110036799
511906389
319934624
769591913
36775021
550465311
10054461
754171183
500431784
313412886
86507753
234682070
98305959
848746703
937545117
259166261
524371984
583080708
262933916
308707089
441435353
487850578
7938353
412039428
359512035
511950748
19703057
213456550
355034479
433426365
288950961
471156172
914017400
478037577
70298191
817046936
996880418
75122477
425622536
350999750
244198816
527354488
584515680
367679084
364537153
372878504
632111405
723256158
939145297
896931517
20327289
220225296
212265193
885613630
647034982
582923431
223122067
676865200
793556193
583386480
918397521
940439967
34348908
717498087
419782000
102351802
373270057
256558562
44393725
791057920
451311269
312028910
293295092
23045731
685297080
515427550
240717349
140581215
207691260
38088285
897482294
87080039
113214779
106302136
967096177
764737983
561345263
198084497
261166472
170520858
788828505
39567128
115138032
687139414
758880323
396096756
792704726
111148084
522221186
712209788
903393164
948345808
13337497
55595975
837101025
558055063
582052018
76286617
561374363
658931971
981101280
444675695
747254168
101854806
425305654
723961650
731703619
811220764
783615822
984893611
993933538
428756158
34768436
966564340
81726086
662384058
215679221
746698537
771580704
742393704
441534989
555713969
559951085
293543473
452681467
375731189
697823615
18275899
318884261
220423926
528710895
144350026
543798375
237494685
261218769
937842820
816313126
991263511
605823870
600525889
835198496
452809219
16649912
724908473
275228630
952675843
206394378
515622208
704765331
980485473
78742632
978614408
372742005
645825140
120058362
818734348
862103321
825351214
698334810
23946720
42013056
43599548
168429541
437619780
297959504
451680256
213232610
104892201
286084444
826741952
581573266
967803800
264629734
437629501
569777393
570696085
229244678
776157108
903637900
930860744
609458785
2975658
775173364
966489211
502443842
898852922
673724399
178549445
725235406
177901300
216521225
643665276
238839102
419412772
49175953
412517557
861547630
127391667
375204345
2704254
957205640
940708845
979030283
78351109
218266084
389927706
663081349
476258492
146433518
420890877
244391725
771107726
262055583
19246030
600585338
758959881
779216535
92937434
947407312
359524727
137879354
22341184
968195399
405494891
438497214
892618035
805266542
134127611
23024861
29281892
137083571
847200622
964451768
968933641
926453153
43617298
370693725
436657144
374069714
376970174
841714189
646741552
136566558
98066193
