1000
582156356
583269610
583432304
585391336
586801120
587649237
588431452
589388555
590236697
157465305
591004346
591430690
591586905
592261374
593828727
594325781
594604863
62187323
583297265
596435267
598217170
598681860
598999417
599391284
600823738
601650045
237820096
602765644
607984507
610946263
611234117
611894719
612102269
617786866
618685229
618815582
620996821
622745597
622814249
623339273
627013783
577411231
629719046
637210533
637404685
639235688
497910243
640236593
640539603
640655636
643330690
123042143
643902850
644599327
644701285
645111154
646468585
647766644
648015646
650462257
545911182
652860473
472308724
653415108
656915545
658052418
658288721
658385140
660391619
662968653
663827057
663914023
664470321
668418518
668876973
669673483
671074515
671096771
671620896
672937659
676622443
676764440
502722952
677813979
679804816
680610240
682720776
683065205
167861909
683731784
689596969
692299123
74858715
692994220
693204259
693788316
694055038
694358715
695117000
696249062
696602832
697931938
699321192
699495263
592091583
701208118
123434078
702883856
706809236
707813548
708645077
711327529
711661561
715354893
331824211
522074360
718204888
719009962
721163371
721242651
723837924
724442614
728088588
731261211
732393141
735014331
735516369
736476443
739286999
739834322
361853012
740195688
742000897
744016953
744103919
744263444
744930500
508394114
65204698
747946501
750130705
439832373
750561451
751294031
752629105
753035398
450637882
755168681
755817617
17712412
756111945
756914299
761011217
555385222
761053449
761293393
761908151
762090143
107584534
764235411
766433241
768401406
509937741
770926909
771962818
773358609
775674289
777310677
777403434
777407722
778790007
779855715
785574988
786031938
788274973
790281410
796219749
796639289
796902991
797422706
797627403
798607786
799557861
123836756
800137979
296622507
801309922
801972192
566693063
802621415
803112197
803847089
806231483
808246205
808829447
152376461
812358315
812945946
813087599
814175918
817659080
819518822
94395446
820815224
821467456
335593514
825119772
829269152
829596477
829625547
830976427
831522553
202796438
832489180
833143518
833256560
834019055
835531091
837052536
837164770
838206075
838932943
839475466
842003751
843078745
843193897
844782274
846538656
525295740
849127979
849516191
849680335
853001431
853127877
854339929
855036780
782263466
855193813
857965612
469573991
860836546
861232987
732833577
861821337
45535917
862820012
865400611
865623300
866392364
867734561
870535005
872574708
872812356
873143249
874544072
875612650
876727469
876892199
877495016
879700061
880385755
880607494
881009905
881575007
883274967
478928180
883848938
12475648
883892186
884079871
418613091
885840435
885955585
887169140
888016678
462394597
889518210
891146021
891661318
49154342
845977637
892764185
893411656
894221365
894597109
894660819
70731530
265375216
899224144
901685075
905732523
907617854
908465573
911429735
911847496
913500663
914478592
914688978
664032023
379675281
915073305
915496934
916777479
917970006
920992905
921223717
925996591
926474117
463068024
927560576
927923811
929525724
933768577
934597736
934649838
936167002
937051709
941537517
942810981
943466087
110107080
943536197
945508010
946870269
946872023
948313154
949239520
950719213
951950130
952555842
955959833
956234442
956707883
956871982
957380488
958225147
958897995
959694772
959837911
959887685
960528115
960614680
960876333
961509707
961605956
962704054
963672740
348828690
964046658
964081658
964780497
966325066
966595383
968111598
968515094
846174047
968699114
971333320
971734813
974306448
974948777
976350492
978670098
979023223
980450791
981438312
984239105
984849357
985595469
987471054
988201497
990745687
992665420
993148086
993414055
993449571
589143119
995166750
995872176
996163601
996744228
997737453
998702257
998968463
71076655
999918719
766177339
18799825
340852432
502224560
539112667
342105497
523746427
331358910
492159079
151767272
551908577
863457904
573964501
413117599
398848836
353864834
418398046
371460247
533685399
574057516
28184366
508329560
887684484
333316765
558952061
436091485
559111713
373300671
381064726
376524791
381868010
694909694
418462388
458916587
531506448
522790134
49947968
560101999
360342796
116139508
328256995
375254605
432747903
369844118
55573946
462063390
577894445
702879246
567070456
432124813
385357996
547391874
420170013
426449387
556681110
385688869
47793461
495198600
540349626
522748764
419719654
448478739
519944564
348485571
524131133
440533105
504151919
412778609
437458482
356544874
309490434
483332653
364704493
163028848
547844504
456657643
553908627
420048480
459945907
350301556
200937437
523865280
550946127
456495320
528377769
520815266
579935305
570295661
358998262
68194154
343393732
546666947
527044875
327566086
488103626
558986721
369661883
430196149
579100741
575319451
495953585
467728367
392694794
499032385
191905681
471101228
389741373
516670883
572185915
484802700
362200603
533182564
127925676
488393463
502957368
515217967
478217525
776210339
504283558
384357371
492417982
891703734
578530731
517082210
489908976
538551741
554002445
442587705
361945246
426766199
848507517
407725773
558877729
99977314
261340592
367386397
512580166
455797707
391793511
573874951
574092344
327460990
461268038
484952325
331807225
462500326
528745050
346722522
569798861
385317213
528738615
201582598
546001318
194793770
400901748
487381647
399850500
438279844
352353502
419372890
355490867
360685970
457752277
342859529
554589567
481577890
387769096
389780397
395239408
328763669
666820178
213637717
408459122
344543396
344323754
992730129
462879373
376819255
437442594
429246767
858368496
459813710
431940547
345232634
412730116
846735175
358044728
455712605
337920238
40520396
360055628
457030907
480646560
476994711
404843651
521677077
435202554
540990731
379915226
756762702
366001894
819430505
510278747
571924529
470425625
436269955
477266767
399460931
401746661
531722490
159896353
430783358
573448791
368118713
293256544
480276212
442390450
386788255
715909756
449598942
355495398
463013572
555221823
754400938
62144916
394884943
86967
833344
946337
2355722
861195357
2708028
4453535
5561557
5930104
6594282
6808601
9200444
10466185
10468690
746848618
10643329
11067180
14188163
14653343
16375877
17465487
17616872
605803248
17657591
17718182
17936063
503324737
19514490
20632866
21078025
21370036
22456641
23288799
24323383
26401326
30327974
31545697
32116944
32339181
32663977
33073249
33332858
33754593
35750929
35933684
36484704
37699557
38149465
38223257
38579869
39215483
934837661
39258258
39318997
428132450
41111296
43103555
44961945
47288522
47533203
47988006
424925174
50074515
50075482
52314162
52633526
54244214
54857443
54889664
55641328
55929435
57446382
58169921
835007093
58504731
59510241
59659444
59681325
60846201
631946041
62490400
63027293
63974624
65090113
274634056
65111098
65175218
65668714
67380795
67989005
315850123
68574204
68842028
314590545
69089779
69168439
71641534
71684443
72076463
74303666
74345666
75396639
77287982
78008223
78209435
79297530
80010159
80538512
81623284
81910686
86632617
87039136
87371375
87899616
90550469
90905654
91457376
91657242
94023196
94715860
94834536
94961106
371123915
95982566
96956124
97076248
97103633
100044772
100420951
101142108
102689706
103449326
110895018
104534488
106797317
107011420
107413012
760238864
107965678
108359455
680622391
110785429
110788442
210444335
111611588
112201733
113165106
114331137
114533406
115125953
115280179
115721667
115831055
116292752
116720478
117105497
117352989
117760211
118176575
275624790
121591738
122193294
590679710
123332408
123461233
123723176
124407569
124685459
557084912
125083590
125449327
128133389
128235277
129270827
130130073
130343271
130419506
132808396
133310131
133443197
956070713
133767117
134008340
134043877
134457748
135489768
135806917
287062713
139303029
139938922
140388675
142243029
142399079
143392120
143557799
378910318
144364769
145054662
209126203
146040764
146048210
149061659
149182487
150046386
395074255
153711849
153784300
156058390
157287060
159525790
160868285
587612316
772423533
161347801
161387789
161537306
162593414
162905367
164086837
164526013
165455894
165951921
166246629
166296614
166661746
168901859
169055356
173100094
174629891
176356316
177887289
178841378
181124866
181526210
182006473
183221319
183677347
683978635
185922915
186571483
186740007
188647289
189282326
189799777
190566308
192850439
193804615
194144299
196064619
197596999
227636785
201341060
422567288
486871337
203074080
207209826
892682137
270642152
209195790
209196648
210595912
212203999
739242755
214635332
214820350
236152767
216942489
218262095
219265666
219879678
220824737
220931834
222011368
222549321
222720930
223574766
223795908
226870545
227267498
227629295
718375417
229768591
843016963
229936179
230062968
230386378
230745240
230809663
231702244
427346780
231952020
328220777
235311611
239181019
239566011
240015743
240386093
671907858
240610527
242050602
243486040
245316331
245918778
246027758
513859325
246592581
247539240
247667197
247720558
247956259
249352063
249940390
250987163
251856395
256835156
259543183
260534293
653351397
543916150
261383888
263604168
494349305
414109154
264654288
264901324
374488201
269354858
272199900
274052102
537744667
274755747
275946508
277578988
278781453
279015520
279948303
280819794
280974116
286386567
383069597
286439173
287074757
289845779
292501069
335351969
294532890
296545254
297234813
299416881
300172730
670749721
300307028
300714625
300743504
301031959
302169310
896788841
302387300
302966880
303367138
305298613
306349149
306933221
307347905
307396778
308929575
536415633
309074289
311147499
311352268
311582944
313109690
313795383
313861544
773796544
315420230
315723352
316036479
316827128
317457528
721589121
318211591
319548403
320126815
320219567
321120368
324983455
325211897
