1000
494537
653665
828851
1511364
2296323
2590661
666197710
4996958
5432922
882227677
7453691
7470201
8480447
8741138
9821969
10317129
502471470
11762072
469922445
12672737
919071474
14353960
375880574
15043557
330170903
990204371
16630768
18552630
18875365
20234920
21292295
21580709
21621458
23584248
23646360
25415839
25827385
50660232
27274450
114074813
28421455
28531434
30908561
540646226
86786232
434472492
33829946
34999238
35864862
38059542
38159603
39065631
555221288
859033625
41118762
41292465
41332636
41852344
42851971
42988848
43780222
44456968
46651373
46678271
47211015
961013527
48235748
50191085
50204424
26492714
51315202
53226229
54315285
55069857
55501974
56330255
56399243
57572088
57638932
58007314
58539932
59212525
59572605
59664955
60840441
898236530
64132462
64937519
66424658
66831928
67691203
68205914
68384432
68758563
69589259
70118281
349847244
72212376
72386179
73550047
74015189
74557401
74730321
76044880
76832371
77450517
277126084
79370059
80852279
81636050
82869497
653136959
83799923
84072492
84170880
84704365
85984526
276753439
87322701
467229782
88963093
89607874
90234796
90318182
90901149
91483471
93282409
94062011
94255180
94633290
994908988
97897077
98244192
482426592
99861533
100454073
100708917
113759251
101208052
102090771
104442516
104444529
107577241
107883935
435324629
109556463
109768342
109779228
110291932
110298210
111161204
111882885
113333506
100730733
28312947
114275018
114369639
143749811
359518889
122023028
115351124
115769884
115990270
117064408
143913903
119351357
119622884
119683962
119808770
120504156
115288786
122451027
123155475
123486019
124246924
128318211
129228257
129501776
130344229
652131001
131734930
132058338
132074138
132534812
132565282
133385685
133766688
136202726
136884428
137057887
137516789
778151824
138151997
138434855
139843814
140909930
141075738
142396408
142682585
114640495
117126206
144523386
144524490
144563025
145309072
695881330
147146414
152234416
152768075
155303402
156006186
156543074
157925048
159266731
159314149
161437829
168682942
171705696
171935503
62905130
172760160
173618738
174367699
174547135
174563168
174943969
793263377
176054007
177081566
177873194
177964035
565543556
183018537
183834835
184782330
185269324
562273439
187526477
188131873
189154117
191186242
191301308
191387702
194429775
195740719
197634563
198523474
198534920
198811276
131464577
200811629
201984097
202271276
202449217
202842556
459254554
205222255
205710400
205947675
206108046
266944300
448526124
209619852
210256641
214281037
214457138
214780426
218279307
218429859
218449363
218888971
219410695
220439700
220440204
223876254
224695267
225519546
207956145
225923866
227446759
228024108
228042693
229086444
229103008
97392731
230469540
230909188
231376707
233387587
235876542
239536040
239741658
241728397
764375941
243606996
246083126
246740694
246743612
248048607
249875862
691412780
253688687
254562388
256132579
260735333
261646482
985420550
262912326
263330791
264326709
264647978
225726375
267063141
268694863
270054798
270882501
273023751
667770540
275593580
275872119
461304912
276704918
32084399
78875523
277186025
277637447
280046534
410059831
282656350
282928382
284332631
284367199
285696815
286424462
289832458
291520695
292198879
293279998
293309783
295689253
297014261
298794058
299034015
300022254
200685819
301469184
303274885
303290182
306997497
308435554
308782420
309071047
309196276
311393472
312177177
312331251
313455802
313617929
315154276
910633422
318186613
318684396
320411731
320681306
320809779
507869292
927035611
324615880
326694469
328252137
329497560
469736979
114787782
619209242
821169714
331952288
332371566
333328576
333392254
335595661
335912191
336698818
340327874
980225188
342282384
343101565
343323394
345603024
349813870
70885296
613399554
350129822
351185223
351780021
352487744
352540384
476334646
353702686
354337729
627156006
356284490
356589379
357463205
423693571
357832965
358736965
330597611
362729009
362853131
363139079
363283967
363395347
365922398
458900891
369996373
370535968
371998386
991895872
372349530
372832400
373079596
374071793
374102944
374752123
14708295
587772574
379685736
912858127
383829867
384713818
385067861
385476698
386058273
389709716
390657514
625664890
393197679
596087473
393669927
262417790
400709657
401005465
402615630
402985862
404293824
408218015
408266945
280116318
410576728
229764460
412879608
416450677
420689834
421368518
421419047
871471309
357790630
423889482
424362589
424710896
427630979
431229946
431585170
431993610
275578985
109190234
438965104
672096733
441927002
442640856
444556523
446426297
447114485
208837089
454414232
455154875
455179666
455504631
457205003
457404943
458537345
367859415
458973103
203749687
459733251
460975456
461147680
461285478
999581240
463033124
463104265
464501929
88373442
468560704
818597796
12666833
472131622
473995431
475506794
730206306
477571465
423508272
479744479
479908722
480941156
99606834
482557384
485482102
485634933
485666808
488199690
488312257
489408416
490103632
979959686
491341256
492055716
497219476
497996051
499580065
500618215
11390934
506759841
352616237
509313941
919721714
516329579
517820010
517975264
908971740
518992472
521479422
521872245
522375497
524969204
525925278
526135998
526306208
530359236
611231379
759814090
533536113
533872477
536896393
537494182
540180434
31818226
541618868
542222338
544367642
544441645
544686745
545633782
546921755
546937253
548036106
548255921
549186371
551122726
552829969
553764339
553799317
554391677
555072740
39387048
557641219
557813780
558328905
558426905
186891299
562415345
562793432
564143988
564164051
565252688
178333849
568235548
568820314
570657422
570895543
571410191
572823678
574199656
574486174
574671561
575828379
575991004
576945499
916444080
578781319
579597361
579895332
581136255
581427786
581543441
584674520
585878812
377962889
590365467
591949027
592332521
592905099
595240479
933959330
596560700
599293048
600209162
603018853
603419814
761368647
606869194
607253767
608621018
608935941
533166979
611929987
349936743
615235846
615287385
615306186
616063508
330974424
736721912
621096094
622281472
622289669
392554761
625757921
627122768
355371431
628291629
628713200
629205839
630019619
633872495
634800294
635368978
833969267
636191131
636619979
636885613
637009950
638075149
639879578
642202742
644910732
645632304
645672806
768124626
647203520
648234520
649297583
651033402
761156196
82891347
653933011
845912146
655673671
656143015
657861451
658808956
659356477
659414352
659730430
659741055
660085995
888952983
661195618
661223753
664218784
665475538
3504159
667480839
33315522
667897480
668660100
671625250
671903046
439870165
672698543
673799117
676083486
677656036
679405315
679941023
682864523
684301790
684971862
685935054
686598361
687521154
689573179
690506553
690587009
690670903
250846124
691957167
693043367
694423291
695624380
146217509
695907883
696502616
801768058
698684169
699457063
699462301
700134652
700297153
701144025
704723624
706221103
706639089
707615902
707649602
708867392
942507750
710932868
711537353
713132321
714756767
715652572
716035901
717745022
717861458
718140943
718255853
721368504
721398953
721874781
722639078
725799004
727363329
727411177
728857393
729172893
729686244
730051943
323343864
730969419
731622825
732774178
732849503
899024474
733146449
734365816
734837144
735737388
619550492
737131218
739267358
740266630
740301070
786638170
952731740
747494484
747773455
748735416
748805560
750143157
750366836
752779164
753328453
755853777
756635702
758716113
759072325
759281538
759509677
533183194
301384718
606061400
762126788
243035441
764520611
765024162
765605536
768121419
646185154
768167965
768688918
769579226
769967563
775206658
175521568
782198247
783578344
784207049
784620632
785591199
785883039
786470155
744181895
790923620
791101468
791342297
137926265
793463100
794771796
794856442
797419329
800328563
800634756
801342564
801653875
697392693
803077285
803489978
804813693
805958563
806436162
806438947
809697616
810624808
812702565
812987839
813465230
813702106
16177444
819204727
819382824
331038639
823101297
823602086
823947000
824219003
824687674
824955553
825886511
828863368
829543808
829735303
830692455
831927915
832328441
833712718
833915280
636056506
835611923
839753926
841455905
844343578
844959163
845514444
654980640
846288510
846533294
846660212
847014806
847111221
848081605
850518964
852475901
853773556
855591667
856953114
962884048
858861861
39559815
860228605
860257866
863784913
865524839
865975947
866280082
866901135
867996686
868898362
871154182
871434232
478176072
873683384
874448963
874930941
875252138
876183928
876332596
876761227
877744659
878579287
879663823
5596947
884567857
884623756
886866794
888597133
660243481
890636235
891277367
892602830
893378171
922514621
897526237
898136740
172513564
733050385
903417346
904217340
904638863
905087141
905581991
906072875
907338190
908822197
518558443
909128523
910188919
317598709
910962691
911184991
380544757
912916687
914466220
577792932
916731915
917040938
13265597
515229350
921820777
894085695
924149043
925498356
925974280
925979741
926095538
926292541
323404811
927671332
928894331
929089215
931149720
932514182
932543475
933345097
933410311
933606921
393334159
934511039
936346419
939056186
939827115
710903566
943671926
946483239
946742582
947258473
947709105
948848667
948861473
949423683
952045901
952646028
746039780
957801695
959996528
47973666
961119022
961591496
961832875
962012761
858504078
963338530
965049715
966227408
966813824
968853783
968910230
969598195
976267474
976687660
978213633
490178132
342178638
980642556
982256086
983007734
983010958
983203935
983431907
983824903
984284082
984524822
399535548
985566269
987659953
989979216
16393957
991178320
991598907
372171500
992806587
411816019
997863043
998033406
998195571
998583482
999155304
999579815
275877740
999634524
