1000
515515
919603
1188647
1252743
2094366
2543710
2805305
4061186
5151426
5236164
8992112
9200358
9755475
10965414
13401822
13592756
13812536
14845677
14855445
16082339
16766030
18789886
19133665
19239721
19337278
19997103
23755840
24300441
25106344
25235154
25843848
26029979
26258805
27873897
29014999
29048593
29394042
30248975
32389111
32626455
35587957
35924560
35951093
36130584
38611284
39517273
41381400
41745560
41999849
44667665
45205315
45452725
46194789
46244214
48257196
48351042
48840505
49377018
49574589
49803655
51232378
51667716
51771179
53867806
54439642
57551770
57662398
57845153
58935011
59277097
59330064
59837085
61317680
62466885
63341447
63820758
63857154
63886137
64455132
65657060
67273148
67641226
67755793
67936976
68085980
68382556
69110488
69859330
69915181
71575248
72187818
72845152
73033181
73040284
73301038
73485237
73553082
73585876
73948749
73963352
74354470
75490389
75525978
75533105
77424503
77930363
78085991
78222901
78628804
80531277
82676022
83039078
84391486
85242174
85446664
86055884
86458181
86753133
88782732
89038055
89100080
89459860
89879021
90458351
91639283
91667265
94190533
94466182
95473493
95511829
95707904
97121139
97938451
98038984
98039043
536705137
99317938
100897764
101458856
102019088
103735587
104704581
105643551
105764393
106823357
107039415
107800277
108188565
108548803
108655123
108688580
110112963
407818513
112337071
116344816
117423873
120985277
121079870
121199384
121524622
121925336
122296553
123524918
123772848
124816028
125151432
125253250
125485258
126556069
126749153
126854958
126878992
126908089
126987584
131052450
131427427
132112865
132496184
132987157
133653286
133857269
134109851
134298294
134685528
136043826
136490162
136494610
136504627
141855909
141933747
146856886
147020137
147537498
148076417
148161824
150779543
150928151
151534107
152008606
152689924
152736983
155572318
157389307
157909802
158496278
159497133
159582694
160772345
162846670
165086984
165877840
166449089
166962252
169764456
170914754
171777249
172917333
173639736
173875367
174177160
175970589
176433324
182572519
183565524
183857102
184192440
184256503
185376442
185926121
186577681
187383705
190311460
192611456
193565566
193932653
195608303
196172316
197963412
200952711
201754498
202407036
203655312
206026787
206634512
206655963
207296768
207621788
209011631
210307353
211103865
211705273
212963292
213279678
218416235
218888179
220386047
221284847
221953110
224940989
225730207
226307914
226466076
227158130
227968429
228973187
229549414
230632161
231012178
231643780
231933668
234111476
235241491
236377861
237484402
237744931
238150803
240485849
240492055
241330030
241404657
242466956
243004880
243849249
244523916
246099359
248188629
248414064
249949468
250177250
251936978
252333269
254251006
254660651
255726323
256375583
256484814
256507915
256552742
257472344
257565044
258253810
258377718
258962925
263415161
263803630
264171252
265475032
265684943
266240461
266303246
268915780
270455269
273299935
273709686
273852775
274232619
276233733
277621913
278663039
278831641
279049246
279591616
279863469
282481291
283939719
284311370
285627588
286614024
287279041
288434588
288886351
289349863
290601311
290660524
291540433
291964973
292075412
295819805
295837474
296639553
296881848
298349545
298931277
300081780
300300804
302799457
302825483
304720396
305375088
305375599
306141969
307332586
308210864
308923413
309142907
310402640
312740279
313227109
314170784
314812394
314987499
315450091
316221424
316717187
317238431
318159463
319270347
319320751
319637019
320680102
324687656
329051221
329305217
330015218
330273356
331043238
331394599
331735247
332745458
333187263
333402515
333880773
334747125
335592963
335733467
335877187
337998792
339374453
339449274
339722834
340574762
341815998
346089620
349128715
349318535
350456292
350478543
351974371
351979643
352571145
352638296
354784947
355040339
356278391
356708560
357633598
357774174
358717035
358831611
360239554
361758242
362371588
363882938
364230315
369049377
372145714
373161822
374490954
378348799
378787882
379540989
381082648
381322325
381944989
382553339
382623776
383010635
383124735
383506695
383566472
384523683
385604934
386035223
387150369
389578615
390004316
394849229
395160213
397294426
398369629
399021927
399129701
399703960
399736387
400048094
400554860
404153992
404839260
404851568
406980585
407109279
112099625
408004398
409280822
410063144
410711277
410852536
412625543
413108769
414335747
415407948
416065430
416226341
417292070
418567882
418646164
419763567
420496755
420829605
422298332
422345269
424742351
426889923
427374191
429977396
430189881
431206145
431584871
432548259
433442037
433822297
437591615
439320682
442075452
442185837
442302527
443105037
443875080
445447571
445815921
448555084
450904193
451253149
451726652
451904055
452222576
454272326
454777791
454961985
456378479
456912934
458330770
458536612
459007299
459979175
460122943
461853601
464365163
466657537
468211584
468799426
470617983
472418662
472719316
474067787
474360806
474363892
476527431
477827263
477930632
478897555
480751343
481976093
483086681
484813926
486090389
486280283
487836146
490710479
492037877
492094907
495862119
496737396
497837944
498915843
501188536
503083945
504503134
504634683
505250607
505340096
505445655
506284217
509063279
509991833
510345403
510651127
511474363
513086175
514183018
514746874
515261645
515712922
516266277
516354559
517519019
518059841
520060911
520209938
521667918
521922366
523071338
523218102
523307910
524026617
524573408
524849909
525607661
525805030
525867406
526543054
527078486
528263028
528280380
528312691
529387778
531143013
531411464
532770037
534887864
98725923
537512660
537782535
538148852
539939591
540153602
540158265
542077021
542314466
542981609
543167430
543698753
545068451
545317593
546119347
546868382
547043760
550154859
550443379
551508572
551930833
553970800
557473193
557646189
560005823
560392975
560574578
561288562
564825959
566545320
568386207
568812570
569815022
570785306
571635303
572220007
574293804
574723864
574879292
575261655
576982199
578187764
578258643
578261434
578744818
579487034
581188022
581219379
585622826
586939548
588856647
589494673
590922786
591717210
591942351
592397532
597389775
597710701
597932901
599961835
600002971
601847352
602303662
603354714
604536771
604946822
605356105
608586691
608649986
613038637
615767729
616653637
617797357
618052239
618210460
618416782
618654155
619942394
620363097
620765802
624534060
624881257
626215380
627306973
628264152
629589644
629673022
630001846
631418702
631512876
632277005
633446660
636861493
637288862
638198897
639548900
639607681
642954171
642954595
643652032
646086529
646767151
646981933
649243151
649486630
649498559
652511932
655435530
660416630
660827697
660849906
662657715
665106760
667386444
669811236
670408664
670711736
671021745
671477027
671964478
672649824
672857302
672939624
674451951
674476877
675343705
675703680
676828678
679152638
679495426
680488751
681166927
682037836
682680998
682716012
683237689
683771973
687377087
687516888
687548130
688027353
688761842
688859276
689293511
689455167
690589332
690987724
691076203
691628856
693094008
694189123
694959882
694990215
696042761
698435868
699044665
702128068
702516026
702709520
703667389
705365502
706379737
706611418
707026534
707619890
707960806
708176821
710093987
710345318
710989437
711240732
711867495
712124921
713197263
713233895
713942795
715013479
715781535
716624560
718632090
720153157
720209805
723298890
724279074
724419546
724681871
726391122
727921326
731834424
732115135
733704297
734485324
738656218
739067685
739201625
740692299
740837924
741735377
743150967
744249979
744695769
748394683
749407389
750703811
751276588
751853717
752304355
754169972
757805841
758033125
759370347
759868665
759932019
762453917
763595050
763993204
767200685
768616573
774581699
774613015
776065525
776437558
778991800
779109407
779767783
781136679
781426535
781958933
782102372
784444794
784522629
784598594
785065113
786143256
789913212
789973522
791325095
792236358
793095859
795497454
796927788
799442895
800370352
803086129
803191955
805412263
805502664
805899532
806913935
807478740
807657155
809966925
810204056
811918343
813011390
813583972
817465331
818174764
822519852
823370740
823796812
824154575
825325156
828432073
828824907
829145319
829351545
829486582
830516933
830846164
832922085
833256729
833287826
833589982
833652542
836294912
836373559
836766812
838856516
839064140
842285987
842503542
844126326
844247315
846026091
847090389
847956605
848577738
850704022
851683443
853848826
854008712
855163774
857469602
858431641
858658249
859288512
859716458
862205119
864282934
865071504
868894693
871200086
873797364
874198122
875638043
878618892
880259489
881053987
881179091
881449540
884707830
884813048
885585781
889732406
896916819
897082233
898449796
899323377
899600962
900533529
900740693
902068245
902557841
902698400
903803022
904200412
906245899
906364832
907637007
907953506
911578724
914543451
916443753
916640456
916729862
917264153
919294374
919365797
920942212
921009917
922516493
923045532
923105647
923910964
925632020
927277642
931002774
932965710
933057442
934338358
935794424
936162819
936368363
936599219
936684140
941114378
942497372
943098106
943959446
944320615
945639283
946511055
949466146
949732053
950221408
952247502
952290712
952929087
955101410
955690564
956626484
957349709
958209291
959601122
960725540
961705532
962144924
962270553
963434932
964061903
965743061
966292312
968999845
970098736
971252545
971923966
972550312
973855630
974369014
975374150
976367512
976454715
977078540
980994318
981813580
982431096
982642132
983075473
983444444
984693959
985261326
985864964
986089860
987243495
987446092
988432141
990551137
991161926
991167787
992757067
993144136
993540184
995682997
996032990
996440824
998470097
999134568
999657213
999786720
