1000
993863689
992906528
992800757
989217909
988340315
985254777
984664693
984239706
984215305
983739206
983591216
983322025
983298057
982794519
979834904
977878966
977634445
977309496
977181522
976350909
975360674
974377155
973012522
972089302
971942848
971696816
968950269
968063343
967521570
965841667
965032560
964742624
963936980
961834722
961635940
961580343
959083967
958968005
958770842
958498836
952721113
951921276
951141641
950693859
949867728
948923845
947208520
946868558
946031703
944563886
943172189
940461939
939554128
938433128
936970604
936598752
935264513
934852345
934322073
931466542
931083124
930492590
927260272
927127408
926883513
926638926
926628351
925941920
924838112
924710672
924688344
924290670
922684612
921281036
921030830
919311041
917794567
917190832
916536536
916376508
915672418
914008553
913190274
913143478
912381925
910995336
910468379
909607102
908396324
908020290
906864959
906473829
905955337
903933068
901349327
899128657
897828862
896948988
896581192
896488630
895749350
894420244
892127947
891919787
889613816
887335004
887283490
883915151
883518998
883452491
882872587
881201545
880158734
880086326
879208889
876328945
873932772
873717464
873687478
871890590
871862567
871175528
869976666
869563271
869044430
867592452
864363118
863795136
863015614
861857821
861617631
860426493
860367655
857588467
856901961
856444297
855900470
855534709
855460376
855073441
852971903
850467871
849763368
849133383
848098936
846921789
845961605
845590550
844167920
844077152
843662759
843499326
843086508
841745006
840847018
840339650
839406810
839176822
836094611
835199762
833348687
833223370
832455346
832131208
831950715
831856647
831590857
831514708
831357959
829694544
828940127
828028487
827423556
827339752
826785939
823116964
822642713
821791216
818939739
818842526
818162331
817753203
817031312
816849072
816242227
815185619
814104838
812430917
811851991
810931047
810751318
807577811
806224879
805839718
805583959
804726481
803371130
803167903
802665932
800545533
798838486
797803598
796935826
795995890
795943472
795595740
793869109
793214411
791550525
790203334
789397710
787554684
787212664
784668186
783597846
783297898
782319342
782113718
781155828
780797960
780757765
780232754
777911263
777863554
777227039
776207647
774125524
773289608
773220738
770496876
770267269
770023438
768660375
767788705
272347993
765318140
763328661
761131454
760983201
760805283
760619818
759555169
758880312
758380268
756517758
754844127
752781565
752121587
751192003
750075344
749848363
748487110
747802475
746781546
746471687
745478632
744204755
743901962
743433294
743389434
743089615
741197336
738722899
738719148
737861097
735277783
734308915
731803446
731222433
730645780
730247507
727650641
727263985
726890679
726624424
726597866
725886940
725395993
725120487
723188461
721745635
721304841
720513677
720097504
719530438
718799654
718009923
716695555
714952009
710734408
710488336
710314169
709129244
707825232
705620386
704075835
703216708
702860848
702620819
701967307
700998239
699799993
698986977
698552331
696075739
695580140
694465003
693755386
691160786
688334684
687835886
687201198
686876920
685636201
683482924
683408180
682536906
681529315
680623495
679814431
676637574
676517303
676258130
675221683
674927071
673974046
673295652
672990559
671511747
670218446
669985516
669638874
669131358
668659989
667458594
665300642
664871651
661152130
660669710
657690418
657485629
656987866
656692494
656283066
656227926
655933265
654773373
653892574
653634475
653147211
648831560
648742236
647904205
647764308
647605188
646897996
646581846
644637031
644596490
644188544
641344276
640437227
639136791
639096044
633967793
632078229
630990393
630439534
625601534
624233001
624191418
624039631
623760736
623123495
621901819
621430323
621139568
620984986
620801247
620643081
618992050
617282694
615547672
614915985
611280972
610196367
610021264
605412706
604475029
603592930
603266351
602958764
602042800
601724887
600191419
596914027
596853223
596176014
595967033
594837679
593331397
593327696
591151159
589992901
589307536
588732800
586282505
585084043
585004470
582266941
581298758
580869141
580651267
579470431
577340887
576820603
576223352
575813869
574769758
570995869
570234244
570136322
568227993
566872114
565098926
564758200
564117776
561827480
558231824
558207696
557759669
556477206
556408208
555115958
555091216
554070257
552456183
552403174
551768961
551212201
550571138
549679884
547890447
545207041
545067280
544979723
543288165
542972480
542422985
542034414
541042718
540556649
538068947
536248978
535628406
533468435
532092918
531892230
528905220
523371513
522719187
522367178
521560557
520109016
519822663
518857230
514110994
514060963
513315457
509651409
508806468
508439298
508384413
508340781
507494708
507172397
507140785
506642492
504312677
503455775
501799237
499637872
496953022
496806190
496765885
494485769
494003877
493819785
493669101
492378276
490727935
490565211
486693134
485664329
484354168
484100060
483434247
482510443
481987097
481778355
481666880
480967587
480544238
479855210
479342936
475906794
474813801
474655726
474025439
472397369
470362280
469957166
468656631
467711417
466069738
462377319
462028736
460295939
457638204
457093133
456830214
455573497
453497088
451690190
451291492
450650760
449556539
449174063
447700797
447698510
441165845
440225535
439622304
437233950
436443498
435825123
433291107
433100518
431920869
425664076
425344120
424031244
424020677
423251918
422659879
422403152
421745150
418626859
418531044
417332875
416699284
416464423
415837699
413852889
203394234
410627382
406355441
406221054
406076305
405755941
405130889
401928075
401927588
401324462
400907854
400042945
399585089
398622863
396927059
395699643
393662364
390344439
389981660
389792624
387693836
387256996
385855399
384156544
383600963
382970978
382178342
381801421
381769258
381239331
381175209
379423441
379336122
377788707
375267995
374960724
373489391
372395078
372192142
371471099
370459756
369591876
368877862
366958245
366033218
364601186
363561466
362557060
360121404
359757030
359130608
356300140
354880545
354260135
353547769
352652397
351781575
347896268
347837763
346916568
343352654
340286516
339300065
338452908
338449765
336295709
336055659
335891392
334167468
333360594
331732281
331555097
329448672
328804887
327108041
326379619
324711040
324106819
323803190
322429443
320794783
313324727
311922870
308682921
308563735
308340067
306605246
306215403
306094080
305195749
305005604
303974223
302593992
302577425
302312021
302152029
300761324
299217186
298305237
296719284
295886303
295188861
294259232
292389028
289896712
289725584
286699234
285005542
284984665
284094368
282048371
280827213
280201678
278899357
277887947
277507364
273572907
273435259
767552936
271872827
270705661
269602373
268214683
267043651
265952548
264994959
264633689
264347699
264196441
263225871
261948999
261752337
261321500
259606111
258620673
258177750
256592252
256534789
255751791
253077766
252724441
251334978
250625818
250553768
249925382
248512001
247885191
246398104
245836234
245163116
244306564
242675769
242304285
239141239
238961227
238517935
236737205
236112340
235779544
233695192
233283571
230748583
229769932
229238259
228939065
226415323
226178152
225807150
224544316
222496708
222337977
221101604
220457944
218960681
218929229
218302910
218184911
216954870
214618597
210756123
210207085
209932719
209007713
208207510
208052027
207397849
206014582
411333948
203385553
200441949
198814891
198399080
197177346
196861831
196225001
195403518
194655094
193800671
192163135
191356101
191290051
190300154
189788422
189748840
189063535
188394249
186591910
185180228
184631461
183723643
183386352
181716393
181298232
178856691
178038982
177845098
176549346
173595751
170277842
168250165
167849304
165782367
164587992
164581411
162329420
161408567
161402665
160826223
160503019
158400924
158056499
156161917
155968182
153123570
151191911
150283569
148001337
146931834
146889600
146064562
141916116
140938405
139288240
138701409
138131406
138070753
137617347
136226350
135457368
134409325
132778734
132118476
132085240
131840059
131023571
130876427
130760010
130125865
129933407
129429448
128977683
128350783
127291410
125981141
124304500
123841620
121347115
119318629
118810701
117899977
117382750
117348162
116758910
116681142
115943839
115602169
115589912
114136575
113881186
113499961
113279404
113120548
112517605
111879206
111118989
110976108
109408299
108776612
107428762
106823915
106510361
104864583
103201628
102909194
102669410
102656530
102013686
101951095
101128849
100758870
98320461
98057302
98033298
96933808
96184186
95766713
95380603
94975707
93971206
92571810
91736812
91665338
91599505
91539007
89686363
86806549
86301972
85880682
85748081
85575688
85498189
85243127
84970943
84551776
84087277
83400552
82897377
81944925
79757848
79662864
79494937
78876578
78116943
77865064
76994422
76944036
76934619
76698957
75858910
75830232
75671561
74838952
74671369
74599378
74513064
74191062
73064248
72862053
72358095
71596292
71566461
71534907
69233896
66586959
65265882
62558520
61589515
61573878
61080043
60303213
57974985
57575846
57445344
57123977
57071354
57030811
54958546
54954866
54265549
54227163
53568197
51923060
51020924
49754198
49564434
48767076
47995111
47105666
46825635
46145366
45592238
44881032
44856959
44831263
44587089
44308909
43811943
43212258
41419873
41364934
40830529
40505819
40312841
39786168
39112612
38886698
37103054
36344786
35796777
35186028
34416838
34148354
33761827
33331193
33324048
33275028
32547338
32398006
32162724
32070502
31862890
31324693
29668377
29061179
29040751
27755996
26606462
26515365
24993055
23715483
23715089
21038929
20727714
19519484
19101624
19031098
18704319
16417834
15234715
13832254
11809555
10789813
8664419
7112896
7047948
7043545
5541839
5392319
5157648
3983039
3883308
3559706
2644635
2215792
719469
629985
