1000
473729967
474680494
291428857
476450973
476652652
477000486
482741333
484260012
484515316
221873219
484876464
458391016
485469664
487374646
488752715
327730680
493204497
493826988
495173402
503361100
55290062
505529968
509608383
512454038
513063196
513969846
514428675
515247823
516517827
192965835
517754239
124013580
517947637
520196166
520907735
524101791
524549415
524560933
194007502
526291221
471462155
67629735
527142303
528644165
529592393
530936614
42549103
116944356
17650204
532069220
9946301
532130803
535434534
536779242
537154960
538220133
538932005
539247037
539579655
543905965
46489615
548225138
549317536
452327061
549669109
551347604
106571072
189953283
316004075
555498197
7392093
556373743
71373666
552785946
561877985
294058056
399714122
40011197
563735399
374637393
142638452
567960375
569228920
503309158
571669063
574133170
574425761
574746557
576697704
190893404
442190347
577071927
578455555
513341289
584853411
589389707
591415561
591520274
591765703
592859307
299446061
177564693
593365790
593813176
57387857
597629243
598247931
120655642
599318102
599455682
439378982
491300172
600328456
603185186
211537308
611197043
612393400
613632468
304212841
617970475
621765079
622217147
623545944
623977978
623983320
158793657
310857314
626403430
627065945
627271336
568348362
627733642
518841796
628627594
356492208
630346018
630761864
632263036
635885617
4501046
231590138
549568124
619005018
40954696
55981028
641411297
641742199
157281103
644429324
644744487
644902856
645918155
646139473
7253099
216902295
647179516
647698421
650758847
277819669
175661090
656110772
656464694
657547038
661622553
142640288
608826221
662997464
665158575
318722936
665219993
654398337
667185887
453932033
669718465
384295619
673703437
601406816
675585660
677087847
677533791
680128401
680292425
681848214
686592202
686713191
688550574
688852416
89586686
187852459
307667952
691657414
166266170
693709111
442703502
660142320
693895962
695363377
695969399
362900063
696352281
372156042
696428814
698911953
52863678
293839265
700598755
513087732
68005198
18328119
701113721
701441852
702419285
703304121
256296818
707021868
708382755
5887367
576856050
708590403
709093314
714691395
714741631
600034946
715551636
716796254
718358672
718530425
305304415
721348199
725328491
28855104
728809837
729441921
730921048
732775725
736619553
737633385
738439033
740405328
741372760
743222855
103576399
744075473
746293392
747313778
748787088
749460937
750897923
752672498
212869894
755558896
733912129
590554271
756196405
756933994
757290734
17854090
120920642
763222723
763367134
21535798
439162149
763672290
764729446
766235371
767864801
768429342
769771194
770760132
772056766
772269586
580281301
72581288
772527345
772802219
773358667
773491724
777004560
777435035
777814836
779238773
779532533
779910319
781960464
783418705
33019673
784060272
219366435
788091745
67294277
99074455
788614927
640740381
789445013
789567914
791364648
791944656
793039781
794361846
694436062
687557362
536294725
118004038
797928301
800274705
803327328
810496228
810814723
719809028
812014764
814031054
76938530
814064137
817905642
65365581
4722662
820740968
826219909
810717387
827279583
828343742
367024573
832443145
833184840
834598703
834740552
834970792
843561374
847434548
638456265
849298521
207108501
853489955
855752235
469504594
430296902
394055500
858963933
134593496
126954807
859608629
861099329
861378231
67661185
113807874
690706006
862154474
67834624
784031999
865451226
692470995
865676682
866583146
866786938
4175957
867074828
868248447
655550052
468998111
673965015
869813798
307472503
870945689
872969446
875980733
876508860
879447135
880429913
880809770
881183974
882678170
885385128
886063360
887619394
887902878
889221679
837955125
667372414
889929253
889975309
202363218
891767872
570992941
892358421
86960899
865259196
655836575
892650816
892743638
102363280
894084614
799160798
894271999
897709371
281322438
897950264
899718102
228595065
900974920
235650101
904113898
905720433
481032
906734229
506625139
907293546
907620810
910448638
356676457
913536833
915921474
917214283
918388343
920756762
927547564
928536270
930106662
931228565
605649860
932333834
933983639
934357749
938447541
777894445
940358352
941628308
123861197
945711580
947747522
948770562
949897386
952506850
952660427
168137153
954704462
956082698
957046740
894537522
959232091
184418412
959965746
960214869
960215164
962769752
209723000
964218777
964879320
526838937
965067454
966311465
967058687
967608945
958559012
542659673
968182766
448830042
603856544
643847148
577355271
970207766
971111151
616453497
971419233
972007397
974772656
976693177
977496224
618850076
978137695
979201618
979308243
979334856
979996961
980732945
981607084
667288490
983141107
983597292
983752290
985450623
985695220
986602364
987949325
613132904
989237598
855082881
990318209
991784033
994410961
374303805
996278745
998147578
826969790
479169053
810006
158061318
31061641
364688674
2796543
673636038
932029888
577042904
335662016
36202062
475705735
4769982
564796976
6120252
6605404
6702794
80836744
7459649
10797387
12025974
108693658
13674259
14425279
14977308
14978065
16532860
72183818
98933253
18689959
19981393
420976042
148478872
20468634
20743170
384490547
21009692
23944434
25014142
424495426
25322410
26591607
27887196
28190476
303033841
587544855
29288260
29936120
937713833
814906826
351900828
30273267
756382323
30609264
32003648
32367924
808297928
32669780
32800329
158692112
33406100
35258523
520606501
36091326
198051049
37873016
38370623
38728984
40395639
691161680
176877908
41631054
397427055
902170206
42721182
43198150
43208754
45466336
46851060
49317751
49876320
50172288
51756806
51791382
52746251
700116170
255976054
945880685
52983056
53462404
983274944
53529389
53755105
53900544
385554774
54271794
554223434
180472314
55252847
76538776
635947635
55996964
56766237
56993696
60642919
67698693
60682226
61452924
594091679
321189865
64068606
142070635
121490884
120849909
553641851
289637168
68800574
68895180
70179361
901338611
71973405
756001093
861494606
489103372
735366127
257268341
863797778
72233872
884206956
75403278
376632943
78395328
78796282
79405395
81695231
81719864
82332740
82408576
83083091
870627731
616810629
83244226
84506753
85171137
86716092
90498254
92009933
92304585
727137282
92721390
93433673
95449893
662355610
95850561
749302654
839655160
269931165
100034091
396466904
96390774
96766239
97056696
97649404
98017645
98943051
99731712
553919373
523536676
273296030
100008845
100015920
100216236
100290892
100823289
100909831
101317396
101522354
103439377
105878644
115969673
107079316
569499975
107921845
623625289
109765713
110564519
111308797
112153757
113054775
113148981
146297350
114147116
114208141
966935195
518516671
115050923
115421643
115861289
115971342
570886720
116557962
119251869
119982281
944765749
603718217
181990764
121166795
123050053
702528475
339552392
125047495
125098014
125510458
127593651
129192383
130171699
131400241
144011782
832097671
522398417
791236119
357642809
133714408
134781242
651319105
135090375
135426651
136125416
136370071
139516220
142132699
142563546
143190786
275974822
145411218
146212794
994584952
146601534
146835954
147250764
700278898
693756727
967696768
148748812
148960007
150009175
151771332
769856505
154066316
155045753
158584700
182712107
871293548
164069501
158947351
159001799
159385132
161352360
162217068
167270277
167353285
169802685
170346934
745198395
972933044
170812983
173353341
300902674
665485695
175095895
177338379
501999294
620709801
252550621
178066784
482497969
178543238
179672397
180860280
623641356
181742142
181809721
857492662
185126797
186225097
187366174
187599612
190188909
192046547
196378551
196782859
197745655
199532494
200427978
203345518
203588095
206476267
972166106
209248940
211487532
210856571
561362616
319339638
220153515
223744356
226910633
230635511
564717098
579345808
232132352
563052987
617537927
233827994
954486017
858752948
237121178
237645464
330798025
238650824
240922986
653655124
241210637
344277643
241565956
242815095
859534129
245425989
249783296
608855767
250378096
319439792
763543444
251619712
253409523
255254892
255587096
968885607
259207662
259825088
260122133
260645804
261939059
268139331
668010248
269062189
436613326
270840206
326439080
272440619
274197985
864775734
646297401
275492172
276669398
930172832
277838360
845755109
337386767
278166193
405453870
283524625
283714629
307656900
284253369
285211546
285946814
286167973
287500270
287788430
290503265
291060806
725050167
295136425
299301192
300282083
302499907
301905536
304031687
304382676
306976108
575797642
308880133
309444792
435389799
311141870
311819469
312031761
314282163
316081968
639683509
804828109
319953168
419756930
321317073
397058677
324373266
906892215
324480304
325358721
326886687
916169143
976181032
491940748
327731627
327769545
327864002
331751709
982373376
334251934
334651530
337291406
338541789
339860073
340235457
348025597
348576011
348659211
349344048
355954718
806874383
356948280
360865745
362643711
362995553
363664944
364726959
402138220
366735367
571854975
470184410
376698859
378479924
379712713
924520844
686337844
732948677
379971582
380235136
381719931
383393330
385179873
385817361
386971767
388296702
389710668
390208742
945401929
734552026
391373779
392034451
395051635
434606155
398686204
399018577
399600345
596236539
401064503
832446718
767848216
805546395
744765255
405744562
406234925
928300241
482165524
410102284
410911629
411894778
412436488
412669372
412722327
413384683
417926906
418229880
419013672
498668385
596561619
427535232
427961433
430104379
542870257
430693857
430766486
432444036
432559370
433768776
825971426
439505556
440339967
440724535
982766827
699431345
443138558
444888139
447735243
449063404
450881314
453664995
454758762
457301986
662302501
463464970
464036290
656627777
469545657
472515673
473013487
