1000
462267117
462380724
463954332
465511954
465533476
467290302
467673761
467917626
469075127
469181567
469281501
470583729
471908848
472185254
472394633
473482057
473929754
474781140
475639266
475810905
476640215
477261983
477651173
52170381
479763108
481847744
482295162
484925435
485433708
486795674
487853033
489033490
492929824
493016993
493268619
495389310
496792368
497684798
500796232
502427250
502986865
504235374
504373267
505355859
505973640
506321317
507052720
507505846
508406017
509902939
510366708
511551695
512044052
512892981
513408813
513518950
516560776
517195728
517312239
517418934
519279555
519969783
520980352
522068036
523430511
525662303
529521808
529592313
530437662
531713467
532656919
532729424
533575180
535468236
535496929
535550990
535964057
538038917
538993083
542808432
542882037
543317922
544676442
547092517
547102509
547247499
550042190
553230310
553515243
553921370
555657114
555964269
556033277
557653416
557658253
560792609
561452070
562424430
562604173
563157841
565551966
566345013
568708901
568736245
569480944
569723209
571493466
572964441
575417105
576677186
577309367
577385365
577551947
577607011
577943725
578853196
584386616
584391215
584774170
585395950
585642285
586437342
587512736
588548133
588662936
591544037
592243440
593033824
593314110
593580853
594337768
595266848
595648438
596053859
596629452
596936649
598445113
599044090
599241243
599285235
599958094
602947483
603452550
603572001
603767142
605264524
605862046
607718422
608659805
608779377
608948830
609831428
610483666
611029758
611475412
614238951
614299290
614397628
616141910
617572107
617960919
618605298
619311183
620082614
270586812
620120112
620617714
620806041
621375659
621648756
621924482
622585223
625284582
626849414
627477601
627686229
628920741
629943650
630001573
632882483
634378419
635224175
636893400
637156499
638249058
639470852
640848692
640896621
642822843
644371187
646316800
646962211
647312960
648648244
648837573
652394302
652639355
653881526
653910475
654742053
655807252
655834905
227151053
655943388
657258645
657319070
657938586
658292283
659096104
659459525
659742172
659842552
660155643
662020505
662176122
662445924
663405188
664040580
665790073
665821028
667054170
669059335
670035040
670941503
672496356
673032429
676404647
676648782
677095908
679773948
680065910
680392832
680635105
681410815
681848491
682888154
685086247
686777150
688656456
692818773
698459389
698462805
701150103
701150500
702397479
702790318
703067462
703699655
704861789
710238850
711630948
712445358
715022267
715097775
716650539
716950135
724819657
725289198
725613197
725886562
728128443
728613087
728837563
729313889
729889784
730158072
730432788
730705398
733892512
735418924
736108173
736164472
737049026
737623795
738019850
741333953
741367619
741588345
743582476
744310536
744442270
744570946
744938639
745098181
746281158
748824040
749396270
750958479
751639011
751893291
752603970
752672537
754225606
755146338
756232804
756831518
757722727
757806213
376413378
758149942
758425361
759402219
760354920
761026799
761605618
763313302
763742939
764714823
765590330
768043605
769303243
770525333
772195564
777899009
780039854
781055284
782737507
783975744
784419938
786172780
788598111
793907152
794653702
794805221
795605874
796277558
798689934
800669335
801243294
801315003
802035157
802912456
803468279
805504173
806648332
807808837
808552383
809030039
810443020
811241623
812182031
812662516
812990222
820000945
820161386
820376709
822075491
822901018
822907020
824144797
824162034
824591264
829726531
829790010
831095311
831884872
833292341
833914998
834093388
836907208
837350960
838187010
839057650
839649134
840231791
840531680
844388582
844427250
847263997
847359887
847513067
847890658
848012641
851928300
854233143
856694245
857368251
857750953
859909107
860844149
861982513
862181067
62459879
863307724
863850748
866380157
866709031
866903842
866984081
867420628
868726080
869171221
869408804
870536383
873003968
873802338
875176938
877516724
877924349
878829742
881941060
883925424
885211403
885730198
888861265
891706276
893877844
894264234
894624290
899565549
899670510
900831073
902863145
904434093
908292361
908935170
909589783
909640249
909673260
911230855
912667012
912800821
914520886
918238546
919606261
920262902
922365597
923640845
924552423
924566882
926282299
927304974
927622936
927905881
928985956
929258145
932027258
934323021
935329224
938508628
938569024
938763641
938787048
938797675
80452354
939759694
940833632
941468791
805212618
941844423
944921868
945244659
946573580
947227051
948193037
948661005
949158035
949487744
950503297
950567764
950626251
950797868
951029310
953676190
955764368
956212555
957165927
959116280
959706574
961206895
961712475
964633068
966452004
969550563
972829992
973126561
973877330
975638327
975775899
975966465
976299502
980228096
981526469
982855341
982892594
983337024
983723914
984673297
985432386
986311524
986652404
990852457
991726682
992664597
992725873
992905708
994725384
994801981
995709627
997353591
999011274
999330018
190545
2030680
3712914
5087804
5195523
5665386
6636600
7521317
8362002
8806684
9676002
9948591
12775815
12835213
13337933
13448327
13941746
14616625
15827123
15836353
15936223
17237521
17254576
17323927
18177300
20630666
21316657
22632466
22762824
22848021
23065743
24327584
25003758
25972938
26468274
27552282
28755344
29040442
29307406
29448298
30906495
31132558
31150651
32582953
32641777
32899029
33157072
33720677
33778422
34122042
34279490
35380301
36334914
37502256
37656996
37830789
38680752
38798335
39608034
40462525
41459083
41535385
43321000
43567839
43734638
45106244
45459723
46089670
46317934
46702874
47048623
48111025
48264032
49297468
49642953
53304416
53555887
53906639
54311163
54735770
56171360
57638065
57962324
58125193
58241405
58396107
58727166
59981051
60384988
60644927
61508360
62160818
62208010
62254156
63796349
64093103
64610009
65674536
66910539
67990565
70541823
71095692
71336684
72521201
72578949
73017879
73359000
73779671
74362421
75500926
75898730
76504082
79901461
80508099
81662893
83133808
83831420
84390457
84485300
84684070
84888531
84891210
85653587
85841482
86571415
88422629
89511875
90296528
90689156
91272213
91468941
91721125
91902991
92147261
94003962
94326144
94479568
95878844
96079849
99423616
99693800
100076650
101129815
101409240
101745234
101973562
102818381
104183701
105689497
105753152
106005028
109471188
109834865
110823592
111072050
111623465
112912106
114098049
114175308
114795547
114972003
115541108
116159853
117645519
117923342
118516647
118962000
120977602
121273117
121313112
121572119
121638110
121773298
123278406
124582145
125152080
125321237
125748926
126070616
130303960
130566319
130579981
130759293
131626351
131800518
132295530
133729689
133792929
134699561
134985151
138289412
139288799
143480427
144299370
145211688
146465666
146637893
147966285
149570515
150018670
150622842
150795634
152936425
153479346
153839742
154861338
156660516
156837786
157092969
158681771
159046321
161063801
162672565
163398655
164738098
165970388
166810506
167107843
168316421
168371258
171061770
172215739
172711179
173199175
173305792
175460186
175815654
176579214
177883703
180999427
181103619
181264522
181738622
182361391
183101958
183895070
184166613
184967726
188100776
189263897
189425357
189604912
191049546
191817999
192200891
193397033
194344779
195588221
199291041
204055243
204111410
204111612
204820203
206287658
206642665
206735479
206825419
206962881
208795356
209102710
209849405
213740814
213871403
214889386
215296313
215544012
215944582
220432311
223119530
223652809
226653049
226967122
498138146
230067023
231493741
232868990
232939143
233051343
233473612
237889831
238037215
238230199
240347816
240371246
988265512
240603802
241012695
241085193
242761314
245615166
246172391
246795156
249600495
250015250
250939262
251832606
252080139
253528183
254897209
255546658
255642113
256237094
257266726
257905352
258402649
258796551
259147274
259963841
260198229
260933413
261069600
261963847
264584057
265037491
266083144
267114305
271448933
273047419
273502917
280595868
280771642
280874758
281466127
283181304
285172868
285901036
285947913
286091580
286117879
286942964
287247179
287336506
287490479
288620469
288875041
290342185
291835464
294782332
294816503
295978028
297314209
297983945
298966874
300201098
300469418
301205299
303653145
303771001
304228950
304680802
305082227
305891116
306129468
307405780
307497445
308336479
308623579
309160002
310010002
310785975
312243079
312714183
313200830
313891439
314630463
314834217
315218877
318374174
319480014
321423297
321806989
322010144
322116085
322551306
324139899
324348121
324691329
324773175
329168468
329970716
329971195
330529202
332640467
335669091
335696040
338627690
339282414
339575651
341046729
341477630
342012731
343415703
343632142
346876378
350245527
350778997
352263925
352462156
352920659
353594506
354013882
355167897
355399348
358367361
359981108
360582525
362114694
366908630
370727051
371424044
373665023
374393083
375051899
375167648
375695703
377411244
377705687
378714876
378738257
380523459
381467783
382027025
412873487
382533277
385871186
388333836
389765800
391952940
393581451
394048533
394351380
394421511
401435047
401926179
403214126
404284821
404411479
405469977
407467237
408186555
409885874
410759474
412882688
413164076
413299501
413778871
417252883
417334785
417822718
418772906
422084619
422168808
422868110
423760317
423900225
424788782
425117661
425541624
426867626
426927926
427605099
429047180
429826676
430682382
431006843
432186670
433607935
434084996
434456037
434615659
436860344
437070458
437272988
437419664
438698983
439774386
441276324
442482195
442958575
445518380
445603446
446317970
449471174
450576220
450680105
450812860
451809536
451894422
452063628
452802997
453904405
453918860
454094308
454830969
454838250
455228304
455842276
461766655
