1000
640807220
642418782
642498976
645105890
646546945
647675281
649726013
649773654
652251992
653825783
655363769
656029107
657938432
658482113
658852361
662206444
662294114
662376785
663203850
663247263
666548451
668604639
668939098
668954825
669247481
671944090
676600845
677410728
680008853
681709603
682496717
435923141
683036306
684912224
686865733
687414028
687885459
689149243
689495104
691188114
691805446
500263997
692341645
697470159
697595643
698275523
698799398
700590405
701519227
702080700
702595937
703830953
705848647
708184101
709664592
709672615
712187856
712772419
713326629
713627627
717902142
718093174
719053293
719757832
719770108
720774367
720890294
723094533
726627588
726800438
728107144
729198309
729576953
730358020
731693979
732205203
733616731
734017069
734048554
735018055
737764912
738819780
739101474
739122246
742668124
742744455
743720116
744874188
746316197
746944159
748178840
749743476
750283238
752056376
178522595
756320400
756397781
758088764
758891989
758930997
761679230
762857108
764624969
764655678
765650559
766188791
766519217
767666428
768310110
769500018
771180734
772574815
773371591
388658953
774424990
776952656
777001435
778535447
780500639
780636533
781689708
782226767
782942330
783694479
783754180
784541851
784981373
786385019
786498065
786528381
787444294
787761071
793329096
794588362
219116359
797963107
798351190
799683318
801431093
803905477
804149325
804361000
804990720
805494660
805597226
806629854
807175429
809339213
811603046
812836186
813283096
813946850
814007438
814180121
814259612
815463149
816744272
819857121
821991067
822548728
822608017
823203729
825831800
826655958
829504790
829692751
832073260
832152977
832880283
833291369
833380752
833826238
834309541
836615909
837617577
838422472
839838629
840513015
840652068
840655123
841353774
842783646
842843862
843115662
845881974
847955124
849520599
852343894
852410177
852664799
853372790
854319380
854913462
854913562
855471603
857603432
857654627
858735241
859408171
861223311
861582229
864261103
864721817
868223221
869108448
870480151
870700880
871853599
873462602
873655139
874157687
875132173
876284457
876299593
877515275
879571248
882377010
887201625
891753481
892005017
892194671
894013959
894541085
895261763
895438859
895688641
896923919
897156969
898031620
898083630
898493197
899365515
900340936
903199556
903798965
906802120
907341329
909123543
909156140
909279056
912497515
913003945
913660191
915244902
915362252
915986883
918725895
920105595
920892247
921454692
921647439
921714764
921734960
922952054
923287725
923863225
924285242
924705700
924718978
925966041
926426615
926469621
928468702
928647254
929496500
930595398
933978389
935343421
936133491
937003368
938262203
938768986
938793170
938805321
939251796
939895528
940098840
940696207
942773703
942931418
943083491
944522770
946951631
947047068
948260594
948409679
949444937
949557677
949738255
950713636
952109490
952673974
954094613
956833289
956965444
957248843
959861988
294020537
960257163
960623641
960744202
963259776
963328143
964964393
965313171
965422635
968050585
970520529
971150999
971819659
971976253
972582258
973675199
973688274
974118771
974745721
974772061
974879270
512962308
977596234
977909276
978830368
979758039
979924981
979971579
983147968
983945932
984232927
988459889
991762344
992381421
993096070
993609113
996911945
996946396
998538083
998699492
998868191
999842285
999940300
553370937
553138671
469575001
483140456
374565355
635365090
394854562
289619969
503306426
416989637
457503643
417683765
509223431
463716180
524504829
302949853
445364027
292859664
629513871
579527734
334472594
319818690
490342139
630005605
460093956
476074568
161060222
370593362
577396326
432655371
555350260
494328304
607835990
466254510
436417703
536681414
308374437
319605388
349035007
447681015
479834280
411452256
406623411
320530613
332324131
564261026
550542920
512564195
348687032
638238499
494227258
509439960
291654659
318446632
449947122
487874775
525831441
329066897
621696023
375111633
374052358
352513308
573793424
638581158
491229448
635503545
315473323
504486721
549743815
617941295
559896230
446259726
611162992
628678019
360946284
596326124
368818687
492662305
439001893
403816115
367739258
345748283
547923860
345994635
294047960
431015439
603019290
480930951
412564778
548373722
541631697
444035452
299276351
352538157
328726974
358626558
587999419
338401964
383330111
507385034
462084321
636332231
330407145
541311500
341888300
536127318
313668941
296188547
334466504
494532439
599065004
368818356
533695649
684862269
289407085
343946014
358707898
498095833
476885158
582982014
605679399
623077971
386205911
399921203
409446870
204706387
383751130
494302226
320989297
446184204
432398263
541576649
597021714
629414551
443096149
600367022
513897567
502212770
640505586
458511452
428102228
480062354
381415326
546358772
418476839
491123924
445624264
592645382
592406379
556794770
482157601
604840306
455346857
418752456
390124209
316971421
329311644
561146884
637039152
401386971
408196048
542515972
331756903
310046213
637421163
417003990
416542864
470318080
420843221
541743300
347170339
613510269
523376316
364369393
524112109
495464419
567990305
572449204
557418707
519983386
436645988
559221262
351163927
441187962
498822666
507549059
583904367
554664041
304732022
398095322
422826849
568137146
476678643
599893626
521222488
378759750
411778916
424999257
291811900
619131204
317661957
635156954
418367337
638477509
589530615
329177053
517115493
518087446
584869371
621654089
332177606
301307597
484840052
289087984
358182920
432837762
500368897
374122280
424363060
340277461
309049298
547607065
440459295
519706176
462699215
541753178
625133272
420294345
612078116
504138843
405619456
375142012
621048065
374990771
406695926
404531946
550296709
407284931
531110170
420155662
531566278
451361571
593670743
527328021
375051932
550004166
420702610
612075708
457255502
357522658
452744395
478727434
599888930
576842423
612142010
453938461
598091891
552433458
433154058
548865193
307014019
551515337
574133909
343310305
560469109
379148997
517853930
400869822
618252051
289516954
438400235
452979438
157300218
493441371
426605840
576352003
628511840
315327367
350597104
311740323
462286922
368561006
396717812
469831059
556556461
316508540
503086422
495125502
624535065
459556329
546202515
524437012
324566124
399545476
351417603
347129224
349639313
332963956
554604199
418428535
426064170
298553292
404156573
303496899
627303338
304555348
444219533
581779647
509888722
523901477
596891522
322114670
400364085
315799182
488426466
301851136
318219056
299738685
588230107
366342404
611652161
578611358
340881283
5084
44864
959967
1132977
2248927
2320167
2415056
2656567
3061285
4845525
5097429
5758843
5983205
6428130
8026949
8463383
8763774
9343449
10276414
10700036
11262763
11391488
12064310
12518327
12726750
13147332
14546129
14729897
17282859
18050367
18099508
18104591
18931684
18936023
19423717
19625389
19764659
19952639
19991631
20111218
20308033
21989628
22207941
22601814
23164272
23229096
23873934
24567067
24635416
24724782
24924605
25595382
25702516
26617487
28093221
28172194
29212300
30420690
30707987
31548860
32189279
32270217
33695513
34524042
34866575
35021019
35790774
36197923
36478043
36621172
36971647
37656986
38206180
39076026
39218340
39623693
40288798
40755503
42832635
44071903
45459465
47689369
47719628
47777671
48806021
49319129
49942853
50496988
51285983
51591546
51728108
51729301
53346134
53735425
53843607
54124428
54330248
54589178
55275053
55474215
55774922
56301902
57660920
58087416
58657675
59920286
61694778
62479299
62880481
62938070
63622729
64108100
64934261
65244514
65432537
65542658
65779891
67034419
68273190
69012137
69293003
69958801
70214385
70290727
70992600
71934929
72031509
77396556
77609337
78249415
78355585
78434591
78641041
79440518
79656017
80283481
81042245
83174729
84368559
84560610
86113824
86677712
86730329
87233095
237632778
88771753
91907729
93258637
93635725
93793088
94428715
95493453
95772141
96941953
97676160
97903773
98183114
99351664
100641361
101371012
103335777
104004748
104535915
104771642
108919446
109967519
110216542
111982749
112007502
113422177
113535962
113600488
114071831
115195338
117984052
118562163
118729273
120309970
120749793
120978199
121133822
123281118
123363575
124439051
124446395
124771866
125686796
126010293
126187147
127078481
129046916
130440754
131430734
131546983
132790348
134140486
995858114
134599647
135412291
136618164
136833792
138394433
138492011
138822481
138969497
141068732
141517526
141880141
142100533
144588211
145030607
145346899
145616027
145784052
146100825
148542924
148598723
150343526
150736359
150885301
151962887
153072169
153360537
153707404
154269363
155973959
157866237
161648896
162555926
163536584
165346455
165730943
166111287
166380261
168536249
169611089
170559379
171697066
174494717
176836359
177366393
179260522
181373449
182542305
183983164
184968956
185058713
185763116
186458568
187357992
187596378
678587439
188542286
189700924
190926558
191040520
193316583
193479228
195758748
196660138
197874532
201389534
201976816
203799028
204199849
204646596
206255611
206417577
208267572
210691146
211482638
212279292
212297909
212837118
215014784
215447367
216783490
217229536
217340571
220236076
220778973
221914418
223407722
223827027
226288937
226585528
226801662
227655569
227912140
229837804
232000361
232410812
235186707
241553989
242503197
246460835
247507234
247582757
247772618
249544462
249622623
250474870
251305266
251769579
251929583
253236022
253676379
254438258
255744784
256459589
260419893
262445827
262505576
262789325
263405793
265017415
266103361
430811893
268270125
268534100
268567369
270338544
272113090
273053781
274604977
276679820
277651379
277857163
278178885
278286616
278802367
280763060
281990687
282102943
282757775
285193255
285847895
