1000
881004175
882537974
882896033
883013817
887361707
890057336
890592299
892265879
893252006
893518925
894901793
896904549
897486936
898495133
900015413
900495072
900940560
902037937
903987695
904250788
904967867
905715267
907407494
908247979
913109823
913697770
913785310
914975753
915521210
916958850
918005111
918858502
919266349
920804643
921913557
922215370
926018487
926027242
899723175
926852316
927244359
927279765
927605656
927773363
930231802
930492533
931444374
931446762
933974975
935110476
935191649
937105809
937932336
938301913
939870567
942353110
944221141
944496133
530942588
945006243
946121542
946696731
947988626
949507506
949675834
949911078
950146399
950930926
951982344
954836213
954990019
955755014
957055169
937890886
958359549
959313187
960440378
965469092
965659540
965693007
965824152
966219132
966614847
966652932
968927636
974878375
975129807
976679991
981310138
984987809
985065072
985537871
986571844
987864179
989040751
989274370
989353301
942797726
989396476
989547337
990602003
992672555
993210176
995062009
157154596
605224424
465968717
724450860
235415721
171880781
528376679
111037763
722838217
766567854
185290048
633479125
245226287
868231723
374007881
155365511
450066841
296056740
790417110
228744575
115275854
598913451
152643597
105339578
851342320
511393913
517201207
601952883
694736463
69553681
633021612
75378352
188820001
139231716
263431392
772743844
444022918
518255504
209850648
118425290
789327720
185163854
718852388
638724954
345672057
340642449
479476593
658783979
143533268
789749032
793173846
725241737
439457044
623339712
217545911
133527762
687781716
787471231
806340597
412183546
48800527
157406825
529048567
98812839
818973342
239067721
53325508
384947963
291934508
196968647
394272279
104230656
150055044
338697997
481006946
685180061
738850656
554385641
475106717
415741151
225358836
274920045
814031908
613250780
673674455
243381046
448931117
131403562
690653979
730811672
529440128
525447419
324592470
698715096
456672385
525572876
812882866
360588681
645214802
573376218
431740366
620451276
572087854
815064549
307538609
923567478
504038793
506039361
853651783
322423203
380896274
86424125
709931560
314094065
252924312
137636691
840877042
715753257
872413535
301632022
462680792
363127493
676508251
90283757
195344707
126930642
652907490
414156015
363432576
116451204
84600265
404931657
344378978
819833674
436654754
392311091
656991595
339178771
835673706
466198371
754184646
865812110
567282576
567890486
728710739
415948772
230818257
213551302
752310565
470744968
89822453
212440877
372232030
405379888
115210960
711533192
707871885
324403767
623923598
215465353
508029357
75715903
788816129
140056252
499403193
527727597
383063528
343901427
286860877
680037723
490691666
605968695
535292625
220269657
803501316
278394324
142263393
784857736
542083006
473835350
388218693
218338437
428638246
428419397
459263125
723685183
289070831
433990100
77624581
870759862
329564834
457207761
174798949
396966421
594263583
455249651
485640100
535798434
376213877
312379957
807438481
115510846
206179617
875534747
674605245
501709302
434392607
372870332
180382404
762875102
86580581
192089301
529822137
739213478
579628127
783745303
624231784
670504951
74690713
564035805
769317789
154155855
662319855
812696840
779650165
773122678
403630874
103476841
584952217
700263136
109624912
566110207
475009495
340632250
92018854
568299228
628379793
855937446
434793639
617609443
811454245
792329573
844837512
62342406
384095739
808004175
271613693
136262310
182349511
646153796
66179501
316438613
772021189
270733464
877778412
609248572
708768357
871293488
512123745
862741796
136034052
112663637
545871010
785570050
500015985
829927867
166001236
769275284
860673559
479026415
862848652
148299822
244355216
451799584
219367194
75670889
416168023
75218672
355919443
233759195
144520821
576753534
207537016
595937764
408335293
693024976
77008954
736995196
379894260
223966124
624533855
116201112
878137990
665046702
582841800
247274795
129369781
477631429
116547452
385840966
135463456
879230622
64697443
246488085
205269056
259153440
617440698
838638072
584144482
805197170
596449479
827714766
422532855
669847051
143826012
563503976
478292797
531441235
374220674
829125859
532497294
874467393
479027762
335366436
137912021
88832254
251498132
63224380
463824231
526380885
300718628
201787601
852530488
625198455
870438835
560241227
91037007
116627217
366613517
607156633
676956163
393617929
694400140
372162198
113192793
308263941
613888312
440535324
767439782
412625365
583146995
356236021
569687138
742819830
154292195
500911376
489556555
713501198
847241524
775101253
245368606
425941453
240216194
78872671
669057570
580905953
314196373
87759779
452552777
80383670
634914275
470176159
277234890
451527734
343071685
126890342
587225535
312795788
137817810
865124658
284398349
661432189
521387904
864249133
79122120
202870524
730005485
160378235
737872497
310212957
519368727
823836648
500600110
132820716
376684604
175933843
275825739
321855263
374907775
314411856
719676044
114445364
312088379
585822802
642516327
783953063
353262583
84664380
585796768
743089219
675913465
849297050
235061000
286319834
444591703
307407875
320064533
588974186
734178706
482966569
550595162
166273419
749000625
140219177
833101896
690114498
66082678
664364547
336820511
257831213
100410266
502223865
623162979
174732298
217209427
296496570
604475446
198023575
180047132
421738230
590947049
446182388
295967089
644260540
129398143
207214208
400728288
130309340
316199678
463229853
813214046
634493185
662915254
280889824
126800998
151958371
826893927
186856816
78119064
512284022
653282279
107420253
796241530
550325388
113600328
122674651
497834732
331154690
287387292
868174214
235274862
873211981
294221764
431512290
144572150
809271276
391960914
777183396
134455800
531425368
128013596
590674145
522324250
210874505
804239188
706232997
758135027
75428411
570252409
723237499
645872528
796264417
775975590
859957885
643361157
623929011
140093325
812184414
809225483
822905432
824274677
90566461
816141647
115294882
782676572
879699613
731476926
706188737
376833842
406244847
107140073
412220209
656405907
397962432
67114094
650684707
724764529
520306892
593139982
131967244
176511523
338336099
320201356
119264463
651312996
387266020
802161643
727245506
458958170
64599781
772950383
602644642
553376651
206833980
262211166
646978285
595711771
274485864
419419301
701947230
310608515
707367978
536298507
670167869
468022110
141944456
100489878
410124093
364948402
471157276
62544505
722039170
516119588
759539631
836706002
716952121
840390850
733340276
337354170
769345906
702824525
697057386
276666033
182007633
704593432
463321134
638112122
302504217
708116752
636180385
712577089
78621306
760061749
625776502
490763687
532323416
317914433
813966570
778282911
703226794
194499760
736969274
134797553
420774384
128699035
703533306
821147526
99929807
497016357
519555769
606708835
64081518
744674226
63433366
998786736
282150656
137486712
172647931
705268242
835231793
685806498
878972836
162916663
177616076
160794567
537491921
848147955
637964658
301357369
477822499
133790420
457833371
206820904
677126730
264342772
709062383
597831738
847293858
418107289
121636285
146585600
276863941
430954968
497998741
234942488
826802082
762622626
656898706
414611178
98425304
243802615
834961920
382591826
781049887
453285732
111233122
202134532
120210986
668802398
753490176
735178793
535716956
414556084
142449257
353554534
765860569
352182043
504803809
672187192
326571367
451154712
563526910
279703383
314893969
819163460
451957365
499310515
649546470
105187617
475961892
480758420
609354131
508250622
846576081
418141767
539599851
698840366
63442342
493297373
730277509
652786802
72373953
674536550
597928547
395591380
436723525
681050663
456935323
547051733
339809594
836039391
427718095
743654853
179114523
638695080
409907655
612304607
728421266
76665884
564964437
441601246
686698357
313577716
353519546
664230817
842162154
736132292
577014583
522393272
857593412
784419502
330649332
699267819
757015748
782765414
755083142
750494769
846780478
64838226
104347258
135182671
866432498
106354487
308903127
159167561
754135683
656749271
188848971
859623952
220078688
259147515
472597037
821301203
496898933
107838663
361311649
462869067
380330790
770332347
299631936
583318587
784374109
730393897
810759833
487987775
185066234
398044519
89338483
619273113
566332246
566315249
401623735
420942657
90909800
113108616
261690517
372284364
343905122
849732619
678289723
350688402
519355318
258011431
600449329
496397491
357048477
794038153
317665008
520986355
359761953
847865625
328512099
275239015
395858373
645910697
121872588
503668911
578418875
682767332
282565499
661563555
63356568
604476749
257846491
651897972
680896507
803717500
838921757
650986487
678694390
514678918
711539177
514443557
562590695
397460604
124235294
681135156
778294033
632527284
68651672
554644913
105282222
834363234
354433882
1421033
1967344
2603644
3334792
6080663
6286296
6727775
7228767
7501695
7791403
8213150
9437757
9554685
10612859
10980305
11140416
11495642
12247832
12251375
12782527
15204482
15631918
15706031
16699036
16856316
16934328
17809153
18034275
18164796
18514201
18996381
19135327
19766452
20190093
20357393
20712242
21422302
22739433
23223555
23460222
24115926
24259526
24869520
24996795
25262142
25584457
26383491
26612066
26722720
27315830
27593431
29047550
29793303
29892865
29968946
32241961
32804364
33317245
33442495
33781202
35488314
35578963
36927094
37438839
37440033
38445548
39390743
40183510
41353870
41518569
41730900
41818905
43485912
43669031
43849192
43967577
44443628
44747715
44822982
46686062
48953787
49094119
51361213
52500321
52732536
53690729
943168905
54919933
55169259
56281233
56540834
57224790
57335309
58122683
58580983
58884876
59049497
59458738
59752751
59868070
60928867
61037060
