3000
246151323
725461875
98443944
537115000
317709060
823280703
362485010
179428196
761115508
829808377
19424040
199076438
277182528
972617105
494902349
981803347
219227295
10697683
730765835
297728907
329516099
777630969
726609225
166542598
918769442
537194362
792907208
537597813
103728444
27490725
851808010
357834784
758532508
823631687
781860533
76114547
622854371
2079705
126043295
241205335
836565910
14725323
445418204
94419148
997589144
829067416
938828925
67799216
843456331
522894180
375865845
28386406
294741346
101726738
205615231
71643659
508390015
8211017
622491573
630233414
34455064
321703647
15036666
637859113
137847461
631721105
579020100
633658167
636733257
732621903
894479921
460848707
753195968
198804299
424735161
587282812
32714585
380311150
668503621
726434712
919584790
59475931
761099371
72858598
36612317
972211516
145593431
553920580
847360760
810986491
53267777
736044533
127453984
65715592
370082434
135585780
565106276
968594074
802723666
211096592
551246616
534228115
540225361
144037638
600721718
998885643
604853661
486611155
235466300
135482024
217915759
23196925
62259270
989383418
91790846
99863233
827914427
116821743
525711044
654125366
930041097
588309117
249401826
926048294
521098262
629184884
929651104
89604657
454237785
577211656
162517604
884995060
122420040
740494463
49308087
590817093
739153074
515807395
89316411
981318152
667043663
167107892
7509278
757290275
28108587
962903147
874952660
857024281
89019979
256810778
359680797
896362893
867286835
615304432
673037041
381547126
109340086
611230929
343187917
586100448
55237240
529855219
326807670
49642893
275109224
240380125
647817305
876058575
786777634
771449334
706013079
436207209
946939757
559733203
53741849
989418915
531927951
928424154
693434127
488637450
47526572
60335371
386281655
913722408
699007756
74226522
144717648
833885288
550571232
511204171
271501856
615510549
56350713
605481159
676569974
181786302
870732309
178492509
65019575
481591103
955218714
794507556
945190832
787830262
201286968
18631418
606888737
761439006
815348709
146075007
99075292
867292106
233650990
506938276
622614945
803075958
440527385
808712357
463259492
876517912
314104921
759700369
346291254
243323256
216498416
40082642
434705653
939520375
83501714
521689571
429665467
55720511
151408611
252252535
693378368
374659353
111031407
145861147
1687000
797693920
329451279
106330800
496651632
421944157
478491100
129670924
227069470
944783733
939785947
712859205
670065159
115325813
310377471
36483120
368689177
391201268
930457697
843856458
345270056
34533272
207372145
647484490
948596813
245932631
911705846
499045786
627452037
897325737
669088315
481654045
682963581
876690427
607139825
44302410
301969150
95900530
175208426
390154501
916754099
208755
105923229
441521502
118751078
290669035
484638072
355168165
702741410
288543882
51653086
914800710
325815318
121770790
569169151
136112368
371268255
334766487
650388899
25838497
82404663
176062048
367795569
793010002
62959082
770466
847240971
235419922
961699820
889463420
640200060
745962173
892756892
612358352
51367308
879691586
918608713
548661648
87746513
471301908
864108892
16961191
252646455
44382301
136821915
843400984
184569566
529725724
32969914
871864355
405191831
120527133
56494230
811396677
787441492
996578297
648248548
453994594
233000102
468532909
349657727
888539093
71252510
93054994
353867076
128478569
849735544
133723957
701743490
940614202
620455464
400665577
958019667
889761386
309305510
108320352
572522941
521003396
505908775
454618338
246583800
931013250
599233307
148064814
752149007
228585767
21795617
255228324
706982863
257435592
747928452
63180997
7690506
841011703
35762827
365600390
966996700
884891625
516529160
523006393
685677383
14103294
945383751
502206934
762372968
118464356
476160123
173566292
651000206
8172830
656182520
778212163
811291251
115610416
932608204
392558713
358160263
956548838
657747011
72423036
73796744
400367883
12399243
79985827
88594569
49927562
312038242
68767008
803782491
702824941
603735315
330582339
724717177
406691393
709231108
325179586
547399563
50312785
525155523
64237479
55726678
188493506
852491870
726142511
327287715
636075827
119766507
710501527
448311387
813612000
640859766
390918034
67475648
652310588
342656771
162131033
563092485
670243836
102102785
214860993
236502959
734868632
405723319
959523477
13642589
122772637
141198841
413726336
171050388
694628715
495979532
97977501
903692004
190181756
848525080
85160757
704338285
838127664
654268664
26367141
474158356
304886343
420076744
557586792
843204894
799453111
597387772
257312843
316769834
726675284
476467675
564817842
303737158
911740104
382530394
317863225
904732570
546287446
762537543
88172136
252452406
105588889
61687479
16501672
159881446
777071729
99344992
889603267
589592389
623685167
917633579
78339165
946300453
347441012
501921711
634109345
6432837
108353750
906598076
323161081
699596554
249933106
909007453
20832564
23538328
298483218
188643064
925616494
873017451
960772223
887515350
975203752
931471798
952759220
999089924
110976237
576404600
958721961
20874177
35871068
441140111
803352878
119753126
262395696
10389436
484579803
910651028
20489945
464649494
833588749
346819806
32572898
70168495
267307455
50968930
91345086
421560679
261838774
894325150
141415132
77170408
791917638
126966356
31480117
594408682
993523791
15896331
40379614
822723783
888452047
77251366
270163599
683314061
63257556
530605846
699520732
569850554
301369173
725661747
907345313
125446839
72629285
936460204
64187808
194127572
5778439
33988587
639502207
110307987
794272659
816564014
58893988
415230069
811757372
89059484
32424075
804735763
966146923
71164259
451041428
870205215
24200447
744470087
394369078
88584138
128596705
955447552
674126223
438033707
532648736
430997602
433729906
467985403
383824996
368896500
687893138
253314530
271036754
173859363
232508659
55178071
865381664
298078287
336084226
655458754
262451787
227519460
306105792
237226638
150402926
797875513
954571342
180064008
376329088
219700214
296474445
371143426
176762377
992601934
849396835
743216042
287435106
135529424
69679579
690262537
372131273
787033502
814745494
650695662
834372707
42606649
573163625
682764596
347514085
922102871
195782068
617267295
21814189
370416807
730775150
174089373
29405324
694671849
384267332
405685853
920604234
701953387
818467586
977006696
539810686
499823829
569279419
852084213
502680120
648682062
382628082
900163277
283621412
188321132
401104014
102144768
91580127
4360847
648712038
454191663
796563843
876220240
946868543
822470341
95562880
680088122
12224430
133886742
232554958
261837780
561806924
21925055
965037038
228576163
4024452
515093301
591090500
421853212
217296154
102931705
84175884
615303709
21953323
377373064
842917451
289725653
348031429
933147683
138369560
24186004
263207333
933747767
756827180
68196321
602698369
872031738
777105259
467961836
17561169
866902217
752660734
426600590
883676112
566955617
672698405
745259756
88128184
125334868
32602077
163989947
253504164
121827609
821816138
122501151
367299710
482719550
418784885
743577966
290694204
583390277
779800969
558765472
380629267
364420627
642475725
867028511
239814335
268519755
178451866
103399215
123794858
936665769
552600679
877748148
364392214
86734445
462374896
321703075
235179876
501723303
508418878
491210604
488721043
322750475
479718677
883043146
846104580
922624962
616301973
125428603
365082854
250135819
553464365
614916968
620628362
59404262
476143812
736455076
177793809
683531412
859527429
168083248
477418147
404138442
59601413
873929782
511827109
386633979
53004990
778538403
776327478
574211128
111274345
267861122
916921868
613732516
9719313
603542569
395614059
631229185
599978454
631159091
755868379
26233303
264649617
231697874
86445274
601924053
968683159
136754363
139814551
843059487
330507094
642638356
92209395
262335729
363587890
475161258
656798372
422185924
95431114
285994485
23101398
235723656
556279011
804584295
724671281
570105679
264437684
120400585
64968777
732826806
616674201
839771208
769006552
900101989
60382861
717430588
355678992
899505152
874319241
519338895
579379758
59301631
32075912
699128877
326519179
396235110
40237732
9435534
701517739
141513981
139402528
572866596
390482232
726333066
227358366
111937477
140974241
496118945
100058190
78311723
81495122
591461671
916012150
865266312
347082756
851188072
417041518
731213261
590506536
140481736
255090872
169972001
219623935
289784772
750136812
558627366
552474558
801001415
417418527
265705795
948330667
581396228
857531822
202094948
146823370
78538745
178866810
163538456
434666920
146477322
271436375
537157876
782009439
46593093
258105929
121200437
899370659
538237929
870022703
345356387
707804613
978971827
539111118
800891035
119065671
137018430
204270185
694723639
940317247
643916162
962365688
904832281
86026492
665727781
109826704
109959062
611938743
154745851
300401568
921425440
338688898
578678697
318848417
110046848
632477418
588610755
95738250
383771949
2835676
980569982
759752789
712898630
824644899
142902832
351224725
940774084
304825777
573827345
643241302
262195025
78537640
459505372
26345079
169163686
7377341
7240629
304918215
470632296
165371771
617034743
399068959
526654517
62690090
756258438
505286373
720667135
187342344
617456528
103472444
196429768
451413460
876882367
788699984
279837220
35317622
133522200
79065466
196515259
731622602
748014916
465418388
832372383
63418918
348425110
873050761
74098056
359580111
39392321
407250938
396127162
661418632
848639728
940705609
755449137
432211338
306336923
310326525
497477483
948329011
426772095
724489442
411633296
153115099
343495916
557030616
59813843
491122226
650667572
276878764
77802412
257811494
604508480
773848586
330055086
977276383
627024130
274652350
188810507
674271138
702880499
608947542
200119495
390479354
413511545
825674072
705099455
755159060
129965576
205337130
704789044
426742798
800927187
989164436
611175966
136356305
544876037
535055366
499322638
62359047
840970635
590488789
327061978
294572687
210405262
669669183
277818370
867909356
823156381
478470598
388895255
365755284
97971847
453423783
791667810
381999732
285955150
335664371
134169725
282374200
557316542
706692979
733873472
203432919
698484041
196799174
355453055
92621260
761115599
881090130
166684467
424853332
322837114
517084138
747992756
549431458
54208903
29534701
272991473
882125703
366085355
526441345
98084136
337857659
8509332
899755609
746360715
137404653
88181793
749922747
427493611
659133249
443044267
159397810
889340303
12420279
380815482
97927498
110262743
6856882
854190310
144930843
433873934
36316467
536080158
180399670
593885804
601560982
76505946
740594689
340987522
305744494
271941006
449078685
658757407
125998021
211664703
266346367
288838422
315144591
20645321
743202965
858347275
321681573
920010856
589854173
180488799
152631526
714224096
157042914
163435834
403677790
338058269
624992097
447226816
897910529
686911822
60928752
352124234
790634187
653480537
559653421
88930760
932482584
34821214
616175840
75346274
100477475
758959194
228371883
291497070
615966448
981205744
139724883
953178849
768542563
761274511
20477283
930620718
317117626
181142140
975450094
758192815
539978343
456728826
61828918
296369317
145515958
132223730
513737476
811114059
653367806
84506503
766107808
445188399
994325005
239024985
388338945
94537241
2440344
627879524
262008584
620576447
613774962
409815558
434513777
234928083
33915988
457717918
33175085
210382747
665322366
20417476
970911337
73775941
479178055
47442816
237009537
504773522
46163047
779833412
305835090
559516381
874061547
74945420
31666033
719042181
165282424
422543825
675301986
169018047
69762472
944570555
668533183
548304545
222311104
119504031
809721082
267033640
444717349
849185828
480677959
995252623
714158272
314522750
68147949
55033079
225190375
153188931
572507431
128060518
940496753
901397923
711479032
660951676
849283933
592978901
381942957
29356968
39387538
69781172
64162406
969969017
886566567
760819965
380038219
108047384
744463273
42795883
240161026
51880482
748092784
745967820
47737452
447490624
920211492
986273717
521519686
17472406
17940212
95602061
141569492
959924662
875007133
729194879
634486620
558994054
318324050
893685453
436950997
219774230
840608568
372187294
53355610
724245715
132191938
296964620
693850933
743749194
346855671
933563563
645995696
90616657
533975119
555327531
412497884
458423039
391738336
818326993
479394563
410107468
788362927
497093867
381736606
495230671
230813747
893140689
65061931
413360015
797867270
372742440
647217388
460461737
787365104
562452150
43603708
787083847
882069398
753708765
361987566
80535405
693751784
30509247
50276792
82194468
434297415
468748784
564801913
865268783
134251633
916765616
279628502
921064684
417000207
525904253
421057120
513123227
417258428
353131423
944974245
66735458
599409680
447894140
544310238
232955140
35423720
598129782
17931808
918615002
194816063
237598976
21441864
905871389
118340372
67485824
6650424
574825807
398708520
418667070
293554644
555473138
197758377
579846328
340821886
635346216
111559973
794698670
23950704
398206206
9555063
976912205
336418660
610606218
429930073
902481922
866957932
330143838
351424094
733076331
106842655
569271744
842715624
129568609
328782424
959333571
64073704
181515370
393354730
335126274
476645152
708584833
773430486
700698902
138590998
103894514
183991907
124241701
763949323
220781576
393066192
781339614
198918918
760976821
243773340
501881776
505236868
954611097
861932568
882954199
542926924
977066406
303248802
375708363
971441585
499985978
197949761
905944539
711707818
458238466
91944498
52135654
35135724
878613628
771323980
177321417
398378
962512176
168725341
604129986
182715127
589704309
237071442
263514460
347269696
480258055
791311379
876841226
302365395
633604904
602611327
874020722
465282176
791191056
96933496
442209255
288376164
313066628
208932744
868324390
809755316
320331771
919255373
850558014
201851395
686928557
897849539
58301188
506885962
77948910
679094701
725281817
685623516
925119625
995832320
903075721
275943159
618070433
622724333
587979782
115099675
89313803
309371144
600444740
889027931
423314191
61135316
36012034
779624264
134176948
905053564
415793924
468182202
843071788
111616995
695017490
369931966
24383871
611185442
900731868
963325526
143668287
466399347
506658456
82471754
317053404
406532371
222788778
951774801
53551015
677621488
81657043
20945084
10076856
549206100
909441958
435485903
473723220
946853563
67201659
623250127
868582113
347533012
106911887
543057558
476558888
660756071
797888243
360555594
290245256
536403474
178861907
445761819
28697966
716563248
397304513
201404775
129454519
483520795
29125958
52712491
167610707
979827250
71571833
48185507
533028963
853462655
498095552
30616086
814989268
424321949
511210759
517028056
810282590
636956036
927886295
134258401
152476496
729327322
509737721
459636377
118175188
725701018
799810244
18187357
287727267
53025674
222873290
286886702
552097981
103095584
190413601
758141919
87467117
130670174
815767678
482299263
997763686
148471688
374449079
647649584
603924672
911364661
34799183
269932373
398536294
969116919
410039658
584640688
548445754
940622380
60245660
688919220
518512890
714786432
710662931
833206689
788452508
937761530
107647614
332464872
58572866
162388229
943047009
23999496
317354614
603493873
517292801
316858630
795470344
914945213
990437996
253896577
679243228
28061146
525211054
88704695
866622965
951408720
695591114
407668266
772955570
613176728
106759601
134712224
171253172
682817528
837324925
968746171
477250236
811423154
151590745
397556292
990825540
113038364
423862836
306930218
747105553
831241303
495094992
378514857
585519597
336523652
492824237
277310753
223766130
39167609
234665173
83104872
863811625
931231880
362758808
465445920
402861704
341450570
469579733
605634724
36532973
302009229
430961436
524331038
106890938
614947799
940675506
954590189
760780366
238553477
128249953
345905517
60403014
640743586
590500599
507991664
206765
91243257
814028339
223894000
4214168
43293618
165191294
715303741
851838106
551859051
45991385
109053711
911805405
526070690
585834093
948723168
856979568
41113398
336425734
836891690
660233217
137206946
639901001
279125878
247749397
798104071
481073910
156084160
424761198
86469486
699281665
287827842
53726132
347702718
522354301
57613816
261877650
720169225
792734124
97120430
122568726
847267212
78706409
49039409
222349880
683408306
871478926
75449837
579985772
59711459
777879580
103298305
212340798
266737423
390533400
466894993
55516389
901491003
649252383
347804153
862834540
204164017
648332360
918023114
571369944
40243649
993027023
851904973
771844295
620743478
822861108
902858933
317086436
906891733
822102791
550598852
435950338
671232244
490916374
40340928
758745130
110773560
20024485
842762668
385093437
412744513
145767055
305130781
162543385
841091388
672230837
40134532
43238529
334513840
828371225
470349712
380472356
655852756
318843072
12722273
138709111
3596773
780791261
473312271
912645193
575166366
901009811
212306532
109087383
254814933
109867857
732621297
373929923
132024543
556498062
629387405
410223101
740356177
951481431
600621948
404581874
637697768
500276604
312346119
850607968
166009074
821255959
78950222
860554313
402744
90783735
13872222
5719122
880945230
343047011
787737992
307373735
253616034
1328609
291869260
508717489
977295892
31022395
770175878
111110479
436505760
393099291
392560463
41749187
214199015
21764787
455698655
876428603
371873787
643695955
566256549
565740287
305509925
656553168
278006712
306321389
788089692
292553048
160651976
502347974
646797546
949404775
685371097
780072217
822994449
993766345
134245613
804833339
25787102
909572049
790500423
326397605
153949849
39605604
371766712
389338246
56530544
864679574
118311360
297154505
352421940
705568823
738704515
682458022
368107079
23003438
11401184
13206711
155624690
42532721
369183806
844794879
9652243
63067280
446359267
838416407
59208394
601662573
468850614
940732273
520219978
103992124
129202400
703518488
144440335
522283370
94756641
75765179
237826802
84761060
241283197
602425096
816333244
986303702
295625521
39627473
10579774
146632769
51925637
40065818
206928392
425956807
883163677
75306796
360242161
182364778
912910428
288130523
824715915
250739624
87077010
180882364
219269236
239438430
907077866
382484734
789097641
877012869
322404416
24878139
970580973
575524228
633134013
629317444
566641773
807881033
680110517
424148415
966664645
754595066
473740973
43101953
42182720
215403331
123358833
403104451
416034197
905629510
720978232
87562347
18202091
829685925
295818854
240689873
61174897
59347728
635601734
702524001
937896188
983951714
737230808
790146364
408484966
224633665
271451771
1077215
33937865
956354422
290061975
871295502
559093521
626387146
779982076
608215802
870669681
907179227
896264375
136315733
659230211
451444171
251145212
685977715
133028074
550195274
931039952
61193016
617996084
424387280
788483333
419481947
272533613
358009279
60114513
702013071
598362425
338393938
550482853
482113480
146092649
865684464
208692029
743028525
342825027
996410756
202398456
63145513
762352042
94996643
217530868
280344016
573613961
324844341
981066415
731432305
899293211
918837007
811367467
372570822
209778508
423059967
664038698
490953050
818844601
753950642
197944881
268178318
944227017
784727789
784817228
109409202
476517372
855406326
871676994
851640464
698781748
73933527
918600738
302072934
46032544
4680205
593361400
476068907
333026272
576931604
62960803
84791306
353736211
880720711
328719688
582560984
151492162
20420612
82891951
988488158
611331065
143363603
257260247
567997161
798861596
890074548
544029939
122712888
745895624
271678497
984489792
291911997
203904961
765633230
604782523
265755270
611312923
210381587
763448548
960664969
654160235
844361550
916296307
32297645
562394005
261136327
467373422
753782224
123635050
416963000
581157766
764603540
430786510
859590529
170636172
234996776
592998238
755245351
368339319
181848168
26547869
206856545
492641768
239164559
843928768
108425511
358651308
445101364
178972157
121716087
277362903
869870980
834533857
52941397
759508464
249170825
311725585
78290912
861009161
448222163
510942177
433359817
69822877
966426997
142203464
271866374
61004516
770383473
27029175
296937012
961749722
51900984
518909583
313188862
141923641
205661905
434266637
524138146
672177682
644302544
509677905
827505267
360987942
186163657
882826860
114871118
301473104
53938778
207091747
147499877
521056846
589114367
463164620
602316359
415013933
626723031
891421006
483738004
253495989
787343153
816269584
72497433
683977048
170105099
396884666
856597751
397594682
721252059
233459276
940932338
216365249
605933755
783563037
591700222
832531053
500299659
733012884
124883915
567243390
815771846
144308075
91100679
395995666
632629989
567066596
847113886
123521211
307790049
171386925
246315589
86514571
864213947
321744662
633646796
48499822
593245749
341476272
308294773
309643374
585220135
113062847
540130150
55900733
904106799
8862028
891011689
266651023
745812427
883666123
853082339
393989129
903923611
818062908
827397737
389145196
233517227
504207391
530199305
555347319
554745754
801986652
507360324
411495683
985404492
19607064
321693088
579513793
359537967
500648357
775341082
956752092
631659186
152060013
32678625
388527545
165643953
790607648
663183096
927004682
509095022
514836982
172862059
275686128
169047202
19277586
678923443
417794457
373547668
72619320
774763
945874862
880297480
362661168
224793059
722931326
382585592
405910672
143718200
778454539
929125472
927415863
580620002
571817391
93312776
466090286
984552782
290708626
99675272
502787331
76029756
478477030
39275448
277937996
787802240
76624378
140067264
446665322
510153293
385191456
537274719
366521145
192752163
277479791
760262158
427934184
4643412
6972189
873136385
23448713
617363416
650093781
948804855
63928329
83262217
61589252
546522015
73456057
214910039
520506317
434974199
145425379
23821479
340741044
435228184
806571728
423025895
447849813
107602414
953058504
870981980
511825454
334577640
66369326
816729684
948424660
364615522
658379777
954334373
87716143
692474116
433623438
771495941
499167263
518734970
868906379
420785595
77373987
808778171
651632530
457348050
252818595
842257517
481934965
599783305
125341942
138338457
44212995
597641520
114907814
872241273
316201563
645840260
58253887
392659249
306915059
24360450
792370437
996162242
851698013
889690914
533307827
290662090
501066730
50349698
838712122
367056459
335663582
781086913
33024331
12348668
86259649
290216623
696339087
589674145
762642611
687326830
599349561
654380064
137958551
742492201
525980046
470671347
385625637
598042770
894243083
725792351
473932803
525802928
562200312
322001673
276855264
963625772
474669742
802158181
882109475
150223277
27642785
220855029
935099923
57773605
83689947
42197892
206028634
642927850
487900161
983382895
335198485
95074141
642147977
491010399
705331000
37266510
991391766
93108871
489473487
742178632
683959782
995152174
114112768
99840834
160962261
261957668
78348740
660744288
54022572
835860020
853433682
936457955
52682620
642341179
18278807
10469644
542300163
78734928
653838789
51544078
65473760
869243102
24204855
572704405
211407442
578011097
614515836
57107136
542484633
114889906
815638130
84130011
969052386
800770736
204112807
143255294
52801803
142940377
845137219
970124627
991834965
530182058
919680023
902079074
170670883
804414917
779596957
754531561
892083142
281175339
649744370
832364820
138593928
530101186
392749772
368222023
116987125
884890700
432759816
528951462
874355577
95242964
627235994
853928151
905592287
863446287
870211607
828509480
876322784
547700892
806555947
719986126
87675629
573374436
463672374
135749083
225957681
245153948
899742592
981901321
528623157
399927472
815197652
537800830
819714175
60165004
925776880
803952169
949334458
228384880
328842208
677097761
186555011
983106612
376900089
96565980
692024454
252738125
797814615
406443017
826084812
428257974
129749077
786266750
28036917
612044431
920167654
105287040
727911141
671668101
88613558
106827219
86817471
772941282
659017670
776984142
685483852
443379431
558258186
495443545
694757045
769080088
169655298
904570619
589947546
574292418
876587239
136058611
694325902
507013143
567431129
356516743
956956257
724689458
133724626
856370234
179269583
63193016
965501842
921010200
601425893
924633200
45194486
557558408
540529113
569735575
327201885
84638023
34742814
765380815
596172014
584625668
518659708
805895681
341665071
115050615
229432804
70922808
122286159
929134003
593267901
711209696
142429057
561935969
284779496
300073337
272277236
478228152
233169894
89667221
270655353
857918819
35375353
156822772
272098001
430352519
762446745
606190021
536176524
645218928
225345089
8336788
245591744
770607331
817235653
593848874
755426540
901036971
681853916
885174300
691511853
133016843
437585471
861991731
723315548
750171818
22394857
663210
79697470
261257445
91652437
357564473
965854279
3424986
390532267
247417327
296865373
20644262
726829132
705314729
663708551
952053756
721603133
919869907
574160853
370043405
370111904
167643762
285662115
920490951
67694650
986792566
63178041
374607145
698778706
641174298
124549400
725933628
493376696
224110634
991972558
450660415
442217411
826349684
310645008
869926042
62704092
619847910
884097651
645369936
171936956
555320100
608860090
913237283
334817313
51636113
295198821
574553874
242244394
430384454
504841585
158935030
283279296
427049896
560631454
992747033
81745629
710099812
715021812
593092699
806099449
550881831
61500939
255131721
225993564
246946010
112611235
143891412
884031592
873098261
827434064
73314605
283324401
287802627
859237474
624248635
344975798
12997022
66059971
596410539
445787646
585508078
797011724
758500361
38558325
349270675
748993430
995577850
921088071
305053601
432614641
732788190
734111223
364211873
852612038
964858542
616397760
841525812
124097219
356911784
700379517
951393477
297689873
996675482
92458146
144562246
473511307
453271717
157610329
556235604
65736022
635939017
16514208
872533803
247908350
907538824
76263047
2156314
904656191
20108834
152277535
196553260
595213195
909230916
577401654
297516367
741551966
206699974
127870284
878165998
584509053
698352423
688177103
900218937
536620382
814128211
918350233
33530427
114272697
89333599
441521717
190914302
594859111
316311233
924756561
865512192
234065055
21651460
715671381
2660683
892774837
749051539
201951080
342658251
502318523
813833543
653766391
250447630
879395453
648496430
988453063
312049565
347659737
525281569
72686847
907439588
174355896
7785871
808835081
316634872
959827309
98454408
526827973
414146438
428284174
311323539
128792238
530471241
180840770
865992388
535786325
82512354
446046524
604320021
296783165
972579130
271066624
832173454
76912937
140312802
472660831
65523974
472767664
699237448
603156216
560358576
449291384
822281563
418035298
110082233
129281990
389712650
235566151
526620536
842476893
530514312
867786059
970388164
76940521
56821715
688229937
475709828
19086063
10912674
91049177
154973971
994070840
370366331
3563593
71107606
383562148
331279967
13407172
883640863
41999436
617004726
300996122
355179813
290499647
749613228
480282827
288678671
5716010
742246800
680050658
686999737
124623508
392030463
513459162
217694526
312585191
62587405
722891319
179990396
76571913
669587785
367871691
69924086
58738012
228940829
19250037
305809167
421600849
31811692
53254621
325830465
654582734
362253891
704934637
826797961
967092993
187699217
100611314
983769821
805831500
647972630
522233700
930435289
56845276
51762251
22466514
383123503
121526825
745548819
588211282
211845328
273538739
842313652
141588682
184514502
62213351
157223904
516128174
348684062
204168649
578658530
699932990
883322126
953327213
396957824
547901717
801472632
456186406
521484391
620131785
269401495
169209814
144697917
57742192
95681652
68526502
79461467
500944626
202408243
846516252
953515940
287326007
107965996
805584984
437746770
156622723
728447339
625254752
703537145
78742226
860899153
290490278
641315992
586920254
99874824
55103186
139796837
909749946
379193881
684924561
388322695
655296164
736491444
558344785
739051509
855784341
641923607
841670862
204827226
723397146
515282008
163806237
17136505
486974684
845936457
458154421
673834122
402019151
96240026
237590702
352462259
833316426
533867830
20051405
407168100
505951553
930206361
419648111
278930744
317579790
111228286
680095872
855458882
719582244
93865748
424817106
561227863
768095180
113079211
799051513
326472003
645837848
841092757
343295650
13158255
658952232
675132889
539414507
80990704
643910513
803920816
304008815
467220166
176875132
324385491
761330948
712985792
111770586
176354077
2756961
444292426
156549781
686196405
144702266
898165137
814041680
600159864
311925382
406407251
743018640
964641250
767565355
247124217
813695366
965349272
262413286
317998066
647876173
828046306
275056159
144611303
457693065
588734207
640194979
659195077
797082629
256682151
378791099
915206579
444702971
240785834
226907518
479463404
931087129
389533853
241951716
593009807
17318456
567908850
880616359
762182939
389131454
481711877
15892653
53897742
457533265
123201093
383119157
985492592
819825883
522624401
137606025
280402572
118479725
645690365
951416846
787912679
915820079
189332743
697968583
227288083
440290817
929033359
732291556
248287581
170890542
981604260
708140702
199055988
396855010
585047987
834356933
824042450
79675641
