3000
239858
266342
435068
466609
544042
593405
779657
1249521
1615029
2053727
2232143
2491724
2529988
2601522
2616083
2801434
3500972
3676696
3755993
3886870
4156871
4361713
4724008
4999940
5110093
5138893
5579283
5917064
5935337
6079863
6345734
6552571
6555283
6841593
6924916
7034407
7039113
7158945
7346178
7584824
8034809
8049772
8265824
8354577
8368532
8444180
9102879
9335335
9395052
9642123
9688210
9728601
10116104
10655157
10717342
11175869
11380481
11543883
12114120
12508610
13155419
13193672
13390035
13503060
13804603
14083603
14370842
14410397
14613373
15419527
15464779
15657687
15721658
16009411
16191499
16673398
16989866
17129185
17302265
17444080
17974767
18519020
19354943
19521793
19537170
19636246
19669404
19710468
20114432
20155704
20354501
20574263
20853391
21243066
21369355
21850705
22381473
22828549
22930314
23111443
23401539
23957336
24114240
24185826
24596546
25275080
25706224
25842267
25933094
26012760
26133984
26436693
26647393
26777695
27216125
27233201
27262070
27297591
27827130
27991198
28513294
28681878
29164830
29311340
29417216
29539058
29787206
29852983
29857070
29887076
29916893
30255193
30369089
30596315
30638098
31181846
31219257
31312807
31848601
31986140
32095065
32220634
32347400
32367963
32595286
32649614
32751316
32925883
33433588
33696876
33800059
34809167
34939078
35012639
35067175
35248418
35475229
35839849
35878473
36006422
36022355
36113263
36290458
36426854
36528783
36763230
36838351
36858004
37016440
37205383
37322071
37630645
37809783
38077755
38170399
38755269
38821066
38984801
39062291
39358101
39446312
39524651
39696186
39945033
40434727
40795121
40935506
41192080
41536534
41863724
41977027
42928692
42938807
43299971
43416695
44010150
44067509
44321289
45207295
45506108
45551022
45629207
45841077
46328635
46413940
46484583
46618019
46800729
47488766
48438606
48774627
48779854
48827129
49152014
49170759
49313431
49516284
49586684
50269704
50647281
51113439
51423711
51433442
51536008
52082394
52281085
52295624
52537436
52574071
52857281
53047394
53200375
53327183
53837384
53873235
54841442
55022010
55562243
55574610
55656101
56282718
56425680
56442297
56442466
56650250
56723637
57178388
57547609
57620803
57975581
58081657
58331729
58613827
58692130
58873888
58968535
59528083
59564522
59677117
59692668
59837074
59970021
60581178
60646718
60749562
60866601
61407645
61697597
62443575
62781042
62855092
63076598
63102672
63739509
64152005
64700022
65887798
65982740
66495483
66584663
66779606
67119080
67867722
68016945
68079370
68192395
68219689
68599981
68693869
69251966
69445360
69550133
69744120
69949183
70445395
70643974
70840994
71734420
71821683
71845717
71852616
72449862
73408996
73715615
73725880
73906947
74047800
74410149
74479046
75448353
75458341
75466390
76544052
76759308
76819642
76889340
77258076
77413892
77561181
77570297
77738622
77976606
78543821
78564707
78790997
78809968
78811709
78851321
79061126
79151877
79370813
79658571
79680173
79945513
80137235
80287207
80342153
80343643
81206125
81595150
82083370
82094048
82735608
83164483
83274351
83451242
83543414
83850586
83903699
83962697
84114962
84179552
84254737
84419409
84839564
85690735
85802798
86313014
86710925
87073586
87312701
87403881
87538300
87720185
87752838
87948968
88437174
89250564
89321047
89468603
90244338
90815144
91256867
91448594
91676373
91696267
91819278
91865034
91928016
91931167
92594530
93358925
93477361
94122714
94346678
94789003
94808384
94885471
95001002
95411339
95481367
95543181
95556812
95804224
95825020
96448304
96855169
97589647
97897258
98302459
98471989
98569783
98668124
99056328
99124422
99342791
99682960
99882736
100350387
100606157
100962462
101216714
101286551
101403096
101874917
102072488
103157096
103810923
104012517
104130284
104637394
104923223
104945432
105143073
105196223
105431350
105545561
106486717
106766581
106815623
107156268
107231116
107371486
108108144
108199669
108323839
108437738
108495214
108636845
108686129
109893075
110022932
110248010
110661757
110741052
112249451
112255720
112284249
112442969
112580638
112741527
112952111
113579621
113584114
113694201
114052258
114081942
114129772
114534204
114608848
115031333
115173736
115186592
115353188
115408566
115657549
115724901
115936741
116051166
116408824
116529728
116655198
116719137
116771992
117669922
118276728
118352883
118419908
118758790
119007206
119030079
119478184
119951992
120126931
120705088
120722102
120950773
121349532
121580070
122432886
122819940
123173224
123515599
123669441
123922825
124301529
124583866
124701542
125910337
126914994
126966835
127035828
127156438
127277494
127287855
127293799
127318696
127480592
127489852
127574927
127602776
127753566
127988952
128067824
128729023
128872312
128940592
128946351
129254152
129660636
129946332
129971568
130552526
130861649
130945118
131150426
131315643
131505999
131582112
131629678
131826582
132689342
132707228
132763613
133165015
133493335
133843899
133919612
134359215
134870476
135031558
135202415
135214897
135283744
135404760
135447675
135592125
135663436
135799968
135897696
135996597
136471530
136523580
136608871
136856853
137471007
137531991
137784353
138239520
138595807
138835469
138968880
139035772
139117412
139168932
139621419
139767145
139887818
140150141
140533549
140566926
140612867
140691498
140848658
140894050
141103400
141169822
141177073
142079513
142130851
142227896
142807091
143060631
143079354
143203548
143245969
143486021
143989877
144020000
144142836
144599195
144601105
145361578
145418677
146203426
146304760
146490202
146875277
146964287
147421224
147429211
148495276
148878926
149600131
150067300
150273253
150491963
151080722
151420137
151645506
151764410
152266735
153092282
153666213
153915375
154361182
154512997
155044540
155915376
155971057
155994148
156359298
158263870
158435807
158502571
158744219
158841211
159049152
159432899
159628310
159853565
159979017
160181199
160255563
160276353
160367174
160516282
160524994
160715162
161718322
161803702
162101611
162259091
162494303
162657957
162725223
163205452
163553813
164668605
164966087
165099656
165408739
166037823
166154692
166382966
167113963
167379453
167887032
168091707
168500026
168552954
168915460
169211768
169894724
170968487
171116889
171135900
171792054
171840173
172514483
172546013
172567683
172781874
174070943
175185924
175452615
175642701
175844047
176182522
176250880
176275150
177036338
178239984
179490070
179523855
179555969
179952035
181385157
181494468
183624898
183954110
184123840
185082632
185890601
186371831
186814262
186916173
187169186
187181589
187519557
188193854
188388779
189243234
190366342
191006242
191325233
191405450
191572794
191868109
192954753
193330334
194018701
194184642
194596638
194833930
195760186
195867716
196282836
196348883
196687698
197067073
197757993
198608833
199537596
200254051
200570364
200843592
200964162
201579621
201635045
201796401
201834992
201892708
201901145
203157979
203393992
203491274
203819145
204705016
205710083
206101609
206767824
206836611
207177842
207639522
208214413
208280828
208363441
208650175
208851428
210033841
210096425
210387394
211167051
211236206
212209451
212349504
212855148
212949751
214614309
215168619
215740479
215959966
216720022
217549766
217586041
217611042
217708290
217821333
217932662
219282863
220590555
220933518
221102076
221166473
221267321
221805640
222132959
222135306
223672583
223783097
224129031
224598827
225221210
225588399
225693673
225958977
226638011
226733570
226896999
227044207
227843874
228484443
228638180
228811019
229276231
229523586
229774986
229806222
230294973
230311435
230959804
232453691
232849093
234164795
234185242
234257745
234507043
235146056
235316168
235391873
235608202
235704988
235976504
236176721
237221761
238030974
238130378
238403724
238559831
239840283
241475750
241963759
241969749
242182292
242981148
243583173
244716087
244866407
245581149
245760077
246599051
246866720
246934098
247123130
248307547
248658197
248725576
249359551
249670064
249695302
249698543
249698658
249757727
250080873
250557057
250898955
251199829
251360156
252350969
252420208
252991405
253074153
253130253
253537031
254216160
254689182
254817797
255583106
255740653
256865182
256905082
257087361
257328334
257354468
257540694
257542022
257670301
257765271
258614858
259057644
259491475
259955877
260231927
260551010
261823138
262150791
262158854
262208089
262233626
262384227
262827346
263447433
263620138
264156167
264226143
264453444
264815666
264840025
265034734
265503371
266362231
266910515
267033580
267206777
268332479
268458129
268819029
269156522
269368170
269478584
269667832
270300251
270310949
271067156
271178256
271291371
271593909
272069759
272098416
272470260
272970121
273041415
273390764
273537394
273638455
273650401
273788987
273931180
273946538
274001922
274325790
274338343
274376498
274733389
274946823
274947679
275498233
275602009
275682041
276107676
277427780
277467593
277720452
278132156
278282127
278525343
278577540
278588441
278625900
278630328
279047990
279343327
280035843
280770591
281387334
281512139
281857280
282451388
282798105
282854479
282894474
283293394
283545983
284034288
284545103
285282093
285867525
286481276
286899721
286992017
287094577
287483168
287620689
287773963
287910426
288721605
288984585
289220850
289530901
289667081
289736974
289789593
290220390
290275176
290581704
290827336
290887820
291441734
291756089
293822576
293837357
293843853
293901566
294420401
294628912
295006993
295520137
296207442
296469978
296584046
296684917
297292340
297998616
298117142
298675159
299177453
299298342
299364447
299643086
299990145
300049902
300254302
301006835
301011908
301111338
301639307
302216099
302219608
302238496
302736152
302898717
303543626
304631751
305049999
307431335
307879408
308185388
308556291
308646495
308931339
309480865
309590284
309804431
310239408
310241343
311082784
311699633
312726175
313185077
313649647
313773544
313861170
314145359
314568737
314696402
315366393
316594617
316637290
317022877
317354279
317712246
317770242
317806127
318824282
319063624
320314473
320471444
320697929
320724846
321121625
321198962
321507938
321543455
321739097
321931233
322097198
322577986
322736055
322876855
322963264
323061505
323588962
324067932
325396030
325638294
326003027
326084610
326296706
326735259
327419939
327530562
328146744
328804686
329032516
329252888
329393633
329394812
329594142
329900585
330296772
331547186
332166021
332433962
332677296
333010394
333502218
333615067
333655171
333692197
333696623
333849960
334734541
334792436
335039256
335087350
335839092
337170756
337275261
337916148
338294074
338819220
338889730
338968428
340690268
340913348
340974445
342143707
342410048
343036691
343233916
343826091
344063737
344984385
345950956
346450458
346698942
347180941
347386927
348060549
348415699
348942016
349522456
349934704
350034589
350050049
350311707
352633700
352890949
354005769
354052108
354059830
354690467
355048287
355093204
355937978
356252786
356411231
356452095
356488268
357003073
357827643
358282987
359452305
359865596
359891385
359950442
360170110
360317060
360327506
360448459
360485487
360610080
360638832
361489876
361732046
361844112
361936192
362084895
362183765
362295758
362375425
362393841
362633330
362669713
363236436
364612209
365927820
365986812
366914422
367194319
367526348
367716667
368743909
369155874
369318757
369661779
369815252
370637767
370880119
370918705
371081665
371147033
371501628
371805978
372032091
372466467
372513480
372544323
372568819
372854189
373023207
373055217
373945781
374905905
375121186
376866653
376937257
376954655
377118203
377298660
378171589
378643626
378805290
379045502
379052659
379243407
379760206
380549727
380563211
380618630
381282026
381785021
381787580
382705430
382747379
383542968
383833645
383976714
384021012
384083651
384487330
384842438
385026672
385376676
386410057
386522517
386572681
386635673
386877212
387842474
387926972
388502755
388506296
388833765
389447077
389649689
390030279
390766128
390921004
391159915
391296099
392001747
392197086
392310130
392443519
393636410
393720092
393723742
395267551
395673900
396590313
396875956
396917077
397364055
397426912
397434184
397586622
398048486
398663753
399064890
399077111
399085022
400136878
400238270
400551386
400865879
401526019
401628792
402515594
402610698
403098402
404599506
404707060
404786159
405489092
406282972
406490487
406849033
407260627
407439598
407524694
408069523
408095536
408371613
408528015
409086165
409228883
409426443
410234248
410916724
411750996
411860302
411984357
412278904
412316010
412369241
412424043
412502045
413175547
413183635
413429597
413589862
413853558
415054383
415960601
416045786
416140224
416178498
416628477
416726115
417075835
417975565
418280295
418449656
419182247
419205357
419809441
419819883
421143428
421365716
421432995
421804021
421805708
422264818
422558188
423085063
423366156
423647759
423672811
423919544
424851293
425102493
425117349
425672992
426219204
426918622
426939208
427036761
427558978
427732859
427854029
428140917
428208504
428317833
428405136
428661123
428896048
429162277
429434155
431287396
433273386
433626231
433702007
433838030
433938151
433946411
434464873
434628412
434725968
434739500
435019046
435354905
436051659
436129491
436414449
436693093
438048221
438540057
438758738
441330330
441987922
442378087
442818562
443049289
443109520
444206057
444357335
444558024
444582502
445426167
445838812
445857646
445887022
445985110
446170639
446439597
447053915
447338224
447361026
447662163
447671465
447875138
447965321
448115264
448128718
448368800
448609370
448714371
449403766
449460007
449468888
450009801
450313497
450530957
450682534
450785671
451113306
451680524
451865764
452038935
452352582
453100843
454386312
454686266
454731000
454864629
455034724
455232168
455491473
455614030
455720440
455910579
456727989
456919958
457948262
458251929
458342709
458434396
459280096
459398186
459416408
460529612
460686961
461170304
461262553
461390700
463044475
463379079
463507517
463824050
464710009
464809712
464834448
464962496
465293610
465651005
466086535
466177110
466371732
466828983
466920521
468532468
468558800
468926628
469633174
470060087
470239396
470365289
470563455
471139964
471403117
471868657
472393953
473164447
473868199
474301480
474578240
474823490
474888551
475958086
476990721
477127606
477405047
478026586
478081718
478180788
478182676
478338130
478530693
478736924
478988906
480892752
481239155
481838237
481879561
481942006
482011494
482474647
482649151
482872619
483389093
483460465
484140892
484338032
484421874
484539280
484547107
484719467
484769199
484820347
485551290
485825675
485909744
486627272
487330454
487588999
487652426
487723505
488053929
488174421
488298981
488588761
488736740
489166756
489973443
490054584
490525263
491241040
491285420
492415461
492571914
493977390
493993683
494120548
494541015
494891083
495100001
495606562
496375323
496960321
497369316
498857636
498899872
499185469
499409774
499451770
499834345
500246721
500445885
500854923
501629773
501680590
502342753
502888759
503349027
503713290
503784067
503893061
504769305
505932619
506001529
506452723
506687943
506840710
507143061
507189886
507315335
508563959
508589287
508790581
509002831
509305961
509539284
509649800
509961362
510304880
510765656
511368787
511574690
512131264
512178638
512193505
512315274
512321690
512584329
512708697
513535656
513971981
514590444
514913802
515173164
515176735
515177542
515198967
515504892
516165847
516659379
516826619
517444629
517752291
517774272
517966989
518169761
519189846
520614094
520983093
521475706
521986913
522083636
522285313
522385641
523251911
523727149
523970913
523990873
524205574
524530135
524623184
525279952
525399725
526219237
526366745
526468040
526916697
526978555
527007028
527026855
527149852
527187193
527526242
527648612
528442775
528482467
528502407
529340692
529684075
529750769
529883795
529977252
530970355
531079175
532410866
532636599
532731069
532885961
532898323
534043905
534847533
534874748
535248393
535401267
535452310
535520971
536507539
536580156
537640259
537645729
538501787
538893622
539107354
540126087
540906900
541011248
541509332
541606722
541723928
541742890
541776166
542291986
542340196
542466915
543271040
543576597
544206449
544366666
544638593
545508671
545986330
546022916
546380812
546693310
548448075
548928178
549090674
549224019
549578646
550359798
551872035
551982331
552210651
552287416
553417233
553585985
553695639
554086063
554216925
555669819
555718518
555766085
555911566
556561182
557020745
557024253
557383646
557570451
558013789
558063911
558162844
558172307
558860964
559230495
559444989
559559232
560486815
560900166
561322094
561683524
562440477
562903717
563509949
563527357
563545030
563600406
563766130
563847655
563956588
564059767
564074833
564526275
564856142
565989208
566873673
567370883
567775032
567837118
567846427
567930469
568139714
568147046
568262809
568286817
568404771
569258119
569811283
569847554
570022625
570422122
570752488
570940830
571140346
571555293
571571622
572275649
572695643
573198872
573223111
573396491
573823773
573844049
573960217
574055809
574486539
574668203
575098420
575243616
575366488
575684388
576099004
576143592
576180995
576615702
576708309
576953386
577044531
577120110
577193299
577381379
577825171
577972667
578350565
578581039
579385258
579987972
580088369
580348679
580389838
581397473
581476830
582270766
582456589
583237177
583650644
583835080
583865683
583963811
584236870
584450568
584720184
585214983
585235141
585806739
585819536
585892310
585992264
586638153
588272647
588467648
588589067
588631572
588700022
589149083
589323132
589368314
589991599
590012079
590039288
590370526
590841344
590861664
590931278
591611054
591640807
591928208
592316544
592788048
592931423
592996938
593124240
593380011
593480630
593781904
593916202
594121844
594190399
594383702
594883824
595647492
595732856
596417181
596458633
596518907
596591412
596882470
597212754
597494850
598118609
598784147
599302388
599448256
600110643
600796089
601551954
603213852
603223645
603788119
604014700
604672447
604778067
604813316
604972063
605281637
605460162
605588707
605869032
606123829
606909796
607123088
607428517
608375082
608403760
608431625
609223855
609673817
609977164
610114589
610128781
610162637
610555626
611244212
611905888
612175109
612220004
612333288
612403970
612838645
612875524
613391840
613695293
614220267
614678002
616138357
616230899
616460441
616544179
616767753
617941921
618098123
618418273
618655980
618749411
619270523
619733723
620430422
621731218
622119653
622224553
623040391
623512546
624032374
624056272
624538462
624864134
625315699
625356302
625622881
625745525
626026130
626265577
626645653
626756757
627006494
627491204
627501865
627877691
628067735
628200461
628405156
628434247
628447772
628683975
629639347
629654117
629887945
630817988
631105370
631385557
631801781
631832967
632244226
632902789
633050552
633444531
633487081
634115218
634856794
635140577
635241192
635485001
635631986
635749253
635787680
635819329
636471772
636683952
637260125
637299705
637596579
638150260
638184226
638346403
638439066
638476930
638905391
638951756
639436300
639584287
639648550
639858486
639928595
640302742
640438182
640785417
641756469
642358774
642582086
642912865
643274368
643464286
643614698
643794425
644682880
644767574
645916677
646137081
646172581
647395594
647483456
648462471
648557213
648705293
649308700
649347440
649505536
649585838
650600628
650948154
651230173
651282463
652841393
653123654
653193226
653364982
653384402
653437815
653802061
653831768
653979871
653993881
654456179
655229110
655401477
655443060
655773262
655911107
656265902
656463384
657574770
657813888
658773758
659434432
659719124
660697526
661233237
661778022
662055618
662505764
662529140
662647497
662775083
663068902
663076136
663179067
663544407
664291707
664327664
664502949
665521070
666119330
666279095
666743421
667073208
667351793
667419885
667871826
667972256
668198820
668380160
668738118
669222121
669598752
669639366
669818337
669842737
669904129
670348039
670361255
670918002
671492508
671728912
671813832
671907949
671939867
672075800
672264881
672560532
672566396
672939887
673136367
673168353
673184688
673941371
674117701
674250022
674305784
674820386
675354363
675624356
676341904
676522763
678156774
678422560
678925309
679529377
680341430
681083639
681525064
681726341
682060337
682270297
682317848
682345631
682524219
682529379
682568581
683790113
684174511
684818297
684947919
686021821
686046236
686325897
686639676
686662921
686813778
687989985
688508602
688515476
688591201
688850513
688876647
689106427
689492405
690386323
690531124
690583245
690994983
691072204
692300735
692474000
693136437
693498522
693531146
695390089
695643328
696202774
696984534
697319753
697451910
697570523
697614172
698221726
698349808
698714046
698900933
699388619
700136450
700292067
700772795
701066677
701836973
701989787
702049548
702290382
702480749
702502622
702553496
703519935
703666850
703961574
703972462
704888151
704985102
705069642
706197338
706300251
706338544
707090621
707610452
707669954
708657398
708971107
709561902
709673552
709726190
710038780
710175526
710308628
711295354
712184780
712545510
713125949
713899846
714033182
715261003
716019963
716061906
716069121
717442305
717756711
717885198
718080426
718184786
718565028
718891753
719232275
719492084
719508277
720375471
720437555
720790367
721601828
721769568
722008343
722022054
722492486
722636967
722763237
722834150
723821382
723907916
724217915
724261274
724601249
724901556
724904362
725065207
725687034
726325645
727212785
728037343
728306489
728630840
729037188
729460090
729873723
729982492
729987207
730116108
730356526
730554642
731285179
732101057
733438348
733462045
733532537
734171176
734588153
734864178
735237498
735391489
735998633
736194619
736532670
736995919
737865690
738017646
739053686
739270350
739508663
739717979
739875465
739930878
740112587
740302500
740412654
741116574
741119053
741154091
741181288
741751030
742575675
742925916
743010788
743091831
743443583
744400024
744861194
744971974
744998338
745026525
745798553
745812063
745876352
745877485
745970408
745993727
746177926
746573070
746967682
747294778
747674099
749840709
749996171
750186196
750512245
750947182
751350784
751560046
752222231
752589406
753341955
754631971
754769196
755021078
755246886
755476167
756375651
756705793
756734363
757014991
757339217
757755091
758240029
758842913
759168867
760003183
760035502
760781160
760823733
761247176
762280461
762310632
762677070
762759426
763080024
763565940
763804518
763945535
764056253
764172726
764334473
764586986
764923449
764999613
765354891
765357578
766117226
766131336
766137096
766379391
766827957
767342202
767543720
768056394
768080066
768714154
769311179
770440605
770922714
771014381
771499709
771623525
773082083
773238166
773343421
774892455
775245968
776200086
776565216
777944517
778329801
778409164
779123117
779515425
780319815
780736738
781730331
781835087
781974676
782014777
782287057
782329437
782435613
782523253
782789684
783517702
784917333
785003127
785666241
785907784
785966462
786337449
786407209
786788876
786845318
787075116
787112171
787579883
787728143
788208788
788462230
789112718
789919637
790076551
790174674
790203173
791235669
791436306
792688157
793079926
793447275
793609181
793792030
794057957
794800081
795076895
795744260
796447089
797044893
797409586
798029734
798042749
798132583
798646172
798748594
798848450
798921115
799896803
799979048
800007168
800301734
800522018
800915481
801463238
801623529
802310388
802818887
803280328
803559935
803673287
803909438
803922697
803928124
804000666
804163334
805203556
805221714
805404802
806633220
806692638
807207457
808109296
808188153
808247332
808267320
808581534
808933914
809159179
809320125
809866565
809959375
810102853
810472529
810816073
811246523
811508808
811571393
812006288
812138171
812168416
812237962
812305954
812956844
812999734
813100119
813178655
813435136
814011273
814518474
815145893
815773259
816221626
816261129
816803215
816958465
817215447
817396620
817485971
817560094
818552486
818586593
819157820
819597000
819683509
820496916
820983462
821277104
821827178
821846481
822164211
822247514
822459995
823000721
823120919
823640047
823705527
823949914
824488848
824616117
825116135
825537468
825943780
825952130
826049342
826323770
826431169
826465983
826816772
826971107
827185659
827643268
827727561
828527412
828763204
829343854
829447956
829564041
829888752
830244789
830464450
830767391
830793561
830845850
831261528
831961851
832090184
832412741
832424664
832771900
832983669
833229999
833467692
833489971
833553616
833880083
835126763
835129684
835693688
835757759
836121822
836501544
837259318
837884038
838002488
838574835
839031787
839082121
839413211
839459665
839989718
840238124
840318656
840515562
840689510
841231499
841315247
841492157
841718777
842061143
842292934
842596209
843425983
843530892
843649660
843728049
843974537
844024410
844448647
844694736
844970303
845082538
845166650
845429453
845966697
846137603
846592842
846648849
846902716
847113629
848111009
848487134
848553703
848618227
848986471
849081084
849147563
849639281
850400869
850480858
850544147
850546650
850969372
852487468
852524349
853170726
853645065
854347174
854407007
854678109
854985653
855228805
855413914
855628169
855969409
856381988
856478885
857557418
858065908
858256918
858395672
858568817
859106203
859435393
859442754
859446379
859556198
859652695
860027361
860325269
860743258
861131593
861153594
862485885
862681821
863233861
863567404
864223147
864652266
865119555
865309755
865681978
866030855
866819609
867313171
867450894
867962196
868052123
868358460
869073925
869139097
869175729
869235962
869308020
869454306
869547190
869560842
869820244
869871785
869883788
871550566
871606435
871812383
872043419
872092583
872428909
872572534
872716272
872990015
873143187
873297829
873532764
873740510
874043387
874109020
874539178
874891270
874958896
875183216
876097389
876846426
877445128
877709580
878171570
878514265
878546458
879005784
879393250
879996569
880789006
881018951
881060718
881668680
881729441
881730556
881981992
883575706
883859393
884045203
884560029
884612961
884721638
884824372
885052967
885750282
885993373
886292170
886929102
887376585
887404943
888212430
888262257
889165798
889649735
889926012
890182338
890286541
890424090
890429996
890989491
891258243
891492571
892066909
892364032
892393907
892439263
892702652
892805144
892974040
893102469
893416181
893497687
893649390
894034166
895125339
895330857
895435501
896663804
896671136
897138543
897168931
897353241
899011802
899219979
899396904
900648514
900692987
900830782
901213610
901474320
901570252
901877734
902168975
902181471
902246045
903033968
903420097
903509143
903671263
904464246
904557141
904644854
904676694
904695180
904780378
905295473
905469262
905748024
905828584
906600614
906773321
907090889
907291043
907543387
907880327
907949513
908062506
908555401
908616803
910176198
910177796
910328675
910727711
910817082
910898764
910924491
911003264
911458184
911567772
912315467
912325716
912687956
912886033
913041823
913476347
913910792
913994168
914136371
915408683
915577533
915708680
915772150
916368932
916571086
916675035
917081559
917347991
917954622
918055290
919589994
919895231
920077690
920231659
920458578
920495460
920528551
921054850
921145486
921249544
921934656
922235392
922249577
922419169
922712223
924038110
924650520
924735886
924755824
925204496
925326938
925719588
926228141
927045728
927164832
927435260
927715113
927882454
928084326
928746351
928783920
929321514
929529473
929672504
929703706
929840913
929888149
929922101
930115011
930580062
930962067
931045237
931150906
931228408
931472764
931743573
931942140
932847967
932905855
932907147
933420974
933679256
934697308
935009292
935138698
935263701
935992103
936054256
936054265
936233774
936278799
936571433
936783299
936929451
937086389
937185186
937280891
937630422
938397201
939089450
939374666
940689762
941662722
941953624
942150837
942182393
942184785
942295006
942338691
943176076
943198710
943547845
943580215
943724091
944429150
945376163
945971904
946135279
946164531
946512933
946536338
946838280
947045704
947894872
947976527
948493302
948526141
948876642
948918002
949362789
949380110
950125250
950765897
951519772
951642120
952358140
952650263
953089019
953359406
953936280
954068803
954950095
955517400
956151311
956158651
956190953
956694149
956700407
958539697
958884079
959000114
959084634
959702157
960216924
960233616
960277076
960617585
961485425
962191110
962226560
962731536
962835137
962836300
963185788
963428612
963993482
964483845
964845766
965073309
965177067
966629452
966911256
967626386
968507142
969507012
969575903
969781550
970382022
970821260
971264711
971312706
971426920
971570024
971952253
972088403
972156872
973364946
974234240
974392578
974482389
974604070
974972348
975074985
975097154
975213952
975265832
975494305
977476258
978822501
979081087
979286045
979467177
980026439
980059367
980438715
980588416
981199202
981227918
981366065
981427978
981636776
981652436
982582443
982805803
983083790
983247133
984046125
984278514
986421230
986616833
986649055
986786013
986859448
987017556
987074533
987152713
987648070
988643315
988840566
989117440
989914768
991071486
991109189
991652887
991708465
992581355
992678419
992795972
994217223
994706725
994710057
995567166
995693814
995837303
995859792
996141040
996181380
996599025
996663896
996880305
997038081
997542299
997706912
998129495
998558943
999110146
999256744
999501233
999609121
999760238
999841663
