3000
632210446
632659392
633101731
633405714
633770363
633963597
634415542
631299182
634533710
634703991
634708854
634848545
635340247
635829827
637468337
637992128
638361013
638472234
639208426
639303492
639997214
640493179
640828677
640897566
641154511
641211559
641383309
641548727
641566028
569845067
641620111
641691588
641730275
642174364
642228139
642801955
643304266
643472891
643559722
643617172
643749435
644291247
645774797
645814105
645955118
646049543
646493804
646690818
646758782
647362382
648414810
648763013
649037828
649397509
649451822
649567433
649645164
649659638
649924829
650061991
650247406
650842812
651363581
651800368
652264132
652450230
652855116
652985914
653278534
653298828
653527613
654386286
654475416
654574262
654587912
654870636
654877179
655141180
655474725
655480471
655745913
656383862
656583591
543234377
656598700
656616007
656884766
656904563
657106204
657812131
658151582
659073507
659078124
659998143
660093458
660200554
660228454
661153485
661184949
661509615
662199060
662349756
662428896
662663796
662815169
663200534
663205816
663238771
663395704
663696987
663781165
663823384
664052864
664059128
664060411
664814908
665512212
665743749
666598590
666659208
666674169
666877773
666930785
666949313
667405145
668250387
668657305
669010322
670234926
670949016
671343382
671556246
671744017
672077815
672339812
672769443
673111605
438267425
673396122
673887121
674287182
675692975
676261130
676460927
360766760
677291651
677360340
677663788
678142399
678378012
678674780
678941829
679012626
679112822
679349523
679664410
679694941
679813349
680004168
680005987
680080781
680286366
681068902
681647460
681939902
682027941
682522565
683070477
683511951
683522608
684072729
685101307
685158351
685626919
685991249
686531653
686785445
687177162
687508527
688193123
688571230
688662128
689224139
690158419
690415379
690503175
690685416
691322265
691533205
191376536
692005785
692010745
692245081
692458578
692463783
692801992
693055923
693125711
694266797
694323251
694749571
695131922
695196779
695458249
695480964
696045071
696205777
696402660
696500667
696551937
696632294
696668986
203261872
697445626
697532436
698027571
698527770
698702732
699072146
699142160
699232937
699503998
699767722
700334378
700497162
700556463
701123884
701286735
701785904
702258518
702824026
702955070
703118204
703227611
703365063
703748477
703993725
704073649
704767795
705070267
706012020
706060844
706543360
706833929
707363491
707610641
708659101
708690355
708697538
708885004
708932368
709307472
709986845
709995756
710351000
710616091
710836741
711046961
711097991
711167057
711653580
713818609
713983197
714570490
714682430
714732050
714841955
715118454
715332048
715545683
715795378
715984766
716176931
716273171
716511493
716653013
716705031
716754311
717252584
717842217
718096543
718335728
719331747
719938029
721372417
722190685
722283850
722365615
723021356
723066587
723887844
723977021
724339022
724591121
724948011
725206501
725387352
725641595
727531395
728042879
728206498
728739834
728954688
729281690
729765500
729915322
729939209
730314001
730401286
730975700
731108636
731499271
731748186
732212240
733394108
733572237
733723319
734150707
734211951
734472854
735209688
642194063
735348019
736323138
736458671
736920128
736984787
738851749
739569899
740136623
740263526
740288380
740751328
741781213
743445927
744642714
744788445
744856916
745050609
746392605
746729981
746750171
747675336
747863205
749321091
751404195
751660162
752418318
753009820
753072708
753131969
753571958
754317368
754983214
755916700
757301062
758046728
758073983
758352104
758379530
759081784
759348198
759711663
759937922
760489641
760764066
761905240
762328500
763949494
764004595
764115689
765772095
765960812
766736816
766818841
766947003
767078581
767482679
767989123
768217579
768603094
768854002
769729899
769843922
770107642
770796460
771639877
771780525
771825669
772206929
772407835
772423368
772615554
772711632
772811715
772954188
772958831
773042763
774280513
774586152
775186349
775366968
776186014
777044480
777210309
777444231
777866423
778625007
779444479
779927350
780733195
780911081
781241511
781480686
782474976
783631345
783704897
783775898
784071911
784178587
784530453
785428325
785663897
785765745
785889332
786248922
786386806
786534045
787257258
787361959
787502137
787791937
788013245
788160935
788499770
788877385
789681843
790005518
790904262
791064212
791162057
791179563
791227549
791474023
791571703
792322287
792396739
793044865
793289416
793479712
793533206
793569061
793842003
793851701
370538273
794328770
794560579
794885592
795422024
795510894
796068260
796656343
796913324
797292137
797854220
798376118
798478390
799009482
799996111
800526120
800855838
801021278
801151888
801539744
801598159
802795209
803061727
803160821
803442566
804084968
804519184
804533858
804701244
804930997
804962966
805271865
805536927
805575305
805923493
805971149
806043436
806184928
806404636
806841119
807264496
808687474
809537104
809866454
810050526
810107186
810161528
810665846
810864864
811293518
811773656
812257596
812421238
812711578
813050465
814061332
814243024
814558530
815715294
815743266
815867038
816493641
817143864
817460106
818268370
819107606
819242708
819320479
820143687
820275471
820524610
820715383
820915295
820966902
821210708
821221710
821743031
821768622
822366146
822625209
822684050
823125852
823458248
823549180
823873867
823922889
824417434
824859006
825886789
827197496
827644397
827695080
828052298
828180130
828796300
828901229
828965754
829266956
830105499
830484152
830730340
831051001
831247839
831371021
831960268
832073259
832497286
832684598
832932672
833897820
834277136
835040263
835308767
835361701
835689914
835956034
836105196
836207547
837331653
838297608
838450355
839257601
839268226
839453216
840000793
840422601
840772120
841271907
841598614
841713915
841997145
842165640
842415587
842558621
842687364
842938364
843203452
843442565
843897409
844991100
845185609
845445468
845974080
846025266
846145163
846408159
846762087
846849374
847069494
847421084
847852032
848019248
848634765
848865991
848882953
850020108
462156547
850068105
850307288
851038489
851688909
851779619
852969585
853066010
853128676
853602592
854250124
855136987
855216667
856551489
856608586
856870125
857071590
857193388
857218010
857681583
858286472
858431055
858844340
858855410
860368419
860661537
861085877
861490806
862377839
862528745
862629470
863025757
863371833
864565348
864965574
865088063
865115397
865306473
866112609
866766086
866885465
866898340
867297240
867491619
868300679
868860742
869355724
869448333
869872760
871943042
872450650
872511857
872726989
872787089
872941290
873130947
873402888
873666547
873731102
873823824
874124946
874431819
874986642
875309718
875369218
875450143
875462858
876649972
876810363
877202734
877433790
877644199
877848345
878121855
878278540
878392170
878824973
879655337
879727839
879938893
880411079
880481472
880744439
881163589
881563859
881606430
881758433
881805854
882430461
882613792
883823527
883921871
884054539
885345754
886642946
886771569
886881350
887415217
887686532
887719898
887878885
888070489
889078938
889247094
889262612
889816450
890037324
891937135
891967108
892083700
892355593
892501582
892695325
892972522
894031571
894327230
894715753
895145234
895535700
895653020
895992444
896055999
896137923
896597307
896819644
898280477
898304111
898427883
898816338
899902123
900509573
900634914
900954578
901589133
901775930
902539638
902754348
903003887
903607237
903656720
903696208
903885702
904336090
904505055
905326480
905492357
905728657
905891671
906045173
906526185
907628632
908050953
909571483
910252678
910348628
910422322
910554759
910715239
910764396
910956905
911256797
911286246
911409410
912101340
913050189
913393442
913885228
915644875
915685744
915947431
915979992
915996136
916070044
916813944
917264178
917924712
918146748
919054953
919202045
919229574
919481503
920423359
921348280
921634674
921726433
922213284
922805624
922817126
922865574
923319427
924422379
924492862
925237886
925676773
925773865
926163145
926651043
926720302
927018695
927229003
927643346
928499404
929197889
929508590
929822301
930348576
930516145
930723630
931160106
931295529
931339878
931588417
931737516
931830762
931974184
932016584
932260075
932512317
932953437
933233035
933881747
934008139
934479035
934781461
934825362
934829929
935107920
935756272
936145606
936183381
936430468
936592511
937214190
937895032
937976022
938049688
938833429
939538849
940012625
940233756
940673809
940959101
941213684
941309153
941635461
942088532
942090323
942207278
942501849
942762423
943053259
943171808
943447982
943513084
943802367
944957968
945309454
946360752
946991206
947367179
947691010
948134956
948179962
949222977
950227867
950372654
950442740
950941890
950976409
951359149
951972793
952193274
952555490
952673096
952984352
954251182
954402138
955053282
955623542
956556930
957008032
957342413
957412347
957875060
958399214
959048268
959291725
959771492
960064129
960454444
962137237
962440226
962611008
962756028
962858709
963154971
963592041
963718575
964186420
964303495
964332316
964887367
965172396
965828263
966149357
966508578
966574032
966614319
966949626
967031618
967103806
967930917
968679762
968897075
968949325
969529797
969673212
969879971
970021689
971443713
971729611
386415962
972418796
972692195
972879175
973139699
973314017
973701501
974172996
974437816
975164901
975738425
976566877
976715037
977343977
978390448
978803625
978805065
979228384
979472561
979659326
979868856
980155826
980654526
980940966
982176396
982537975
982785184
982805114
982834060
983049114
983660777
983800944
984314455
984554660
985752463
986633707
986923376
986981540
987758754
987919388
988164574
989287329
989361311
989482157
989653471
989742502
989764619
990238433
990359106
990472760
990832074
990995441
991199514
991216544
991230721
991792329
992194252
992638902
992683531
993311622
994244759
994742552
996048030
175566866
996524962
996552402
996869139
996984631
633586467
997028426
997064582
997185393
997241036
997249261
997319302
997566857
997644438
998192305
998442059
998718162
999359056
999725255
357978459
513172916
577037491
549992264
396696305
431741498
563169906
618695517
382015649
456125026
401731824
486136729
625932594
468526351
523978508
506931689
549651069
387572479
617174295
348844727
491069036
404178985
309782215
505391077
603582119
580187709
325995269
464313712
436675923
451745675
443540151
514901625
414300133
338848736
413889411
608915563
450818733
421668585
541100243
467391342
523654300
576459771
391802794
530417231
332479405
788016301
483559192
350490543
306573166
556097187
471660304
373537225
434988415
543537398
328199172
466254141
608933094
625319749
476320002
348380188
337658013
310219997
589191952
360134933
454904820
377244852
339136334
93842693
352828949
302222926
489624259
531502812
513516449
625239678
365139455
616652913
613691268
351066143
525040070
581359014
350709436
420398291
437279902
518679681
320982727
431357513
557865903
325733091
451048689
413142916
439405175
549581454
457400537
531105266
327900484
582088142
620453289
376241111
399420679
450985427
620948322
390877850
333832271
380030753
440521575
531226687
597634982
609966923
655959198
387646300
525993901
541501708
409643280
380180142
566905974
584373118
477802764
434160620
609869179
376064670
379481470
514210205
310736821
366026551
465827672
627175630
574230631
304874351
490346055
612146620
310830916
314125108
470895150
602184411
612443752
573204504
506585104
437997573
385304994
558973371
518343005
359337247
608918582
622457013
366103219
394166443
551182433
353649760
519842142
605827554
496795176
450727584
548560245
407557208
433792045
543998762
329660951
498931611
478062687
342492760
604594575
516922008
551170872
364345709
545186526
571579291
518933778
312968835
348596450
368384653
609592344
321069552
407265533
462097807
399030210
558186456
310064861
303597379
488958727
416252818
484256881
382230599
474031700
529822987
532583275
329428831
453357117
546384053
487069631
528134156
542820504
487655241
502076630
449019719
496816681
555968911
332608988
374422257
308471947
511184370
609100816
386844695
565565699
313225559
555917902
435702926
441238875
509709931
481320660
475415090
567251301
368253700
513284788
574437772
498766318
583662224
561870119
369982371
391852084
563976006
351774389
378502415
612354573
607536897
379421390
533698285
368961723
432175977
583027308
348761782
620791607
486956200
534423955
435399010
516344325
573793574
998992987
612407014
600467788
362241201
527891634
399956410
354616230
573497284
599721750
596005574
548021309
331922406
388637164
449822557
325622549
313165743
628775040
354138101
373398305
576105141
545133975
536187394
556273270
417379399
458931594
339617799
436508971
416102937
396987610
606812931
333568411
418259599
387430466
476933096
305899225
318531813
437056548
501708655
561875969
589811843
467223229
616451293
507017050
584668617
391746227
467915348
387241293
620903797
433791478
419418840
384797659
524910338
630761365
599472390
444521965
314433514
582095346
601761053
468724381
495977852
307541481
459987824
472315760
330561345
570989245
467964360
566812333
537518020
431468951
363900508
355094407
443780612
329125453
531334466
616198835
546581430
306538202
430265760
597864612
544850007
592051911
359742993
386651004
615355835
345045628
584971775
596715672
432902395
311722988
516392955
536491634
407385853
348106032
609560048
519513918
613548388
515538255
585152474
615415615
550411089
551676933
442917162
490038597
394635991
334813110
542488315
450547863
575046892
553629655
475253771
429508533
610027703
601159186
125984979
530538516
432147471
532892630
375402583
465379131
329973387
369112250
565828639
304700549
525145676
577734202
564878906
426938948
529280939
608749337
313985691
348381656
628594087
339311342
333730525
320130796
390190273
424385583
586607346
451418267
115169409
381728893
362503239
497286134
593138358
466745180
396681933
543091246
329230659
556883007
480289152
607009814
620300616
344179241
314833408
369702690
544321043
576740110
532101788
425558965
616778564
531742972
544858650
301496006
395270358
450406143
429537264
570070593
323573332
449008487
357779305
599695028
588370794
554475558
456049243
463378545
357363477
518168457
437978559
596362364
337871231
618864631
402516899
423059999
493316399
467024812
586180121
312195034
323623670
364112878
338052294
301922712
445537681
611535378
514928904
593635638
485955617
575186188
502564739
444836345
469820914
526547264
335327212
468449385
371427002
476979758
602497337
617896400
439717472
511141438
610616077
369884275
618747384
492143067
541798367
512874165
468193198
531393727
414521910
307029230
397845474
452512476
453188304
450075935
629122586
391099042
461870660
576035313
479146536
500276828
566563729
314619919
555877235
632125157
590221579
360247897
366357325
459967423
593190595
598047729
539010788
319074999
509516047
334603008
329340965
467245014
393445160
383640898
475333443
613043555
573092749
595562583
476088543
306914594
569130243
338705246
469023824
608277638
210617463
453606979
512778954
624124254
592407697
316261153
550926344
592591374
476114313
341023841
467030208
517927951
625927346
485804285
583534707
507052885
431509911
380738026
568563798
382742036
438350728
549115447
420103339
359551709
352245707
313048912
431063092
399274253
320107965
398230646
540235689
602991462
556027353
529596999
338793999
446447658
381222592
599248992
356598477
532347959
445152243
531663459
319725502
394097080
521225767
588545950
520729943
351412082
447256997
588993047
346980330
579547625
584451945
539847174
368170221
483849383
612920408
325819520
372269701
355433313
517831219
494661292
590583276
414691118
435099822
537750411
609973864
355583612
531783831
487779945
540646338
439720450
429725121
500990348
579094172
465403145
379929906
345214635
339973861
458181388
560918675
320852839
394205468
391594577
444407689
331797392
412287947
627319245
496004006
595043415
307988797
340272361
436334758
536837199
475397362
455239219
608367688
574917756
557529911
541676321
328726489
367759369
580890116
617279334
345334411
355490482
578852389
496841282
587868339
486167597
439396410
374926223
488548407
620670460
371821975
582370852
477909707
371909307
481079385
343329603
553103726
625611649
572179319
562292587
613465199
588272732
366637585
399107713
454866036
342771566
555737918
394562504
308488937
481288234
517710126
417228331
419633247
571509147
403733446
566326385
551641502
567383317
519861201
630419524
521721433
631679313
555774278
403016879
557405124
621087211
430537516
330383831
531693355
480619638
406169462
552164480
385185857
403589573
367361048
515457394
344535193
496345958
423520020
337012601
426189512
328980317
370321252
450040228
549039148
394111975
312781260
393226314
448689013
603129328
489808468
535334306
565452854
576406700
308644108
479432361
463938547
443095766
518207818
325904648
547025055
375136226
595200220
453797135
606694204
514601637
529101616
564155193
409426266
415360038
621449239
365343246
584380266
612645967
589787919
328069021
334530838
554803286
468328867
528102017
229639579
497941296
359759576
518520884
559814963
379630488
435436526
583894848
379308696
312242822
420228293
481913072
248512522
380435423
326379437
531566462
630316707
317558548
396828587
318327220
450452389
422172824
582674387
495010982
391824303
420346210
475930023
317860560
400593650
580349014
394615993
349462429
328188384
516897618
307073169
492376421
514483390
564510495
563929483
422315808
597021593
541975928
570614360
360018045
573836505
529506230
402044366
534495183
450919340
559475979
428836919
512651660
475199004
403403633
334636834
353714079
519085469
443576170
355483789
410638877
426364147
498560239
611522804
527543762
393770741
399679380
537413936
470491050
375841594
487105993
317105165
395321409
310313800
560751968
505339004
440918085
332417740
575225947
232706896
411932746
614220669
317130573
581967969
552725306
448380551
602367541
585638335
625056328
531781128
607816016
498224554
520797899
576799721
516370735
340041268
629651348
406066027
344751353
476277447
483625387
574483556
456441913
550219889
323979126
591434910
481584373
604030585
375764722
314647094
391989297
614222889
306369035
322940568
574112438
356380427
391365307
548862050
449660832
409758148
311796429
516778646
340215765
566359782
469536833
477899134
431666778
306873698
485886403
574845383
576868079
375222017
502287125
392778976
351479843
601918582
414116506
311804861
429598342
305181448
628217081
435408970
588123093
487360455
419739195
389487116
374960138
332519284
522072888
610268628
505930269
488926673
519962785
458189816
628207962
513430685
306639848
477758101
491551236
498183159
380545388
604768621
402011773
505112611
502163953
382083600
567272971
576473023
515585707
406430117
540754120
538546880
488128901
503648084
586749173
594217063
315538562
532929461
338003956
484006337
365257069
359258100
410849122
539777694
465333231
417969847
455754272
413232818
412959795
306869942
592704114
302126923
611459353
508642674
358221248
431323979
531947817
410423703
394947557
557192123
563469367
320760387
502892337
379826310
609364529
397920079
610136462
443979235
308343022
567427515
368909625
532856900
355637001
536161860
374345613
555628001
433796220
398268936
327214953
440988099
439799950
412550555
317707795
554393647
582144315
457970513
382138420
408297461
489996466
473273721
562334074
339581242
574475771
481610199
536624095
583529691
450936467
465551145
585762155
327008174
550910340
573758043
129973879
323910700
513659896
310132211
445149044
628345677
342360598
372685850
424687407
438483556
454671498
503062986
384414593
570982317
488531529
404869892
523919701
570570921
483381466
309796720
426554713
450120924
356452937
548153811
292339233
566218901
546531335
332627882
490920858
363406771
307098
373671
403224
449836
578471
605405
763059
877557
940897
1831731
1950417
2192816
2312481
2437513
3225548
3324916
3354433
3390993
3561505
4582838
5098194
45911366
5171406
5734044
5741930
5907059
6000148
6256520
6761934
6790788
6802020
7239744
8871972
9014270
9252612
9497254
9595315
9625552
9726394
10581756
10629626
10994088
11473891
11644491
11829515
12393177
12477161
12519836
13105466
13294432
13344241
13581907
13797132
13819794
13937376
14049138
14423243
14698642
15001969
689480383
15160209
15295209
15638133
15765657
16859614
17331043
17384443
17744638
17759121
17959032
18155448
18594375
18603636
18643549
20149996
20461517
20628434
20949098
21579479
21911447
626171651
22624954
22644021
22779811
22905570
23126210
23131462
23299805
23446258
23503756
23518472
23734194
23850223
24072782
24316760
649287508
24690514
24731377
24843480
25048905
25140008
25383697
25535120
26169266
26336318
26749939
27090580
27118127
27144182
27258248
27478139
27615439
27623413
27656765
27657704
28599207
28700153
28764209
28768670
28924202
29457903
29532120
29552052
29554403
29564541
29914519
29966137
30203854
30932173
31494058
31643902
31654002
31896718
32383994
32624822
32685224
32919329
33426530
33454816
33548104
33923644
34406227
34476090
34669509
35042323
35097544
35384024
35404806
35670480
36158459
36515676
36601447
36805589
37179605
37245771
37398628
37757078
37805973
37912684
38295287
38369146
38411060
38494140
38882976
39050981
39508703
39665573
40730765
41220451
41973589
42114078
42206808
42274362
42309503
42453789
43112579
44277907
44570217
44604105
44644186
45008001
45068619
45156966
45960847
46126497
46917936
47186989
255872030
128110857
47197088
47634709
47976762
47985098
48004575
48260371
48532279
48559055
48814434
49003652
49337082
49542552
49881400
50100799
50175183
50332877
51389113
51504561
51918329
53694001
53743386
53776638
53944332
54101358
54132520
54149129
54453243
54762228
55366613
55472562
55540640
55566536
55715323
55922397
56212172
56617632
56621191
56875560
57721189
57890019
57892745
58427486
58889342
59269179
59873835
60223242
60428324
60609938
60856452
61010438
61065504
61298282
62030359
62140448
62168172
62626429
63325215
63386595
63559227
63691137
63764203
64212031
64231957
64323806
64508639
64591795
65072655
65571686
66091877
66321087
66442513
66528821
66747544
66889116
66897108
67161744
67298787
68128129
68238189
68273879
69050107
69193019
69897696
70195143
70284672
70311528
70446387
70835808
71210473
71234869
71691638
71707264
71822128
72376428
72608463
73118774
73162366
73468614
73687319
73697179
73804918
74090150
74117141
74563505
75013250
75083606
75201273
75323015
293694541
75424627
75554186
76298090
76424611
76497269
76554037
76918363
457638122
77510589
77828442
78492822
78645034
79090337
79305687
79497674
79514833
79992134
80255349
81119780
81130236
81291350
81420019
81576278
81606226
81730420
81753531
82193564
82230746
82930774
83623184
83779230
83798213
83949413
84261420
84376834
84422432
84953343
85103418
85580910
127397731
85585120
86409942
86796906
86839993
87476166
88063260
88707049
88760372
88890781
88913925
89708662
90359116
90421475
90462009
90684802
90830704
91215715
91308873
91335603
91562872
92155720
92428769
92469752
92645997
93199921
93354347
93441580
93506237
93558541
93577561
94024673
94207798
94534892
94619501
94638068
94743961
94788076
95187734
95211254
95214812
95299873
95339376
636112604
95657213
96423699
96431945
96690129
96789368
96824073
96899546
97041877
97152274
97323400
97456166
97576851
98108254
98275185
98411591
98528757
98545285
98584792
98839880
98862241
99005808
99070175
99142594
99191643
99602145
99823898
100236098
100434893
100458206
100707587
100853392
100916599
101271615
101402277
101697252
101942624
101957891
103379912
104198122
104226169
104322855
104599780
104638327
104690086
104767900
104960416
105157298
106122550
106205631
106357399
106868872
106994680
107112631
107541605
107910339
108113681
108146328
108591413
108916825
109006027
109034627
109057155
109546942
109640338
109888587
110222297
110565829
110843647
111112576
111423593
111683472
111725721
112381670
112985979
113069577
113115436
113235774
113339237
113344457
114049852
114275959
114294196
114516134
114664261
114708164
115210879
115395222
115721854
115751695
116078398
116496174
116645387
807849808
116650521
116691056
116825128
116837649
117098970
117806514
117967771
118162103
118205321
118539763
118780440
118803663
118956726
119150668
119208120
119857769
120160100
120261237
120543961
120910634
120952348
121068879
121682261
121727919
121945874
121949800
122067393
122617289
122650668
122842262
122853017
123082915
123085022
123109226
123113742
123560325
123894343
124127813
124498384
124740903
124836080
124903902
125056453
125071201
125776800
126017296
126298625
126432796
126494424
126790873
126991104
127110400
127252004
127252916
127399963
127483701
127687598
127782974
127994753
128061472
128154410
128175738
128806173
129075378
129086806
129228386
129815076
129985917
130458180
130582998
130787527
130891459
131027460
131060231
131710909
131816034
866593425
132144133
132182149
132214704
132421991
133019572
133407941
133454295
133459824
133469884
134162129
134483445
134516639
134717473
135221137
135352324
135638603
135890058
136046552
136631974
136830694
136911097
137174509
137605530
137852755
138116304
138192533
138290382
138315035
138476159
138595434
138851830
139023167
139148355
139162707
139268201
139544966
300558245
139799884
139918457
140047727
140360673
140628568
140898629
141308296
141399768
141739020
142238647
142281780
143286706
143307872
143332200
143689380
144237828
144446294
145020263
145268854
145301709
145758657
145984917
146263780
146636539
146721862
146963548
147219936
147282029
147305044
147327154
147359877
147552047
147928654
147954499
148021754
148064572
149412074
149986628
150015508
150398873
151122812
151229464
151360987
151937237
152225762
152537942
152587942
152748563
153004833
153426575
154158226
154367413
154791790
155233165
155687134
156529348
157759515
157828432
157900708
157952095
157992547
159308422
159363841
159953677
159989786
160528290
161153216
161302028
162040701
162098105
162329119
162501231
162594036
162844949
163154698
163948500
163983075
163983842
164317525
164512162
165288127
166222345
166307967
166542197
166789667
166819163
167094692
167554177
169035230
169696904
170058966
170466016
170598168
171165644
171493254
171759715
172303076
172672479
173191731
173203523
173259923
173284541
173512766
174338673
174707402
175645219
844238258
176449344
176463354
177567602
177955382
178196674
178686313
180231459
180702417
180836132
180877970
181340750
181393046
181541367
182397041
182402588
182438619
182762358
183801676
184721625
184789076
184955226
185723358
185988565
186594679
186629121
186730316
187057995
187971869
189578669
190085954
190470612
190635716
190726603
190829675
190856440
191007415
191228042
191366304
191377539
191906098
192045706
193046741
194111105
194494323
194585780
194931977
195436468
195483556
196203865
196473735
196690147
196767888
197343382
197923108
199144176
199375362
199812347
200249669
200375843
200886903
201307858
201795590
201906450
202104272
249893827
202164806
202286594
202502978
202947968
203027024
203210296
203306609
203350195
203387716
203699764
203970583
204134167
204247508
204312134
204530913
204553710
204633000
205500855
205573690
205642943
205687592
206809889
206942321
206943083
206947338
207062802
207097035
207795635
208102113
208376249
208689883
209403535
209911213
210439183
210587681
210799700
211458986
212436251
212608406
212705979
212842073
212902887
213573055
214020060
214618992
214703065
215000248
215131223
538679629
215533608
216202562
216228514
216673312
216978103
217086597
217098701
217307408
217877316
218091056
218135328
218296922
218813833
219217439
219239916
219421827
219452880
219594155
219803514
220123357
220235725
220309725
220542115
220788125
220904987
221596426
221630201
221820778
222687413
223186338
223340250
223820836
223939168
226434426
226488386
226491892
226811277
227052532
227115362
227179443
227242085
227625023
228030577
228072349
228924999
229194807
230501427
230588269
231062072
231620584
232282174
232923468
232930479
233233711
233365593
233371255
233678787
233730239
234063063
234695772
235680185
235750775
235874434
235994042
236020180
236242725
236341683
237519537
238001815
238178343
238622094
239416792
239655680
239761483
240010073
240146452
241032797
241450094
241776684
242038103
242915660
243979560
244453995
244508032
245898299
245972487
246584872
246859165
247211794
247891270
248600122
248629771
249052424
250178340
250247306
250702422
251107109
251119041
251184627
251236319
251607294
252509190
252633790
892135857
253348713
253799148
254517961
254959796
255139473
255176112
255234131
255326318
255661787
255812601
255906566
256299965
256690897
256734021
257156023
257360064
257947602
257982443
258434640
259074223
259194008
259444166
652651901
261619825
262688333
262816476
262891156
263077698
263280620
263698213
265044472
265409969
265477748
266713772
266792158
266809768
267225312
267767293
267792834
867335536
268130789
268259798
269161023
270788340
271180238
271644770
271982058
272189990
272246290
272357114
272586013
272895356
273543039
273616196
274485011
275025689
275516552
276330222
276582875
277270001
277446327
277539542
277678458
279305772
279408759
279595809
279830584
279952485
280172063
281544661
282152763
283489939
284606841
284985948
285193869
285272085
285803195
286577075
287138194
288251918
288490336
288627216
290402668
290521275
291441958
291653772
291660788
291982984
292367231
292691417
293316391
293607196
293724022
293832423
294345799
296001723
296140688
296705543
297837061
299186338
299202893
299555148
299965617
300272714
300295456
301320698
