3000
999479165
997908948
997371610
997128995
996931659
995857786
995464300
995451062
995234755
994651799
994524179
994163128
994012800
993182495
992567387
991928672
991341777
991190686
990952005
990021149
989634324
989106867
988404708
988381768
988338032
987511946
987484418
987424276
987408141
987065247
987034959
986580787
986312331
985794618
985480255
985283000
985242213
984989630
984439433
984093608
983635645
981978986
981482361
980647018
980574225
980438733
979618902
977994797
977633952
977277917
975581496
975533937
975211676
974657412
974637344
974542865
973876496
973850467
973798562
973481923
973259178
972250831
972051948
972023419
971612514
971263097
971179456
970954660
970948101
970729584
970446672
970136724
969620670
969058928
968935138
968840435
968761152
968713462
968176411
968015221
967896168
967805512
967242649
966529801
966192334
966168335
965890955
965824941
964618334
964407286
963629772
963579766
962911953
962828628
962769763
962535840
962363485
962177353
962032740
961933834
961826784
961717113
961494883
961224403
960943121
960877831
960496826
960378294
960240868
960144246
959553630
959534866
959320212
958847568
958465189
958182846
957412107
957130703
956744536
956489015
955838098
955672692
955307014
955289755
955222915
955055541
954983880
954842524
954469334
954451595
954229700
954125401
952384074
951824943
951680668
951357545
950781761
950496098
950459068
950165362
949819875
949803487
949609170
949204710
949200675
947311066
947020176
945037233
944340768
943536559
943409433
942979395
941753254
941587824
941368559
940900656
940581720
940556198
940259537
940159237
940073480
939882272
939878766
939559974
939111004
939036824
938560194
938444305
938428459
938160500
937744269
937669876
937457260
937247023
936359727
936296012
936081867
935450542
934912915
934908293
934315035
934214687
934138177
933807132
933801728
933711924
933410551
933328927
933115122
933027121
932969957
931888501
931887576
931816338
931766629
929958779
929916627
929769050
929729992
929715888
928910684
928110639
927729783
927610487
927282415
926609753
925862315
925644506
925589213
924949736
924738009
922579592
922116335
921921649
921493433
921130128
920614040
920543651
920415552
920219850
920134467
919650880
919584573
919319748
919290986
919008524
918762269
918365271
918320275
917373250
916635671
916513823
915609987
914915988
914848701
914345690
914256690
913274678
912460369
911766299
911654388
910164004
909600357
908567738
908102370
906549055
906469621
906463733
906298150
905409140
904233424
904025885
904005211
903302325
903007537
902926936
902666674
902663018
902472630
901943887
901670872
901468870
900918411
900428726
900402134
900109360
899942512
899133600
899008439
898259543
898168852
897963880
897629675
897318473
897227002
897193207
896689393
896545669
895892131
895689310
895545576
895065568
893985201
893142559
893129852
892022390
891697549
891119684
890345360
890140605
890042819
889854070
889850771
889425597
889131473
887949087
887724876
886713049
886598093
886344171
886087399
885858387
885840239
885588069
883778569
883296322
883044530
882931842
882492396
882451553
882203662
882005468
881743479
881230232
881039060
879942625
879470487
879251363
878802049
878668273
878025043
877426694
877068928
876949474
876660625
876385047
875835543
875335008
875046288
874962688
874588050
873938636
873366440
873192240
872656927
871739018
871354862
870766366
870449459
870295130
869463447
869353496
869213774
869167771
868278390
868272357
868081013
868053120
867699562
867620242
867327768
866549266
866501412
866455545
866135736
865575468
865081857
864834109
864803699
864685509
864396025
864204036
863643162
863641015
863428728
862706370
862003637
861963730
861953946
860648399
860593028
859947226
859880574
859564979
859333441
858802151
858678015
858677546
858474185
857946768
857589721
857325182
857249328
857116215
856575945
856431918
855870088
855576105
855332350
855194926
854956413
854750325
854252988
854223203
854221905
853949839
853539846
853328582
853263228
853110746
852940376
852631083
852472183
852172892
851146756
850253873
849332968
848794673
848212965
847111398
847063835
846715438
846228837
845974568
845176568
844457120
844387780
843962628
843454313
843265197
843134807
842933420
841528185
841211883
841162854
840798710
840699872
840483069
839822607
839696291
838502631
838434731
837991047
837753427
837346781
837306373
837183427
837130160
836990221
836886867
836879805
836655268
836165394
836014682
835774052
835409096
834989181
834644255
833490918
833181003
832167410
832100541
832095618
831554240
831072318
829617868
829465308
828309767
828245858
827678006
827653207
826972393
826356601
826159161
825682592
825407663
824968551
823889578
823748142
823013207
822943617
822752499
822667437
822367657
821398837
821274656
821090885
820944311
820300093
820186428
820172263
819657149
819587970
819571712
819001912
818788667
818009648
817764755
817505493
816739399
816504537
816498431
816375836
815590016
815240419
815214849
815130316
814233678
813429996
813323682
812738570
812542074
810969422
810681077
810502258
810396910
810120909
809964354
809751050
809300289
809134522
808302012
808176822
807346696
807212544
807204951
807175054
807079268
806785276
806210676
806164789
805995431
805796559
805757935
805402253
805302500
805134920
804710339
804634698
804213891
803286315
803026352
802755183
802698782
802580592
802104772
801720504
801477078
801068440
800525214
800003086
799898755
799849656
799769626
799557437
799438001
799302328
798887316
798863540
798418957
798219820
796898214
796542663
796437780
796322084
795546081
795441887
795019112
794954829
794825502
794618436
794166950
793884925
793507704
793445256
793282942
793121071
793023791
792119775
791790905
791645033
791322212
791263475
791241994
790991484
790616987
790359318
790324123
789969363
788367998
788006970
787348218
787049983
787030599
787030398
787011934
785883114
785154295
783591130
783514270
783312780
782940316
781968382
781918931
781005875
780991196
780315627
780288303
779036768
778992653
778374504
778227347
778052061
777856669
777015871
776822315
775979259
775803353
775276748
774928607
774191277
773570643
773032542
773027533
772220685
772157781
771825344
771422507
771103331
771007420
770466820
769798957
769406012
769042845
768950618
768644165
768026410
767885277
767853321
766830083
766459676
765816547
765197557
765077797
763943813
763533072
763355907
763237999
763194922
763127649
762751302
762739107
762452662
762240907
762082028
761974895
761569108
760920137
760225520
759951752
759283104
759082213
758521273
758096109
757794381
757394112
757196665
756812602
756503862
756378282
755728350
754916180
754470038
754099062
754087757
753544387
753242631
752650491
752604333
752184001
751820803
751682765
751607443
750739705
750518224
750380149
750133078
749855798
749820325
749815285
748517457
747744593
747421230
747378997
747302515
747069707
746112419
745807451
745503060
745403340
745197584
745116702
744993044
744921544
744390711
744053779
743800442
743639781
743509200
743304364
742991093
742355964
741483718
741137335
740933847
740592155
740525137
740466363
740443352
740052430
739409503
739355342
738748969
737811656
737527326
737435050
737062295
736749495
734855571
734607791
734241640
733369951
733023718
732943449
732898606
732895990
732353435
732350887
731699798
731487605
731483541
731141205
730805631
730272285
729943248
729532926
728286459
726849338
726829722
726042434
725956451
725715295
725630242
725368580
724629680
724523748
724302919
724176441
723824288
723467068
722030289
721491221
720510413
720500344
720442087
720339293
720131148
720108014
719267990
718621368
718460396
718400790
718124191
717581555
717207960
716602208
716081835
714901391
714549069
714193310
714128458
713819013
713624282
713194416
712942869
712415599
711849943
711037106
710801752
710717816
709804337
709130972
708405217
707886357
707608708
707506858
706546246
706098147
705893620
705458970
705390972
705338071
705251449
704878436
704853901
704506506
704165740
703382434
703341214
703142430
702742506
702424805
701630456
701078581
699696413
699648012
699594484
698938926
698095878
697813561
697533888
697260106
696927361
696814101
696700269
695030371
694652029
694616765
694368720
694030827
692961352
692771894
692329260
692243745
692192028
691907632
690893663
690578151
689404987
689196612
688845704
688687054
688531797
688044880
687833372
687403595
687374410
687232158
686920374
686507205
686505956
686082245
686023022
685174554
685173874
685103791
684808230
684779005
683283535
683248550
682924698
682820850
682718682
682120110
681291567
681053355
680785468
680674415
680567667
680557295
680367907
679852347
679392994
679116023
678637897
677765224
677364798
677085643
676919728
674466633
674458308
674065317
673703745
673103682
673068090
672951552
672879531
672629868
672627817
672439571
672379825
671851790
671231838
671037778
670559591
670459560
669988090
669821363
669275103
668777053
668713915
668621214
668191952
667528900
666943736
666906678
666872750
665388875
665184146
664389936
664237707
664219046
664156527
663987207
663583046
663481943
662556010
662431745
661913450
661791146
661733070
660972548
660641970
660333820
659595158
658869786
658811467
658665480
657891250
657749034
657734704
656924025
656345634
656308437
655750281
655349998
654350378
653074846
653037910
652841496
652827434
652036879
651699300
651564885
651387717
651221047
650758082
650561243
650476462
650385370
650170560
649639201
649508809
648785573
648776363
648768481
647883610
647486721
647432757
646392058
645922221
645629157
644939415
644773097
644416234
644392602
644260167
643550448
643100052
642756994
642323070
641168153
640618804
640492443
639645670
639279109
638842666
638840022
638125219
637717362
637633688
637438512
637316767
637118296
636265362
636234294
636222031
636219544
636153336
635562639
635295133
634849123
633602852
633507378
633349756
633021348
632578473
631928616
631662392
631456126
630542794
630329148
629124021
629087187
629073077
628779598
628602926
628503378
628428970
628315499
627787326
627140828
626642148
626136363
625650880
625297851
623694434
623442071
623313875
623147346
623020657
622888785
622618272
622409280
622365832
622350756
622132165
620854789
620675654
620634108
620049003
619310037
619024824
619003133
618692596
618674224
618594691
617686899
617033453
616402155
615957883
615911933
615749834
615568363
615288094
614862915
614636032
614442610
614397082
614143538
613934620
613726262
613384909
612621313
611526694
611420101
611232273
610764260
609255229
608891128
608878177
608283075
607865842
607301803
607006046
606981742
605858528
605174211
604526926
604305158
604195869
603462119
603349237
602325784
602062164
601494923
601381013
601015005
600285864
599903283
599550915
599187410
599127480
598237145
597643095
597006866
596992341
596940422
596660172
596657298
596582522
596518286
596436284
596151697
595671131
595331395
595078275
595005786
594800080
594537446
594483509
594089794
593966037
593508737
593455037
593293331
593237765
592603939
592199804
591588052
590980826
590957751
590916486
590545862
589533000
589312453
589289663
588961592
588904521
588321202
588167940
587940403
587833459
587714892
587669231
586630220
586410024
585506431
585392709
585251303
584990189
584966510
584927839
584919582
584853845
584686396
584668079
584190123
584133852
584005690
583647054
583597871
583251952
583000363
582614774
582238720
581822665
581692914
581144714
580813530
580798038
580609569
580211875
579763368
578800337
578656056
578589291
578313993
577955082
577383682
577071845
576004011
575310229
574757498
574714890
574627912
574172957
574051414
573543347
573236901
573112730
572947553
572719291
572073961
571835957
571636550
571599741
571208637
571026922
570892087
570607717
570452208
570351322
569514759
568858761
568406320
568205266
568136619
568052291
567940289
567175109
567130823
567129638
566953340
566897081
566852388
566709891
566650546
566624600
565509732
564189517
563894398
563883723
563709914
563334017
563043623
561696177
560982813
560845148
560622977
560603147
560386773
559539552
559384031
559332776
558983567
558396394
558348606
558111265
558057474
557456654
557021747
556886225
556677289
556250621
556198083
555788331
555742883
554718542
554580523
554514249
553868283
553836039
553783133
553262164
553218637
553186273
553058820
553047754
552848408
552845752
551928988
551656252
551495381
551192514
550912238
550854924
550430898
550199131
549344446
549339123
548776244
548531100
547991558
547620812
547241278
547153428
547020178
546265788
546263712
546167088
546078341
545043049
544846932
544660732
544317597
543924504
543741846
543711760
543380710
542802540
542673061
542368044
542062642
541960372
541918831
541565029
540699299
540506360
539980819
538660185
538142127
537820768
537746652
537733544
537695463
534313990
533784870
533703202
533354557
532854838
532694817
532427891
532324308
532292770
531857309
529958892
528985952
527679906
526546271
526323220
525973986
525195998
524468620
524389098
523999540
523635278
522295331
520994428
520241780
519706201
517875656
517656361
516668642
516362794
516326222
516276484
515815299
515532044
515175101
515111371
514496734
514494786
514101785
514036669
514019627
513940656
513196917
513133617
512242063
511757754
511447913
510134940
510014830
509653434
509262838
508153768
507998448
507675272
507334821
507156748
506089576
505842141
505728786
505614700
505418484
505187375
505071358
504764261
504083560
503939529
503414644
503247470
503164651
503130377
502637574
502175403
501827083
501756944
501724140
501091554
501051276
501009025
500794847
500214973
499784555
499609879
499196219
498879010
498858508
498842923
498346692
498074451
497392414
497378409
496527494
496127966
495581391
495079628
494608096
494159096
493823836
493377595
493062085
491895543
491870770
491805918
491682220
490918899
490856494
490825796
490811369
490629556
490545738
490244607
489988060
489708656
489345185
489343455
488536008
488060340
487398975
487026111
486799782
486002928
485863413
485714510
485671848
485115101
484599640
484037512
483709249
483700785
483382584
482834925
482365264
481788154
481045531
480809611
480506072
480499896
480483734
479922756
479577419
479306964
479239438
478147830
478126505
477781097
477344866
476841166
476838356
476801542
476629090
476161083
475444891
475223632
475127587
474689002
474577715
474486116
474160400
473235336
473138515
472900849
472701213
472434639
472057390
471618710
471577420
471503480
471236033
470711434
470644062
470575699
470508767
470060557
469695888
468756230
468655028
468606675
468478077
466271752
466179989
465856578
465025980
464588479
464548817
464377082
463922836
463373265
463021426
462952971
462889399
462214197
461335363
461131895
461086195
460834259
460776598
460123612
459741763
457992659
457940538
457832418
457346149
457333101
457309862
457098124
457096330
455981669
455673829
455614562
455599443
454338052
453948890
453843086
453663847
453356363
453238291
453138151
452958692
452418851
452404724
452258850
452078770
451172541
450879109
450297539
449987540
449158343
448928463
448717351
447934110
447838959
447197599
446245130
446201006
445939560
445736649
445695386
445406356
445163167
445146327
444963279
444932748
444760827
444408680
442984280
442610100
442186393
442012733
441749294
441276559
441103818
440841933
440833105
440707831
440613152
440287953
439597681
439585798
439546085
439185004
438814298
438688941
438265303
437747352
437532890
437444326
437069596
436618013
436228613
436011294
435810856
435808910
435722452
435646107
435536845
434395731
433787458
433752307
433557673
433415258
433400422
433280900
432996490
432291833
432118752
432087883
431914184
431912415
430894738
430467167
430039843
429544830
428979248
428590220
428571507
428447904
428422968
428006223
427440884
427294884
426735281
426267560
425811025
425793933
425659362
425442826
424618507
424573639
424499094
424471657
424454281
424421057
423958989
423896559
423453583
422901370
422816981
422723245
422716396
422476819
422030068
421774677
421367600
420854212
420682152
420560793
420214714
420170918
420076559
419424360
419421309
419262911
418701224
417918518
417767108
417296787
416776892
416564754
416318002
416317920
415697089
415421594
415331606
414716374
414467032
413567710
412660500
412301030
411757358
410942663
410876316
410755146
410636500
410131540
410005905
409131470
408934845
408648852
408592062
407669590
407580914
407548033
407164794
406024760
405665328
405185018
404618809
403377854
403293893
402444553
401951645
401779363
401641466
401034103
400598745
400372794
399803461
399722790
399419039
398923978
398160765
398092342
398012354
397723729
397529341
396594695
396510816
396468104
396326732
396188317
395924241
395856645
395587043
395306913
395019670
395015294
394163190
392420079
392248391
392197361
391933442
391491364
390567428
390476230
390364159
389533434
389482097
389413415
389235905
389200371
389153059
388958339
388230249
388149133
388061237
387982905
387865505
387813672
387704467
386816627
386592891
386575346
386094257
385883005
384637592
383154961
383080306
382502847
381925380
381851927
381844746
381792512
381392847
380990038
380938003
380566203
380539142
380384192
379305976
378760511
378558794
378532925
378290331
378212937
378174096
377574595
377225473
377208861
376830962
376696314
376418749
375983069
375816019
375745062
375517938
375254577
374713717
374288372
373762066
373701849
373257665
372596062
372329759
371948210
371625210
371539702
370712144
369498858
368680311
368678787
367451900
367288004
366732545
366382405
366284702
365944442
365695466
365251323
364405402
363835386
363826327
363185152
362784639
362724391
361176497
360809976
360744606
360012515
359237037
359215310
358789680
358743883
358427085
358088800
357797198
357703517
357570418
357446373
357302387
357185314
356113041
355843007
355787107
355405085
355319480
354998609
354676226
354070387
353530297
353480903
352901984
352853031
352303865
352103091
351874023
351807730
351687788
351530025
351288575
351152320
350939238
350920680
350737017
350642170
349987540
349922726
349353011
349216921
348921721
348768805
348689252
348450369
347939631
347646767
346468466
346379580
344357993
344230644
344172025
344115039
342737689
342538171
342518248
342403128
342256206
341870747
341599834
341236221
340630631
340490567
340363353
340237986
339997698
339709034
339315633
339052892
338987443
338917431
338729745
338667724
338033633
337893143
337616174
337509443
337307979
337179399
336842376
336022211
336000829
335649651
335503481
335385462
335154096
334845380
334340793
334047875
333027341
332970548
332378285
332314468
332156502
331675552
331184640
330941158
330938720
330908307
330778912
330037009
330005245
328853101
328552323
328511357
328435313
328105229
327600147
327524786
327335962
327289833
327140330
326475145
326173475
326109077
325867201
325255240
325210349
325131006
324917685
324910181
324883703
324326793
323577781
323522834
323262652
323168557
323047250
322983198
322027982
321723511
321581141
321248818
320616394
320290653
319563798
319355241
318850084
318812247
318468242
318014146
317577020
317552847
317544288
317412568
317359858
317326630
317068515
316692469
316057176
315642810
315637819
315489206
315312920
314864425
313844504
313617311
313491930
312883356
312718444
312701768
312381364
312245078
312010706
311816098
311346524
311264254
311186105
310857494
310485295
310441781
310372080
309377592
308833368
308802412
308623713
308578484
307225946
307202959
307138547
306177675
306089738
305516947
305174626
305158770
304878641
304670562
304212379
304150031
303255443
303236803
302721930
301752603
301516781
301426321
300852914
300094817
299961411
299850735
299783608
299750561
299242772
298995411
298817615
298606235
298212229
298159217
297760419
297628405
297550536
297099687
296948915
296767726
296677135
296640864
296098623
296094287
295588725
295450436
295316616
294975676
294793810
294324015
294259565
294112819
293765215
293433806
292449234
292305440
291768171
291727419
291496467
291178181
289855810
289833347
289604901
289585674
289475945
289424958
289284384
289259804
289173322
288704684
288543496
288522802
288165029
287869043
287564919
287466489
287167068
286749079
286378129
286353243
285821969
285354301
285172068
284682731
284565830
284457294
283727846
283491931
283126610
282855710
282463444
281393371
280423059
280039343
279757897
279530787
279197159
279082953
278302278
278236903
278042435
277915777
277763552
277711250
277511462
277137911
276260181
275373562
275255556
275221960
274591641
273438494
273319806
272940392
272463342
272218849
272093089
271947926
270539825
270036360
269832431
269614154
269083394
268786000
268224860
268033949
266697029
266423830
266310112
266136832
265557517
265224590
264691464
264640951
264560299
264241263
264003807
263828829
262359726
261352325
260815975
260769527
260691590
260677402
260438187
260259151
260149370
259390063
258606887
258554075
257534993
257355373
257262195
257087665
256919294
256835831
256534099
256476368
256125819
256121652
255762752
255266627
254965519
254653042
254604585
253955329
253564110
253483440
253481984
253206509
253150868
252465783
251945885
251904127
251671366
251657636
250793770
250528447
250372156
250036843
250014694
250007248
249565587
248514713
248089503
246993888
246844659
246831953
246811218
246452086
246339435
246100040
245615076
244972376
244417442
244332640
243625669
243498748
243296592
243269720
243244774
242819067
242420624
242288171
242200314
242200178
242178243
241969544
241638897
241327880
241221683
240754045
240282672
240066145
239592972
238869852
238825840
238738133
238277723
238243287
238166737
237880728
237732212
237033333
236539291
235944445
235773269
235519800
235477601
235271389
235213748
235085391
234974632
234452523
234309361
233618612
233305927
233254003
233133793
233001722
232756669
232730511
232723148
232709568
232193649
231435734
231326103
230321515
230168472
230069338
229930023
229640699
229347895
228590532
228109058
228102645
227525528
227380513
226918801
226686434
226153221
225733952
225122850
224700490
224404417
224382114
224020384
223762539
223448697
222809780
222191203
221372493
220942216
220120291
220079644
219287706
219054539
218301215
218158118
218122040
217500229
217277437
216946511
216805397
215738674
214968429
214808126
214646258
214552650
213648851
212826895
212610950
212520137
211408870
210918723
210888178
210698063
210480123
210432571
210393768
210288698
209932759
208166944
207269349
206897684
206616525
206358677
206235351
206176048
205483393
205472072
204633812
203862437
203736312
203725046
202987065
202850083
202372906
201674566
201465126
201459972
201363818
200882108
200783967
199795132
199331095
198955882
198502202
198161129
196955920
196661861
196048426
195869875
195517236
194702921
194606178
194576088
194232206
193912465
193599240
193531702
193279445
193151946
191644089
191366675
190742714
190513836
189812931
189576890
187860785
187032754
186823256
186817298
186665316
186591717
186384041
185703020
185673520
185027960
184312549
183688005
183364173
183184128
182955995
182541081
182098651
181897222
181350249
180580298
180518166
180418122
180199325
180147028
180108299
180103594
180081812
180061446
179202199
178667265
178501319
177583050
176328063
176119833
175622681
174916798
174898373
174807879
174625452
174555011
174291805
174170663
173266574
173195915
173002614
172514867
172047936
171950093
171761420
170947168
170522683
170441236
169760958
169750823
169606391
169605193
169597557
169473750
169083748
168326065
168093375
167841011
167322862
167177282
166525357
166442434
166274875
165888694
165640906
165454587
165342855
165055706
164957057
164550729
164427441
164423693
163437152
162817372
162041153
161657819
161399104
161174932
160645987
159463821
159238062
159144048
159113513
159048327
158914141
158395508
158183716
158106590
157096460
157063187
156875885
155801284
155494908
155479062
155028395
154111436
154090103
153935046
153849820
153771941
152945848
151967170
151917197
151884677
151520332
151425788
151318114
151090388
151089584
150741720
150409306
150271493
150217990
150042415
149032608
148987779
148759181
147147444
147068346
147036760
147015252
146486120
146267480
145755817
145723904
145594605
145187453
145020580
144863144
144805636
144328327
144190125
144115418
144104727
143902749
143694312
143306312
143014462
142833684
142547015
141951824
141624898
141379601
141118197
140830814
140677200
140419432
140178440
139939805
139872915
139272180
138895851
138584890
138386455
137850082
137472110
137267530
136714859
136656083
136565311
136472308
136233495
136174303
136101933
135982980
135859818
135746746
135651671
135494255
135306775
135158985
135104694
135067794
135012735
133565466
133301804
133227967
132938044
132842044
132752578
132738692
132122753
132073076
132035101
131941590
131797305
131524493
131218766
130972955
130934182
130830521
130475410
130447209
130164166
129956808
129507622
129398199
128583905
128362444
128279405
128077755
127693522
127499278
127256928
127166807
127049641
126578331
126484800
126137898
125821482
125731475
125687730
125580850
125379300
125328493
125305341
125140787
124973599
124470128
124236159
124127238
123839448
123446365
123400823
123337811
123119267
123068364
123014333
122949566
122497523
122286936
122222513
121934396
121318197
121204876
121076897
120533308
120341429
119981110
119720457
119411725
119164313
118913368
118902751
118395373
118297358
118236607
117941709
117799844
117743052
117062339
116750742
116741308
116436315
116352374
116245333
116240464
116060567
115632621
115555826
115370562
114935964
114722901
114540248
114412846
114300150
114278417
114149458
113944749
113716963
113698340
113621365
113220462
113070861
113054636
112885582
112803877
112549816
112194740
112172562
111909121
111689792
111182631
111118538
110746028
110510424
110117551
110030646
109749730
109358671
109134731
108971287
108870045
108842722
107110301
106640607
106595500
106224845
106072795
106072407
106023299
105247242
104656114
104384977
104038583
104003837
103976882
103553026
103421635
103350002
103157029
102997227
102542452
102373825
102247794
102119245
102027904
101691660
101571796
101444035
101328902
101321730
101189966
100862567
100752372
99485474
99399284
99356553
99163782
98917521
98656863
98552229
98433279
98406409
98330706
98305405
98163671
98055245
97992312
97730286
97557744
97472207
96307301
95915275
95872114
95253312
95159382
95141754
94623053
94512719
94301182
94160789
94049987
94012323
93918173
93628860
92857975
92810726
92762169
92190932
92092083
92080366
91835916
91653302
91600014
90727214
90224062
90108314
89953563
89768730
89717639
89476793
89398724
88919930
88578410
88432997
88059592
87994816
87361030
87304306
86787337
86446636
86031594
85978195
85707481
85142133
85007980
84939128
84830473
84024812
84022402
84002031
83737310
83444687
83177529
83143110
83078405
82643716
82451550
81800484
81667194
81011257
80641849
79914805
79683677
79304688
79290812
79151463
79053916
78978424
78617845
78002613
77752313
77567284
77177791
77054095
76881445
76158663
75705163
75637490
75481102
74902963
74621455
74539245
73813832
73746009
73409028
73264618
72995312
72778945
72630804
72430077
71816095
71674651
71436782
71374144
71107533
71102120
70873090
69680363
69205976
69102507
69086834
68926427
68881265
68740055
68246623
68050765
67962834
67713749
67521320
67475938
67366744
67117940
67062999
66970375
66409880
66355147
66271206
66033599
65781376
65373358
64534524
64467145
63972861
63836654
63642151
63042390
62995712
62735420
62663805
62601683
62523070
62452506
62181955
62122871
62119738
62094583
62026066
61786595
61577733
61249923
61237739
61104073
60533005
59722829
59432309
59405418
59054705
58979221
58740716
58609498
57381724
57180958
56626207
56597713
56315485
56249287
55549965
55495985
55062211
55018592
55011443
54974706
54963392
54676989
54506310
54381234
54233327
53974873
53392129
52946839
52840677
52668698
52501478
52393942
52257637
52226428
52175960
51712192
51564902
50701865
50399943
50365070
50223987
50036784
49968104
49944399
49311888
49218507
48361085
48098885
47916779
47914608
47884444
47720417
47628177
47355449
46335980
46155151
44675874
44550153
44446970
43794386
43601639
42636656
42564031
42549288
41859044
41733297
41660376
41536148
41044826
40816156
40268808
39926846
39558395
39508199
39405799
38653074
38540573
38385129
38191686
38155349
37465291
37298456
37083005
36904443
36508845
36325606
35965455
35883672
35504387
35330881
35157263
34562203
34299757
34211579
34136779
34097963
33646200
33639471
33539182
33066988
32673159
32668890
32186330
32143100
31810846
31751948
31534321
31474317
31265535
31090913
31071990
30760611
30441955
29962286
29784035
29008958
28630820
27828981
27713089
27675222
27498488
27487839
25938482
25526782
25484318
25271618
25078581
24920111
24451279
24384519
24204803
23983069
23890368
23148820
22987860
22723549
22682667
22643619
22570963
22527503
22526019
22503444
20780213
20589185
20321581
19814912
19743576
19610550
19557538
18681697
18494720
18451177
17152338
17091369
16796813
16602887
16367919
16228292
16187302
15525519
15106981
14895164
14736471
14341110
13656113
13520810
13484176
13341040
12503994
12361711
12087991
11942808
11873225
11794705
10945575
10862215
10018199
10014793
9841632
9788014
9417814
9312677
8809016
8545554
8518548
8473871
7955262
7910259
7878001
7524467
7395112
7236102
7095298
7049038
6593349
6546806
6411174
6263527
5861055
5601904
5383368
5309341
5232246
5163248
5107413
4569088
4342968
4274342
4217242
4164631
4100966
3901034
3661541
3582723
3294033
3041089
2446075
2325987
1891173
1774608
1762319
1609285
1580206
1498091
1495376
1326733
658101
280130
238514
