3000
281876563
229964820
81278937
456911697
457114244
436275984
308228614
457543622
457935953
86622351
458226395
458764190
458899683
459179295
459335498
459675136
255814343
459751708
459999095
460087178
460266069
460472750
460977466
463621808
463632007
464113896
464396517
464488122
464919122
419836569
261273039
450134131
127388695
21383327
465444261
465755455
352656166
34923974
466850581
468169459
468398688
469107981
469352112
469388368
469927169
190404146
28030867
470341246
471004515
471104575
471911613
472343305
475712708
476683032
476712919
478724587
353491218
34962312
189506510
479544153
2304010
417427626
481211876
481803377
481960206
482675353
482968392
483508477
484521891
484740724
183768986
484964705
485501107
485693226
110483055
485779056
486498833
486499078
487031244
57315861
44572900
487729059
488546100
489577053
489791051
490363456
490604499
490958071
491421467
379680877
497310070
497874602
497959861
498153733
499511614
501136371
76245583
130652062
505399213
505534652
507460706
507546364
507988606
508458697
79162803
510333629
510753866
511069619
511238403
511350497
61558617
511389691
511979377
512643537
290874624
512948550
513462165
513939208
514778858
514853847
514921515
516453687
517524494
517567381
519130418
181803394
519266207
521601520
522146860
522202380
522369924
522734598
33013115
523001775
523478208
478800230
523899990
523984481
383737862
525909772
525918030
525972545
526076966
527059139
527069593
424622493
177519778
528111865
528200025
528347328
529462133
52416989
529694567
529879500
530090116
530095588
530189602
450229318
530289252
530305051
531391764
531664707
116426503
158085088
35405239
532003251
79348668
532176528
532905605
534152825
534311523
535087951
536234496
536692801
537231008
537565521
537583435
10509907
534010634
538807539
538953230
539243738
176203907
70921455
332206830
4675941
210685795
539920261
171635527
540301048
27670365
541064206
541274906
541608749
339074901
541658315
422385674
391007905
541755553
542085979
542910350
542951822
322230376
543840796
544235305
404196521
334718190
406706828
247342969
545021165
545927531
547212261
547383086
548785431
439079276
549684129
247984232
550385006
262599544
551972198
470204351
552103171
552387002
552506664
553183198
554869582
556615428
556952852
558577279
558809332
103620176
138633904
559150582
559330988
560250302
560271227
560342747
560762991
560901665
561087518
562398530
53891344
562513038
336794712
562873959
564208895
564519760
440822181
164700264
564774248
564930988
564934178
566566364
527690315
566808968
567066244
567412107
568273718
505562996
569678959
382825377
570684341
571278767
571342792
572213174
573126754
573279395
573698823
146554104
573966086
574329227
37937306
144955265
574631873
53933577
575282163
576226649
108054087
577302900
578425656
579012033
579257026
120558209
579705656
579940712
579943371
39177189
580032981
580386062
581132812
118158607
581695667
581938795
582168399
583644382
583712564
584696258
585226662
585766936
585843322
492120107
587465728
444807674
588017957
588170268
588351865
588352214
225796207
589580526
589602804
392909818
590961176
592039387
38205661
489764368
250094579
592147144
94530861
592258763
198878796
593060230
593093175
593358244
593636124
595238248
596374116
597277405
43467759
600049200
601544042
601839094
602100887
63175856
602315402
602485300
602537481
544838646
220556976
602915666
97918110
604472038
604794583
49514971
605968624
606337264
255046417
607517012
547186462
311682413
608266037
609464477
610326374
610772611
139911194
611141251
611776205
612392945
613581044
99792546
613682736
614294124
150054139
614834394
615900211
127223115
616688489
617748612
617974348
618152985
64926132
618256553
619541571
281209198
620589698
620830262
621049237
621607212
621674700
623213194
624360594
624743245
626329066
626452363
415900669
336577698
626676349
626892541
539687004
243783210
626955303
627047286
627119074
550124149
627508427
627735021
628750727
629061816
629089966
69287886
629267879
264600633
115203875
429985927
313283729
458168914
629646247
630097509
630131152
630776574
144505048
632117507
194842376
633442946
633676512
633908391
633909926
634344805
634474987
155125380
635017079
28919193
341385205
527720164
636515819
636700459
637809760
521377533
638089994
639956818
254051528
639958879
640241500
640330401
184076918
383758552
431707992
526892290
641834459
642097349
642425855
167535873
643547027
643636435
643716994
363789415
643772335
643774877
644136113
644438401
644845540
276660802
645234211
107125734
645338755
646384237
648077407
550547405
648418136
648850207
649232849
649309937
649782154
245063555
649995692
650082408
650721555
505032033
651191696
651718866
652359087
652421149
652770099
616544577
653008441
654185111
444267366
579265590
655780944
655853129
15722917
657286948
39493845
658510194
659631415
659636447
660072457
660213490
660243681
660279961
660756963
661576033
199111019
144173383
438747113
662966093
572024166
662968089
663096592
11146371
664364695
222265451
664756109
308473572
665586697
666134175
666468075
502754363
666693625
666762809
666766107
666799432
575861668
667480683
667653740
628566118
39618255
669486262
669554375
61205958
136645784
669596397
669681672
669727555
671100341
671325934
671465352
671735827
672260536
674236251
674265132
141242764
82273579
674920554
675279548
675457321
675506526
15016387
149367273
676411951
676473527
471580289
677680278
237348143
678415795
678655726
679040404
419645750
454148087
679477935
680337297
132843731
681165938
681869037
682989675
683100914
683641245
452137681
684053897
152163604
133560166
684500845
684662431
331146268
314324709
56685169
686289610
575285787
688906353
688910345
689015812
689561318
689993898
690270896
690291172
690505852
690730848
301930746
692167525
692475623
301484973
734851
692524732
692618675
693208326
50505544
693362952
694048643
694055719
694989314
695080444
695739906
89924936
699368803
631412718
600543307
700580095
701064647
701236625
701627683
701637331
296238980
702803504
703317682
705045609
116815453
705171616
232513351
705800582
71671779
706127352
402907763
674584956
707469097
707774558
707779365
708271691
709114182
80514213
377644420
158428622
482781072
709783722
710097044
711619197
711669853
711954441
70603399
712885220
250750850
340480266
714460246
146521125
714553320
714616846
714654666
715975911
716096587
716911595
717173979
717554021
717916313
717918251
636478407
586638122
169167052
718492068
678730044
718957110
719171274
719182565
523446601
551860564
719403484
719805650
719883602
720128018
720200217
720459520
720603122
721531198
305250300
722195051
723050122
723950772
724854365
725185794
725444524
488104261
472749535
725493415
725662285
725692953
725799559
726605849
726886782
726932478
727883197
728207847
730304824
130487932
730549523
731163649
368459196
732192441
278926716
732641327
733029954
39722012
734837250
736139163
737230146
737426556
737542286
737918481
31981971
738327094
738755058
738850651
739755911
740212769
742713952
58639574
743613371
743894165
745573929
745790950
79081050
746182923
746236555
747827011
747972295
748448414
680621658
748456721
749081299
749401593
425649564
750314287
509466760
751364425
753291189
754728282
754799685
754807966
755239757
755590495
756152655
421670185
757383582
757574357
757887401
757986610
758879410
344551846
759555633
154121191
759732719
191560646
759985070
760220513
760307530
473897869
760704717
761311232
596917060
761583205
229629910
130584904
762624874
762999628
154662153
763331417
763841929
446039520
357549466
538617763
765121812
765775708
765909911
766514435
322021987
344093893
767755832
767872052
768575511
398427560
768608501
82934407
768895218
769034521
769226549
769575461
769731259
769733322
770098841
770123705
770397265
294755848
471855285
259544371
62663787
770706164
770987609
733835852
771302260
772021708
772445657
772682977
569541634
248433642
773017800
663275964
773455039
773786023
114231593
774598529
775241078
775497765
776992586
777742878
778252466
778699380
779412388
779521249
235071071
780690046
96011969
50881609
780902389
550492419
781532101
782902991
782945464
66926778
783057435
783682451
784345550
785099274
786460539
786989992
99664255
787297069
788630517
788751055
789228321
789512694
789784772
790016164
790556412
790593569
790645500
791119566
791154755
791213624
37799767
791959142
792314060
227532849
608873015
159754625
392789234
794360240
794678989
662445019
794871790
795408170
435255678
638758111
795454057
795762044
190864731
525273679
796950167
797047602
798497825
223703150
99175977
799950521
800135175
800488735
800884361
802414008
152385064
777591343
803300915
804268019
9303134
804532543
804650398
804838151
254313541
804867187
502451042
725462417
806608147
567999549
806674892
558479725
806788902
795916745
112700447
806532694
457255940
53632606
807068140
530203189
807360957
807565075
807658182
808848401
71650263
809470685
56878228
112100561
809645380
809846749
54862257
811191234
795955771
812430917
812697418
761682111
814009203
815574762
815837480
128090208
427423767
816484404
816506083
816845653
816994978
817094196
817239059
818142172
63433053
818210552
819062786
235722405
819140789
819342773
820628559
820719352
821411137
756722917
439532756
822158431
823044748
823089169
823486171
823558456
823622932
824160002
824385134
825263583
32196883
372588502
826105559
826121202
826687032
826867998
827252184
827266201
827328622
827522448
827682418
827697940
828683268
829517579
795212884
829773394
48025584
689925452
830692909
830797563
830973982
831821510
831851938
833119519
833381567
833699560
649210256
349359864
834209831
105713961
38513909
782884693
447471889
834366804
834739176
835077794
807145670
835559983
836172648
836831999
838093690
838255399
838618178
838638552
840115598
539426239
840901934
841019889
841125089
841531046
841820548
842654702
574091271
843831615
843874487
844548858
845406636
131761279
847779121
847974322
848646033
433927870
743081119
848704658
849134251
849591326
850241867
850468645
851222121
182961599
851354782
851482998
851658885
461469990
851749569
851759559
852189413
278440494
852542754
852962975
853497404
449528834
853974962
854105647
854395289
296515749
71450334
854432901
854464447
610563849
855260248
855831654
512844032
856011403
617439889
141974618
856828291
793115523
857306937
857719945
858014639
88555966
858179374
858205185
759393131
859232478
432511546
577614096
80189486
67569173
859296915
861115961
75767828
861838983
863406340
668019643
708430139
863500923
774513136
864326989
865489069
865924558
866209255
226973577
866498859
30685318
868032270
539882052
868423603
36289745
868537839
869460308
869914304
334704364
870593890
653439579
870641989
870736164
871064207
544952590
871551364
872357935
872684265
873544024
873633271
874055543
592393246
687622301
874643859
875141316
53975332
875996117
876260930
876473298
877906145
817208127
682844973
879309357
879740361
758587754
880900502
880980817
881494600
881893925
882192920
882639720
883676140
740613625
884601693
884730887
885437530
885608892
634572410
886068586
886068976
36453634
886498918
657868953
887000447
335511318
377185049
887404360
413331201
888760431
891929507
892366266
893013108
893188568
655249643
893702889
17109833
809024539
417174160
894496683
894778855
894985202
895170106
895212542
229694701
895289969
138349985
680648402
895399867
895815110
522944150
300611356
770205716
898304530
898827889
898981952
899438516
901993575
902732402
902922210
388157846
903132775
903978093
97071499
904488704
110456545
904921043
905176197
906089061
906157637
906247340
906394838
906773657
907333840
907405984
907482867
505512464
908647285
200341055
214229040
497440813
908778611
909049781
909473168
456639292
14653042
909831592
788934578
843930629
909880105
910725295
911555250
911610236
4390844
911897357
911905982
912340483
230322919
913411701
718232670
914754861
915236484
148948144
915350724
915464874
915503393
889596197
915798669
153340904
916427058
916960173
917274730
71751585
917323304
917379380
356046597
918577021
918800918
918962876
919293354
919343688
919367298
193515384
920580986
922015696
922077067
653048019
923941919
911160260
5701764
76347101
925204775
243710370
370054327
60483218
925642360
422184171
857548048
926897925
928086340
928904982
926157203
555002806
134651730
930843806
925827794
931599184
931635228
931703418
932123935
932185270
248695727
932490399
932609373
933398501
301348213
933461030
933664947
933686076
933853530
934880823
935764747
143673004
936111419
498455158
42199894
431285972
936307941
936343487
936533356
938195500
909513069
939238587
940067447
289176335
679952795
897217114
940448590
941948491
205408328
943566294
854561089
798550603
698659336
943645440
944073755
874252550
944878655
945761208
197104524
946576569
946749056
317692742
946802714
5940249
254927276
947819107
947844350
948369815
948687229
306779747
746493430
665035313
640310901
29576441
949779857
950010404
950073820
950733407
951052753
592439022
266121077
952082062
726477887
953506121
953660394
953670534
955197246
955366486
754040870
955379177
368277797
956031962
129388062
481923154
956039074
524908782
387951924
524716283
877580097
957245287
764828720
958007638
764577499
111455261
793003511
879013180
647182154
958832146
958962841
331074636
959167905
959627924
594256031
959811844
959956611
566112389
961038589
961092117
961301583
961399662
68909251
760016716
770782864
961624050
607897942
962034627
568322317
962063236
962336626
962829383
962845502
457961724
274836981
963331925
963757884
960353412
965515944
536966135
355417009
893657463
965902041
653402181
967983511
613731079
968529193
968684216
629522778
26265842
968993545
230474780
969507048
970010870
44992911
860071126
219658458
970663490
641277752
970765034
255763994
6707384
970854281
970879200
971542056
971635392
971724966
972003604
972189558
433506553
972351527
973124170
973267505
973857310
973963569
974167483
974698148
345714813
974984276
923487479
975385408
975738002
925673953
374161914
956320571
976839403
834343643
976865589
100396586
111692321
722977096
977483892
420891847
977745522
977962308
978012005
978587304
979097020
810209432
980288536
980444312
980508228
884717062
525396692
332824028
68875767
980741120
980913540
981051104
479877962
773120774
787203272
982363093
982840979
982885043
613233848
13285290
983217550
985978478
986025836
986279427
127983407
560624217
986880175
961133406
987058465
987480304
301155873
987624963
987680923
988149676
988439809
265774865
712850126
475762157
201188838
988524437
988742860
988878355
989679278
989817285
204112943
77588471
613965164
991344635
991693291
992295429
992412556
992798712
992846998
221215589
993418800
993553495
994582678
994768533
994957775
972176509
995272471
41946329
995370756
997156369
997799950
92618700
998070266
193202
198609974
1027293
1312620
1339228
881709305
337038347
1386917
1837869
1999077
656330343
646782151
778983177
2135404
2417756
2601062
2907485
2956007
3058195
3204866
3316160
868097381
3529339
4711524
4716455
5283449
5391740
5506307
231292098
5530671
18406883
96387020
5708849
698041631
5757989
783620342
5827284
52549182
811516568
6352626
6660904
173818939
6940655
7138966
7336866
8204408
8470487
9086034
9130664
9200258
138205022
9420727
867972742
924405284
9888077
10043730
10547793
10709643
618241330
10808212
945133310
11157408
11287559
405108549
12087763
12908395
117906403
75829708
13097272
699867504
543468119
13320963
13392783
13512198
14012396
532853990
915735440
448010486
15786788
863676662
447249159
15848417
16546796
16974248
16976485
589758642
17349029
81134048
17509290
17643990
693355559
17991076
539016074
18131448
306541693
18634191
208546057
44845627
19014527
19068024
19361170
20494162
21015004
825976657
21872033
21995243
942958101
636691514
272472481
22063572
924171882
655441916
22448705
22812676
23040220
23393428
23730883
24378238
25202006
51432198
25480545
227429126
50960397
902622551
26027349
381179291
26355442
58091557
27114537
306623822
846128438
955552390
27418669
137737330
27556188
663940282
947199058
28022946
402345037
762778074
28100560
350590094
28349419
28476582
28660113
28831532
29651180
29862465
533297660
29983066
30067093
30198186
30598579
30865924
481799394
31570595
31618432
364502407
131495643
32584856
32838548
32854283
576238409
33215232
33375127
629196772
185062488
33988096
34131936
34178452
643224458
312890858
326203250
198423604
34281691
34352995
34390101
605973836
693391812
34977126
286985429
35385581
35448964
35621131
36137664
36190326
36207575
36266541
529158548
776828829
855933552
92553853
36333249
798554734
478105499
36451025
850229274
36608567
36918427
37398471
37469987
322085910
774758085
757629654
38732939
349877389
772847378
39196414
978470451
827517903
91810399
806724912
40213820
40845175
986282946
41629271
42126977
101323199
42331078
42549084
42561785
42747427
42805953
43207280
968004665
943656985
692494948
43835861
44161384
44567464
44790505
45069104
45718807
46419908
46532896
46998304
47148806
47929733
48115958
403195313
48552682
731820301
48888228
963363662
444854784
566112951
48933931
340753346
49342331
80008051
50137374
50933008
64085947
110641380
51034183
51554691
952538480
51984219
69307917
52425448
364643714
439932523
801725210
52633211
52667347
871747157
52816298
52879320
52912967
244084166
192739752
634627432
52961743
617344033
131083345
53074750
53454952
53728709
53902747
497945272
527549424
238648195
54683478
54742061
54844393
965174632
273279287
569704850
56016304
56348594
187512825
56436833
56621836
56634767
56648315
56873010
58008629
58088331
158397533
58179994
58397728
58551074
717372599
58574271
59391681
59440910
624383586
59518176
233924689
59603642
59797946
665950615
541227534
60399334
462701616
60432481
60486955
252430888
61078488
843430515
61641837
785576120
61803108
410202439
61953712
62132548
62197979
95879809
62260758
62501862
62513747
63516309
970403136
64230967
952051623
64477621
64790299
184648577
64865639
794931691
65021856
65129725
66016119
66535868
66852081
526599598
100588678
67064486
866527346
385777178
67917300
164340894
68236750
68652591
68789907
68854460
954934463
68888362
276546342
608040214
325332040
771129711
69938205
70019718
70316792
70385475
71293077
71410639
71674591
73493945
290346502
73909805
73974334
74611672
74775885
911961144
75042959
94818817
75248432
140976122
791416152
76086364
551847965
426734433
76692625
76795582
77574750
77598196
299803032
79833066
794349488
80019170
966411566
191353658
80228135
80365164
81428625
81481758
81531586
81595395
81797061
164126321
549120541
81836195
81873336
136514019
397362301
82130443
82600048
919468538
829413061
84242290
189425243
84814717
86247405
86920251
87066361
87840502
87956151
88086594
286263006
749510177
130268650
88358974
983273720
88462548
88519848
89567429
89680607
89815494
89820289
89921744
90038527
90296698
94652465
326913623
90828067
91033614
91041050
91276698
91304088
124392504
92077304
628047428
92414462
234559982
837491266
484316901
141237724
92524754
441906988
93863998
94013080
456066673
94618555
94631732
96799821
454534836
96927297
309125254
254752739
97702460
235947326
97951841
98902761
99125491
99161683
986545508
99220036
99282167
99911436
99928266
100090544
100340784
216624032
922424937
100559765
100633713
101835983
101978177
102076319
102300172
102596068
261154239
102804084
305481306
103579501
430434409
103796734
409773676
103853648
103953738
104015874
167820745
527979788
104282689
105229708
856731653
105572661
105778521
685850801
105847103
106201641
273484023
106221237
107054423
107944692
107946191
840486719
459094494
108086919
690816498
108127024
109696224
109957194
415769194
109989566
110197279
598656987
110226241
110245530
110687956
110928409
111028275
111222992
111285328
336573937
658045803
798667297
112015322
112228370
112631274
113089037
702961222
113415560
824675802
113588332
114917132
115177004
487482260
752417845
115412575
115931810
674450044
116516231
457035556
116869014
117501432
669326253
222093414
118042900
460048618
118075873
118446003
118938694
621251348
119109340
979479362
119289864
555884159
275242768
119382173
119620165
119913050
119960533
120157092
120370066
792663495
120417513
120574787
976893915
121475567
121528746
831562764
121822390
405366052
121876824
121950543
460143654
122064236
122840981
123505180
123585346
123854218
936175401
124111947
124482669
808620135
124485981
648324395
597199547
423186214
124573691
124614976
832392724
124775693
125378743
130270712
125548489
974243692
125768083
125979784
126343043
126398647
126633233
681543611
126668747
126684729
993739996
128139238
128754197
128771615
129187536
130146353
432107358
884137987
131066386
954068531
640973008
131099259
356527567
131162168
648520794
131403042
131418445
131684139
131856674
593059190
132074213
132158950
132513225
958329308
132727357
371364607
132774781
489028424
133292861
133410566
604837337
133452196
134405556
214927387
134551583
135162641
135203131
267425297
135256197
135855415
136343115
136368755
136686137
149985473
137738471
138176842
138718097
289491515
138905708
139574855
139644338
961373034
139651120
139740109
147255482
139995070
140336375
140554833
141012803
309495373
141381707
141541554
141920854
703162924
142255106
142793636
143674392
143802253
143840577
184022835
482145049
144989312
210534743
145414423
145476659
174342477
340984767
145555966
146220570
540799006
146749070
146822821
146973075
147393484
147398212
147621462
147708570
147870956
239679983
787807890
148054034
149169277
149308432
443148184
149517548
311934280
150109650
151168553
151531354
151607968
458872301
328634564
199550757
152368780
152805601
153586386
635789820
155633101
155762880
155896038
155964499
156073752
156810530
158724522
158985130
159620121
160186657
160309826
160778753
160887861
161098573
980841891
317811134
351465905
185496941
161159124
161285242
162174779
164103393
386019499
164170843
164198919
749913587
164616873
495366590
290143376
495115110
602035007
164890843
165070326
165452309
166412459
167206152
420719008
941509378
167295656
167397471
167442687
169829314
635083062
679665655
669454325
170544043
170565065
517422321
971513229
171698670
556694484
172319846
172328860
363765348
172792281
173159840
173200219
173429916
174331334
389272167
174967224
674611161
175247819
816133459
176330291
176658535
865789207
450012752
177348687
177425383
600804661
178368852
240058254
179057205
528644649
179300514
522505472
990947580
181186531
181414342
700308648
181800324
188953668
182098849
182223678
182584036
182799096
641820714
182832956
182921624
183559737
185978301
183808751
183882119
186229330
875386543
184845198
184861588
185120246
186766481
186832013
664334774
188002853
188082636
188229420
188857301
318914520
756188266
189745133
190270115
190581966
348633799
191148845
191519575
693379088
451208954
526078372
671059956
192029156
192444792
192928478
266890522
193675244
982897557
194813055
415072028
195123250
195872118
195885291
342302318
474775311
196274219
687020273
312741706
690979571
196986368
197759852
197863024
353490197
198180714
198288840
198497324
455491496
407191706
198954862
582828862
981664648
199723982
200214877
415653288
200510530
200512531
713606318
201784652
201860057
202108439
202686469
202992104
203477724
203598571
203646734
203880699
204455273
204985487
412643515
969937041
205546533
205686063
207173434
207288369
207464192
207706348
592143313
238534019
208048136
408527262
208800887
213614662
982324033
674215223
980325652
214706345
214977901
215681982
712273148
918030261
216050122
217189195
218503860
219213817
219394295
446080720
219433101
219717262
220036327
220558946
220559006
846918806
220906844
221177679
221249425
221836437
299227894
285374712
491785831
766907745
223727049
223880578
224633980
224911359
225364752
225627980
225959204
226017993
888021463
226361892
226884578
227579806
227952527
228019819
228364289
228685256
229014808
229118175
229209910
685158102
230573128
230821317
294639892
232228777
588934306
232755133
232775358
233035571
694281843
234139831
234173934
234946345
926518381
235001596
956831681
653527193
434480353
235950058
236404408
500109403
237601502
237882594
238118033
549811422
238586533
238919003
239147933
240033292
348054843
294121039
240286015
240419318
241001809
241095037
867845240
241615561
241782772
241847958
242291208
242538100
242755298
243351215
243503279
279932320
261776844
944940108
828131572
436243545
285399848
315449908
244407625
469599936
245883382
247544860
869284194
248613070
669436021
500556107
699820432
249883392
479017161
251985939
253335423
253456006
255276033
431233024
256363628
430664008
257104629
258200163
259174302
443825264
259528476
991556115
259702957
260035837
260099560
289058951
260424883
730434833
261063029
420834762
767191946
261566439
263061618
263257285
263270268
264060289
264122001
264583402
570611572
682658031
388779516
772544781
266589183
267001883
267355710
267709516
268512720
268825961
270693739
270892359
271229835
271464418
271553281
271777911
272807864
765644792
273310665
274569057
373097179
274816494
883254723
275259182
275534561
275693662
276472779
318998590
774720604
687852018
361077724
276778997
857017614
277138284
277519293
277699063
278177396
915645526
781129563
278934422
280189305
687167702
280519837
730903030
281567837
421701588
331443718
282219728
282796455
283609130
283757250
964637270
284537055
364691176
322352193
286584950
286654276
286858319
287155646
287256189
287640752
287652098
288717988
288985245
289048529
561888319
816434232
975841943
289202708
289974818
290203283
878799501
291144079
291240646
291661291
292042695
292163501
292208447
293005470
294042506
294445668
793855781
294652062
294859755
294997904
500142200
295529357
296259552
296381885
296425049
296872971
296980577
297008431
297673142
298084874
980581182
298238232
782271853
299049605
299490925
299615190
300718495
642109508
301242221
301643529
468998937
992510566
302461698
303464098
303898712
304115400
487106940
304551762
305212714
603669597
305814758
934183650
459986772
307376765
307627630
307820702
308590030
514125133
419296419
309025028
681155333
309385833
310294779
311775576
314072874
314318042
315578137
315960708
316969335
317054084
695369690
318510812
318712255
318780126
318966307
319030863
320149863
321498923
321836977
946286091
323347917
324099090
325017534
325657313
325771399
325819799
326086306
326115694
327403577
328459167
329262739
330037705
702158172
330285705
330312887
330556266
331128221
331136745
331339470
331779999
370113847
331875110
574568434
331912905
331942987
332052793
332099473
465400560
604849791
332453379
333334602
333398110
333970257
334274335
334429138
334445566
529443687
334490769
522100336
606533602
336138126
336537389
336683326
952755322
359733024
337360877
338354333
338362021
338443581
338557633
455156918
339087951
339813002
340406061
947475827
341196628
341421644
342057035
342347597
971002386
342626491
342787929
343233070
343245808
343287919
992513302
344259728
344658495
344719996
345477713
346215417
346476006
347316894
347680482
348718625
349020776
648517918
366770099
349736682
349772763
349818196
601835878
350564183
351185724
351405622
897955736
798465654
646629652
352924711
353380096
353823190
354851929
641767568
812353515
355291712
355809239
706696427
417114437
356682489
357015428
426784398
794824079
470445874
567469992
995910889
357340330
358833529
358926314
359219460
966430190
551961656
359255752
636425066
447372067
359258415
359672322
360848704
940440586
361034796
619344968
361283793
362108758
362512663
366841513
948804188
364777734
364894451
365661557
366575326
658445703
917391964
718965535
554058754
367208323
367331644
714101150
462825013
368599492
369354789
370054041
370377602
418614862
370805079
750081201
370908430
371109961
371216485
650915852
371679007
815331532
541183339
371913546
372615093
372796204
898904926
498132194
373331331
796406879
374740082
375311678
377095075
377468699
377480376
622231962
459234474
378455505
378631388
378873627
379608779
841212141
395611132
379631192
380936284
381048131
879997239
381252047
382301932
382482276
858675871
956163372
382973817
383909798
384662187
385150654
385420268
385584829
385787522
387497785
387820366
388056053
388120903
665874196
388681784
389484030
389736932
390065546
390427317
391641740
392006098
392547167
393693304
394253071
712380001
394468920
397597691
703752105
398585669
398955756
399353644
399721859
399798811
756504844
399920637
402050121
402334582
602130714
403831070
404026472
404167555
404994803
454901927
405563682
405720102
406558596
406631967
407347017
407805246
408106684
781831860
409283112
409443025
409484654
880668871
410805588
510318340
412686101
414658002
415647908
415656544
416747683
417166437
417268071
417534358
418610198
418655047
418990191
593535309
428481016
419563292
701870162
420414111
422929767
423045472
859331219
423212975
423674175
424721140
425064853
426022982
862909927
983241230
924840054
664502082
818590123
429085296
429268300
527044278
507696119
496205803
430702364
723924821
430898664
915348022
431965391
432103599
857466288
432728386
432748811
433867449
434141756
434165639
434218088
435186743
830402149
814208582
651261576
482797724
435713682
436630260
437536264
437795110
633443322
438103831
770669277
439559102
440287356
509645698
440587416
440731345
441103324
441705531
998657070
489183617
548612290
442535989
442583236
443310485
443683839
443971128
592079820
444649768
927110614
542260291
833455385
445920023
570605202
447282582
447355425
534413407
447490864
448271400
448537671
492274644
449730425
479768786
729028994
450846923
451371179
451497333
451860703
452702619
452799973
452831370
453104288
610976358
453544871
454250130
454674914
454838719
455488705
455702076
456356309
576037596
