3000
999984094
999008539
998684594
998555547
997952911
997901473
997572803
997305638
996787677
996777595
995959680
995482748
994882633
994358841
994226841
994118619
993831755
993716633
993649279
993560698
993349517
993335109
993034858
992782648
992328514
991955315
991622240
991330281
991275702
990477582
990209358
990191539
990054679
989959026
989564919
989336568
988935003
988764843
988368247
988311622
988193828
987859299
987723067
987390221
987092307
985858560
985433146
985424377
985150244
984233469
984220345
984199758
983975654
983926250
983876653
983834390
983366178
983060707
982813735
982734005
981982785
981626912
980890529
980539922
980507678
980487557
980268784
980168654
979631224
979141804
978602386
978125818
978042757
978004251
977598161
977548993
977408884
976770440
975950659
975537746
974376351
974366428
973856197
973030450
972372589
972180967
971771803
971562361
971406626
971107353
970844996
970312348
969909362
969179406
968734008
968681709
968416916
968188154
967977374
967303934
967038484
966868125
966123622
965843795
965750026
965329730
965041580
964645729
964420556
964381951
963568697
963563265
963310582
963116129
963025836
962358170
961928617
961616345
961367861
959725416
959526595
959202086
959058164
958587236
958572865
958467599
958107339
958013319
957358563
957248076
957207721
956999480
956055208
954798891
954622667
954510067
954096712
953868313
953607823
952834485
951928392
951782180
950422424
949654985
949608503
949233024
949195622
948871992
948540543
948145233
947473772
945993128
945708820
945350760
944945277
944211161
943789947
943314793
942624661
942612441
941688419
941208011
940790769
940606756
940129361
940054321
939827008
939531875
939275591
938939389
938800522
938275414
937823140
937360317
937212925
936910467
936893207
936812553
936185397
936067581
934670818
934655624
934638032
934468451
934449938
934198171
934002237
933715628
932984484
932401301
932013844
931872563
931534900
931476589
931145938
930421677
929892312
928961611
928555176
928533272
927950166
927907710
927625301
927406651
927328347
926493630
925834979
924740954
924402105
924343853
924289929
923922234
923825548
923669857
923589541
923094853
922970311
922791914
922785932
922423003
922171328
920944980
920514180
920328025
919365692
919245627
919197348
918785345
918700783
918364454
917486853
917477989
917384693
917138680
917136459
916764786
916760110
916672251
916030561
916025092
915828418
914225072
913359084
912902301
912749807
912610879
912406716
912314668
912184448
912101256
911917704
910876242
910522440
909456450
909425425
908756554
908067621
907683113
907567823
907475260
907036344
906656943
906560723
906439619
906240986
906194209
905462252
904883751
904735084
904338385
903935745
903872805
903411777
902177669
902127687
901228260
901152958
900676072
900618999
900359965
899394678
898474388
898310771
896366912
896115180
896102337
896047042
895811281
894728562
894704669
894594370
893449908
892977990
891822966
891461457
891064811
890735166
890363148
890062311
889690120
889187539
889077433
889065437
888853672
888830051
887966273
887054055
887044832
886786224
886714220
886614896
885706273
884880674
884528152
884184111
883570074
882897354
882675365
882610619
882426024
881382331
880966640
880777852
880556162
880327890
880282970
880006758
878782354
878684647
878585223
877166808
876159031
875838392
875721393
875571317
875295847
875090542
875026938
874674780
874637183
873778598
873017397
871737062
870381944
870006820
869622516
869464549
868434239
868048044
867445664
867027681
866426927
866111814
864999008
864875913
864396851
864352350
864190869
863777483
863145011
862781099
862725020
862647005
861127413
860861630
860368803
859894236
859468150
859374429
859289836
859279457
858919617
858691761
858074790
856879848
856416686
856019124
855838259
855817909
855636064
855320776
855287284
855247561
855171551
854626830
854427052
854239690
853393217
853001038
851991490
851055547
850412604
850310588
850232010
850125422
849746326
849309409
849259673
849027513
848964653
848372001
848349835
847987646
847256192
847182902
847083341
847011846
846981878
846915598
846516261
845958628
845636644
845583841
845458197
845302579
845042442
844595471
843929437
843806011
843654847
843086039
842752303
842008558
841448016
841336524
841272180
841121970
840714084
840711802
840086369
839464668
839329843
839153496
839113038
838717257
838562987
837424107
837298065
836689002
836661051
836587968
835838586
835663722
835532119
835316492
834358891
834241623
833966128
833836856
833820135
832882332
832765959
831994381
831739263
831467730
831309132
830602122
830576168
830477581
829746674
829712766
829431490
829355626
828441128
828342633
828081814
827597876
827328057
826613597
826566430
826526220
826469235
826285059
826225815
825854859
825102931
824369424
824364542
824337015
823986669
823821077
823343346
823184644
822985604
822581929
822026003
821570193
821294644
821114440
821008398
820289575
820228284
819976373
819860173
819420701
818826111
818264985
817536328
817338634
816905243
816448863
816431584
816382453
816236174
815626536
815203193
814274706
814244335
813700803
813638803
813622235
812952130
812339936
811898211
811600951
811478365
811476449
811019318
810753002
810700278
810469886
810234705
810152285
809305143
808710817
808486549
807630818
807444018
807137173
807090169
806570403
806391387
805407968
805368814
804599221
804556775
804474279
804249301
804106579
804060519
804050256
803387051
802706382
802561972
802554533
802237887
801967787
801749133
800883913
800379656
800165188
799820988
799803973
799107154
798810988
798603208
797898579
797821863
797537245
797305171
797005233
796825461
796733877
796258724
795963611
795190768
794985256
794953552
794619098
793495726
792325246
791933593
791892887
791876525
791814147
791787699
791706975
791638666
791453690
791357061
791313585
790952569
790549395
789969870
789697174
789098805
788782420
787748213
787145564
787118635
787117481
786670762
786041169
785911166
785207266
784536975
784111758
783912370
783586091
782821706
782577605
782160113
780997945
780899973
780606350
779788873
778995250
778802770
778786142
778710297
777604843
776975895
776794008
776688235
776611770
776551408
774980458
774964713
774441923
774154538
774047620
773912150
773902021
773439360
773391164
773318811
773254410
772835818
772697313
771828159
770759097
770560053
769228137
769128053
768866158
768682868
767394564
767050629
767041203
767009144
766815269
766508005
766431107
766108721
765767863
765743420
765609517
765523382
765308256
765182880
765142932
763243527
762717618
762712849
762428350
762363312
762262938
762185670
761294056
760843187
760680379
760669310
760317851
759570112
759406926
758631957
758507644
758277081
757800298
757614248
757278415
757001282
756679061
756242099
756143705
756025411
755040291
754763790
754059690
753016356
752726092
750775409
750592988
750419777
750321993
750214608
749845101
749474888
749191782
749000881
748650034
748590668
748528791
748199578
748164465
748068555
747630430
747605459
747502055
747469953
746967862
746786294
746778893
746140870
745899385
745757085
745366814
744894401
744867215
744718049
744522808
743333769
743128308
743117836
743112267
742651144
741836848
741528865
741310589
741021163
740978450
740636177
740161571
739870307
739538993
739092726
738840377
738377670
738114564
738058883
737706680
737319441
735906111
735593147
735249686
734741823
734437129
733952901
733525697
733222537
733058049
732657430
732376990
731098039
730382118
730273387
729650173
729331790
729260659
729034872
728281694
728037424
727928308
727763822
726942590
726631997
726116066
725855085
725785012
724600736
724437970
724024583
723958355
723085045
722845528
722708336
722587249
721810007
721748776
721401903
721183604
721150467
720522336
720208835
720154855
719393779
719096282
718822475
718619029
718282956
718061732
717944990
717438867
717105925
717021501
716918420
716889368
716577802
716204265
715520722
715393501
714556655
714554084
713892899
713724303
713691511
713425278
713338059
712985585
712226741
712152301
712031177
711719185
711619282
711397406
711143442
711042700
709757991
709706897
709099724
708802627
708615626
708560086
707868968
706784752
706726296
706391730
706313059
705538862
705484431
705166386
704923530
704814823
704620148
704380835
704374335
704367723
704360000
704173019
704005767
702424908
702046729
701991979
701474402
701466493
699857357
699204395
699097003
698802339
698265457
698226783
697995363
697535591
697528567
697334172
696934115
696929780
696913013
695351125
695276051
695047148
694101388
693314566
693186425
692819099
692150555
691726413
691699343
690826678
689423562
689120692
688937363
688822644
688619265
688410280
687472630
687422492
687333244
686817220
686314088
686297925
685231083
684844938
684676710
684502668
684500188
683664308
683240975
683210276
682886690
682511923
682073909
681939166
681917793
681886911
681695781
681690445
680557829
680295995
680025617
679978493
679938362
679934413
679640887
679607613
679527509
679397441
678307582
678290370
677984291
677352824
677114369
677068268
676778669
676774124
676745329
676451186
674785283
674772156
674768534
674515009
674478802
673768577
672588133
672135709
671977597
671767390
671267724
671186886
670796272
670345661
670104928
669575955
669478531
669260432
668761916
667750849
667727845
667381469
667263825
666643766
665477226
664101396
663855581
663460553
663356088
662186029
661994777
661958529
661804865
661791933
661112882
661079862
660930629
660906477
660845216
660666642
660425167
660247620
660244567
659867924
659781901
659535451
659465796
658981022
658784092
658685684
658596387
658539778
657335706
657288563
656821458
656034533
655470424
655382623
654694145
654670634
654660659
653827592
653651895
653633871
652539948
652418065
652334308
651759911
651572588
650796357
650760469
650563511
650025180
649352042
647648001
646966249
646931818
645893472
645555781
645315013
645082575
644699734
643977889
643852839
643068013
643009523
641929254
641822295
641685421
641669385
641652012
641505377
641426860
641189258
641034977
639638698
639223954
639065461
638482897
637897449
637742394
637067306
637058221
636764915
636162293
636002119
635849462
635803402
634929519
634647945
634590564
634468687
633898608
633816502
633556032
632089735
631940800
631905605
631363264
631162750
631148496
631000887
630780100
630520854
629424267
629303331
628835743
628608502
627177596
626577467
626246645
626059809
625849163
625673470
625481351
625247604
624962917
624769023
623653004
622903536
621925921
621794454
621695643
621447894
621415545
621137069
620636534
620137947
619802486
619494869
617770457
616539680
616248302
616175918
616112588
616083736
615970084
615519651
615157052
614719567
614660802
614498374
614470866
614066811
613846486
613719420
613348921
613281612
613224370
612352846
611924758
611912045
611483670
611386702
610693535
610640710
610422555
609942632
609484952
609227864
608909154
608184794
608080729
607857563
607761833
607551464
606025583
605912805
605844645
605018738
605013411
604973880
604870700
604814228
604790771
604157215
604155229
603980763
603744956
603397976
602442544
602378299
602320856
602058688
601790938
601539232
601045136
600572761
600510321
599662397
599491726
598820534
598367903
598351354
598292338
597673283
597667395
597543258
596533899
596532588
596402634
596012122
595866129
595448214
595117287
595029525
594835483
594505622
594095669
593758627
593751647
593671867
593648040
593528409
592937584
592756699
592578354
592548125
592510510
592279030
592206569
591853069
591593611
591542221
591517377
591423963
590914627
589980372
589742126
589628907
589626622
589306092
589061688
588560727
587722682
587406429
586059089
585944630
585430927
585244967
584635593
584562727
584274065
584148709
582883351
582710607
582148607
581763799
581547083
581481380
581134126
580987704
580978553
580920180
580754444
580598306
580415900
580315916
578729968
578101685
577643977
576044171
575610697
575518483
575373429
574547201
574227940
574144290
573373594
572927936
572549999
571684171
571611532
571403394
571252893
570708101
570220230
569915358
569742713
569529049
569146913
568555121
568080085
567804987
567767825
567537581
567479398
567327071
567314152
567266632
566620919
566401512
566208879
565833821
565195407
564688408
564113406
564070591
564051407
564006434
563689741
563685027
563545683
563096374
562145946
561408234
561400710
561344738
560568412
560074592
559853046
559452525
559224170
558869900
558386188
557218847
557178214
556798374
556616137
556458006
556444241
555308345
555122677
555095606
554651646
554325937
554134180
554107098
553324653
553311616
553167888
552784080
552207669
551130157
550607299
550344260
549737259
549237413
549216627
548909391
548299663
548201783
547958357
547860789
547847665
547171596
546947389
546740060
546659338
546436515
546263958
546236847
545979515
545744258
545665838
544682461
544579224
544052332
543888888
542818269
542352344
542181620
541514863
541288404
541235642
541209257
540209231
539570367
538766697
538413728
538377834
538322744
537979753
537474192
537153003
536777934
536581633
536467959
535547177
535302293
534970345
534255284
533891596
533376931
533317815
533134478
532900474
532516221
532462935
531898010
531669336
531618079
531264365
531087523
529579430
529092710
528295865
527313748
527109190
527016178
526447147
526445892
526128891
525960435
525181580
525142794
522904531
522327145
522166002
522165548
522000864
521830078
521743464
521655337
520827315
520674283
520304367
520240219
520198183
520165094
519875832
519597970
519592542
519485917
519461811
519135556
519112465
519067614
519056227
518770180
518404687
518086830
517968699
517468237
517063416
516874145
516758535
516721464
516316925
515440322
515427365
514779325
514321513
514119628
513006076
512717653
512563182
512267113
511477782
511126084
511113352
510880881
510596510
509732934
509567645
509267959
508783419
508621137
508310239
507290721
507109826
507065297
506982144
506642143
506507911
505873714
505128547
505042419
505008627
504356221
503969325
503781959
503235997
502917426
502847977
502500198
501934556
501695942
500561711
500133338
500096925
500045302
499887321
498886349
498404902
498402576
497822072
495400310
495328242
494709545
494466416
494306775
493834276
493806655
493262915
492687236
492502631
492038506
491653273
491485990
491438885
491003457
489898990
489889819
489275687
489253592
489156764
489010864
488576554
488480504
487642029
487563588
487187221
487010455
486875711
486381459
486306654
485580077
485405851
484741100
484102296
483937492
483841606
483480364
483292416
483217709
482360115
482188381
481244828
481201530
481130192
481097055
481095699
480241015
479048708
478991096
478423239
478282468
478272504
477971625
477316833
477177177
477075368
476673110
476355622
476049905
476047191
475970717
474953283
474877076
474692782
474517099
474076023
472678677
471745014
471678474
471351276
310382218
470319441
470226512
469454757
469232282
469226300
469159174
468857710
468186819
467928080
467655448
467349837
467127197
466969348
466944323
466751095
466701260
466087529
466035367
465813566
464851716
464673954
464354237
464151677
463861201
463804306
462970389
462609129
461721858
461710005
460363708
460037525
459955928
459657623
459520077
459405130
458784045
457206178
457199358
456330369
456208752
456162464
455561736
455101579
455031292
454557102
454472218
454127008
453542079
452535508
451918463
451878641
451062519
450833178
450728015
450158818
450137017
448873620
448591634
448535360
448045806
448023922
448020830
447720430
447601162
447196069
447127375
446922879
446799205
446541937
445957111
445843336
445607654
444923586
444896034
444883308
444025958
443736454
443719834
442383901
442354615
441336429
440662216
440662214
440576139
440444258
440209798
440080025
440011960
439717418
439696227
438959080
437970608
437798650
437604977
437561119
437469141
436452382
436315527
436199684
436048532
435157263
434805985
434567377
434232259
433795525
433199657
433154561
432594291
432484850
432031531
431739904
431349850
430526001
429759528
429460664
429425097
428758508
427886510
427367642
427312480
427200358
426574170
425472835
424510686
424082642
423766812
423505810
423092572
422876775
422675832
421166055
420931173
420835803
420702523
420588481
420130587
419284196
418979089
418947862
418676737
418210547
417517343
417166043
416434493
416254581
415528122
415389108
415049028
415033173
414915182
414195033
413409049
413173406
410893219
410474695
409872000
409848359
409699359
409594008
409338952
408823558
408481937
408330678
407742888
407724765
407452875
406958417
406846835
406674416
406364453
405409223
405118181
404402305
404391049
404026489
403881212
403374778
403245641
403180157
402211149
401860785
401634525
401448865
401438983
401354199
400800913
400396345
399913716
399114940
398856777
398393720
398378017
398156255
398101662
397536804
397472725
397423174
397134009
396709201
396685559
396090446
395666183
395313371
395273509
394343073
393681346
393505814
393275363
393194703
392997145
392816254
392530844
391747234
391539831
391328841
390927525
390746715
390533921
390528376
390422829
389429100
389280919
389121462
388915818
388881967
388356637
388062216
387869235
386969931
386904718
386221679
385779271
385241422
384709200
384329134
381470394
381025424
380679197
380368489
379904525
379712346
379683251
379571599
379438696
379413430
379398473
379121322
378899824
378650756
378255169
377890062
377361336
377098026
376909927
376729794
376690588
376346605
375860086
375269468
374380927
374268981
374226191
372944047
372350006
372143782
372115955
371665029
371430410
371206300
370991051
370492588
369936478
368860919
368781452
368032512
367853841
367790300
367653654
367228314
366710879
366314448
366008918
365931777
365433623
365393903
365237827
365209294
365177005
364729772
364590421
363870445
362989985
362823430
362516965
362497780
362146432
361147473
360790394
360313803
359456015
358639819
358503744
358413165
357947629
357869693
357810290
357273561
357106388
356646872
356483949
355197717
353914745
353912132
353778038
353646254
353569408
351665721
351088395
351070769
350720623
349856441
349647828
349205353
348323107
348090982
347864085
347720852
347054840
347038418
346868556
346855756
346481359
346017127
345993401
345707599
345507024
345478540
345409669
345388488
345249540
345159830
345143514
344538890
343986763
343196065
343087611
342921153
341855413
341244047
341100415
340492330
340473494
340391172
340221870
340082763
339731381
339365517
338354482
338336209
337798029
337756068
337561386
337281684
336837800
336796185
336548619
336501632
335995028
335050968
334988124
333886598
333423989
332490428
332306117
332213042
332102908
331260635
331037029
330401637
329411843
329302472
329086751
328859628
328243064
328035891
327660813
326979034
326538726
326153295
325792232
325718931
325225131
324137818
324087694
323857835
323775161
323273975
322719817
322513575
322495394
322352268
321580563
321471736
321054422
320174313
320088188
320008730
319460708
319077316
318786445
318412579
318270825
318151067
318119909
317912019
317789378
317735425
317122938
316978774
316513441
316305226
316066208
315801256
315217290
314839840
314408419
313972090
313861222
313188143
313179973
312778559
312207524
311953388
311840470
311648921
310696492
310544003
470682585
310062741
308261282
308001714
307797060
307384439
306990513
306785729
306437244
305936441
305296828
304606878
304541668
304292608
304081025
303709190
303165309
302878891
302725115
302247520
301906710
301481490
301299400
301177903
300675161
300301628
299565412
299064161
298608117
298436652
298340803
297927187
297886264
297279344
296808600
295690503
295068046
295049983
294972518
294850422
294766990
293854567
293823041
293767100
292774703
292306510
291725946
291127258
291046921
290075462
289945545
289454860
289112024
288642390
288410843
288259000
288154475
287876061
287856626
287307761
287192244
286685267
286630592
286347751
286079729
282976888
282505837
282307112
281667594
281615286
280772944
280718137
280438550
277095731
276853536
276595344
276345053
275938541
275551485
275198225
275008429
274890005
274408341
274304685
273982084
273652910
273304062
273151227
272586882
272305447
271794727
271531402
271508999
271029257
270820817
220636306
270509603
270429804
270114878
270089716
270043170
269957302
269705516
269277202
269253526
269201173
268881389
267640704
267468167
266846669
266827303
266819532
266465418
265943671
264968810
264934249
264812352
264237724
264210830
264021686
263946633
263608989
263393407
263265407
263239431
262401090
261708176
261608665
261293737
261213555
261103360
261019094
260536164
260460574
260420894
260405658
260364794
259848317
259698775
259674657
259586912
259396352
259234974
259234792
259127093
258961559
258367809
258046754
257742667
257542617
257200050
256781875
256489642
256421271
256345305
255737214
255365717
254454219
253546425
253075533
252484982
251639393
250789052
250456843
250243304
249032189
248666791
248595977
248307901
248217632
248042095
247820811
247601582
246882327
246675543
246574825
246292103
245982348
245611257
245456048
244990678
244947774
244776669
244169447
243763355
243747983
243629877
242955620
242690358
241498275
240966487
240695154
240550717
240053413
239688968
239680778
239248277
239083090
238288627
237709125
237016221
236411667
236303013
235992319
235533904
235195237
234940015
234877187
234600785
234297892
234272040
233609350
233191296
232922745
232730858
232549296
232342201
232075315
232044936
231846824
231739556
231649756
230904463
230851768
229897611
229709794
229458571
229124278
229095429
228565597
228481018
228050818
225834853
225631628
224879953
224372678
223576810
223144528
223034018
222799626
222359523
221548977
221226221
221144850
220970566
220854583
270584870
220090239
219876222
219648548
219481173
218602589
218327884
217489587
217330990
217051917
216849338
216584190
216097958
215911980
215893637
215782290
215146757
214978799
213754340
213666175
213486544
213352077
212820695
212525679
212313512
212253096
212183831
211565014
211560231
210738238
210379639
210101246
209889913
208305721
208043403
207645448
207370438
206437870
206310539
206071041
205772303
205557007
205174674
204573576
204523167
204230936
203524259
203434374
203339052
202882173
202307161
201320161
200730244
200493092
199594488
199505285
198934166
198154110
197959970
197524103
197392192
197005755
196613963
196396635
196000871
195922576
195582679
195020055
194455568
193807662
193745690
193646654
193580813
192444993
192062735
191898849
191455619
190912657
190103758
190042253
190028879
189624959
189233129
189032930
188580921
188361299
187980704
187145406
186285078
186052976
185806621
185796239
185484593
185439407
185152925
185085072
184987102
184821833
184744731
184500732
184172949
184130479
183528455
182842737
182806797
181957349
181416464
181374674
181316046
180668125
180012351
179458178
179139442
178794640
178783905
178466230
178445307
176588525
175373750
175006572
174951283
174301406
173793953
173642917
173602372
173560446
173549322
173430445
173076718
172589286
172226334
171850890
171195472
170897658
170885062
170471576
169366120
169278412
169239572
168149846
168019575
167700508
167662330
166290893
165357491
165295994
165266889
165065021
165024655
164913359
164469904
164430433
164094534
162907939
162907730
162886150
162744285
162345919
162125295
161830038
161773529
161736317
161724525
161620927
161497928
161382480
161355368
161208717
160992755
159890643
159787433
159692469
159671920
159599391
158780328
158549354
157219787
157056201
157015571
156688205
156038158
154479856
154274410
154185941
154036597
153904426
153730495
152359048
151884152
151685369
151636477
151578945
150280756
150246655
149957147
149917593
149348019
148771824
148326819
147983248
147713749
147499812
147370616
147232386
147181296
147053449
146889197
146652275
146404106
146282132
146005103
145540446
145074443
144567264
144440433
144223976
143844191
143638787
143597788
143521392
143195445
142369797
142105454
141961969
141921607
141858441
141854846
141177872
141019892
140964568
140814453
140784667
140682432
140360589
140352161
139803870
139801473
139559906
139165118
138699157
138687002
138670019
138376210
137852171
137695929
137647341
137496892
136763182
136757910
136709035
135655082
135613702
135609842
135572952
135273267
135264832
135185807
135058962
135028166
134792995
134325515
134289528
134140245
133991360
133922958
133649145
133518421
133321465
133101128
133055565
132923625
132048769
131774741
131760523
131451610
130732951
130506882
130496175
129875320
129753741
129617629
129314118
129067137
128840671
128754742
128590145
128495439
127338435
127313275
126469986
126469544
126446107
126361915
126333411
126234441
126154113
125763651
125336079
125310157
124505692
124357760
124216414
124032399
123733471
123647147
123518313
122895162
122885470
122699907
122615992
122364332
122313224
122206352
122018379
121859019
121140011
119988590
118591667
118415532
118300645
118083179
116869124
116540127
116410083
116379748
116300061
116238589
116149157
115584657
115537180
115411156
115136548
115032577
114614629
113771299
113623726
113075921
112924358
112313817
112236030
112208834
111621763
111410784
111150987
110868433
110675827
110539141
109767647
109265903
109203936
108859382
108853621
108766678
108678072
108673340
108441334
108040075
107757795
107628340
107478689
106365811
106293780
106274432
106037135
105904082
105871690
105629241
105376859
105321814
105141934
104896674
104890056
104837652
104507582
104297481
104284792
104091327
103246740
103137876
103047737
102799480
102681488
102522056
101811613
101550272
101464366
101282654
101272569
101162752
101021820
100937734
100882219
100752379
100459294
100420876
100415119
99883099
99866734
99293409
99281886
98968696
98493875
98262412
97495253
97207306
96901616
96618830
96572317
95883259
95860833
95120395
94148630
94128859
93770385
93414004
92900296
92633675
92612691
92140616
91491384
91361551
91139348
90811196
90774880
90470373
90404412
90385323
90331412
90293027
90208080
90193630
90186845
89997376
89962044
89810623
89443956
89307265
88540442
88059724
87870372
87767059
87542010
87502362
87443017
87434492
87314485
86976880
86880857
86834466
86728475
86713817
86225475
86101894
85761485
85347345
85076850
85030569
84852153
84746127
84626622
84456949
84429867
84301422
84249545
84221452
83817329
83633915
83422119
82995394
82742183
82550903
82428531
82202895
81997226
81872991
81665893
81569366
80722728
80680360
80176186
80081178
79789425
79287085
78917725
78890206
78728285
78550312
78403633
78002675
77916742
77311048
77189105
77076162
76849041
76826647
76418707
76277514
76085953
75726344
75140915
74717795
74693313
74671766
73942249
73897175
73420062
72715925
72694557
72609596
72468642
72278324
72158986
72040516
71956182
71591830
71175503
70722314
70575836
70046107
69911633
69775394
69636369
69283558
69065592
68719324
68495535
68357376
68235726
67983702
67466716
67349330
67266675
67152683
66961387
66663192
66605382
66571533
66269177
66014369
65920060
65858979
65828872
65733455
65712807
65559668
65100068
65074979
64438404
64315219
63730583
63655148
62917428
62804865
62765079
62562048
62531215
62247511
62027888
61847535
61644318
61556605
61542019
61089009
60954137
60906897
60849094
60733968
60659540
59224638
58663904
58516450
58452980
58271458
58251270
57878790
57430497
57383024
57279752
56924890
56855490
56540271
56285026
55672823
55653973
55485513
55419958
54740826
54396561
54290550
54140562
54137841
53905676
53440329
53362361
53240350
52839985
52834359
52463287
52460499
52274452
51847206
51840418
51762733
51523359
51195414
51145952
50987348
50919729
50363886
50057276
49439720
49349060
48852460
48745039
47986248
47778331
47748047
47496784
47495910
47226360
47068764
46948754
46525148
46384331
45867972
45838214
45690881
45648189
45419662
44947725
44499907
44479494
44164595
44128932
43738346
43711280
43298403
43122911
43118806
42770745
42573117
41848850
41215042
40930373
40624958
40606777
39960507
39836634
39676423
39648748
39455560
39373768
39181518
38581426
38247529
38130135
38122610
38065384
37860964
37757295
37566205
37285283
37227174
36743843
35649077
35189836
35140296
35018925
34628836
34567809
34452974
34315210
34298438
34111523
33764606
33479775
33432740
33410483
33075928
32941326
32932343
32921214
32672031
32401746
32322759
32231048
32080107
31814963
31748391
31251920
31220066
31039596
31001860
30945752
30936412
30861457
30544526
30392327
28678599
28602751
28503113
28216005
28188160
28013876
27965572
27943938
27456286
27352473
27271823
27032987
26753427
26296626
26234295
25709989
25556032
25384612
25197417
24904091
24771692
24679139
24066921
23999441
23808842
23721955
22664930
21894125
21804524
21618539
21483519
21315913
21313465
21233186
20878512
20800149
20783666
20635829
20401022
20275616
20238933
19752095
19436831
19268112
18977635
18931809
18844683
18812583
18790216
18459655
18080560
18038937
17354665
16726302
16021719
15974774
15825763
15755546
15665788
15645730
15583570
15424323
15269572
15150260
15117741
15037227
14899004
14892205
14761218
14374956
13994382
13867159
13610750
13244655
13038989
13024672
12345781
12267088
11967851
11913031
11727145
11526215
11429772
11004729
10912954
10865477
10772089
10590174
10570578
10120208
9453339
9439366
8921975
8899945
8125398
7752595
7477229
7426194
7281955
6897727
6727953
6725276
6436164
6325935
5848624
5827366
5676440
5655873
5565487
5517791
5471878
5401216
4595046
3944975
3811569
3598469
3073352
2931153
2448383
1844591
1839646
1611995
1170481
1070620
1056216
1020030
976206
942776
783459
467707
447234
183913
113441
22903
