3000
593661208
593724420
594088974
595203108
595377296
413386535
595516693
595865419
596141156
596519717
596689980
597522409
597530499
597601483
597641530
597687532
598053738
598723059
599088203
599693273
600476064
600599438
600635670
600969265
601002089
601174820
601687555
601787191
601832493
601956485
602190257
602544376
602841159
603120327
603325192
603450769
603558406
603781830
603813608
604788988
604891615
605651387
366038412
563038691
235025159
605830939
606399051
606519310
606900192
607953008
608068704
608353549
608496371
608868026
80113520
609720320
610486676
610723875
610867271
611211472
612617948
612799593
82805614
613404519
613425762
615021380
615207482
615786233
616100509
10025733
616225421
616449757
617179733
376687884
617408875
617433828
617721974
617994212
618391899
618393467
618411778
618526834
619270186
619334854
620220736
215330913
620947576
503326716
621639673
623007621
623486600
623679067
349780981
623982218
573301813
624046487
624118954
624398625
624959073
625837354
327234173
626048637
626467674
626681976
626744763
627828641
627951743
629093522
423328650
629254525
629617465
630855443
630967371
631257865
631377798
631758303
631939911
633473079
633574894
633678915
634043727
634119694
634849574
635172391
635827466
635885759
343920022
636405738
636411963
636604778
637036087
637226987
637312014
637680236
577576405
638797160
638941421
638948352
639050219
639340651
639585851
640127809
640353694
640456971
641496446
474314750
642323965
642415715
642528290
643269131
643297628
643396870
267150134
643715286
644484943
644528815
644861216
644863856
644936059
645346720
645975062
645997966
646933218
647312216
518385759
647624526
648232155
648432611
648575358
648906332
649111399
649592873
27039250
649632940
649731228
650631290
650709714
651144461
652892653
653131892
653133137
217061694
591424603
653765103
654190541
654243351
654391698
655227121
655349162
655556357
656850722
657048955
657076823
339514339
657170163
658117183
658801401
658896199
659733384
660181438
383503608
660990593
661324827
661393818
661639520
662269630
662732352
662868392
663089612
663128506
663533953
663626507
664179299
664484620
664802597
666412801
666456621
666852105
666876843
666983202
667641917
667849569
668143287
668418786
668695220
670085251
670519167
670941998
671244728
671339185
671926593
672005266
672517487
672608096
673789377
99950080
674154623
674763724
459544556
675038876
675212803
675544459
675766222
675931381
675947611
676280113
676732922
677453968
677494415
677767539
677947315
678344432
678583176
678900348
679739240
680790276
681249481
681934752
683067598
683233553
683390699
684054252
514046845
684117050
684292487
684401105
684432730
684705947
685586207
687187008
687450982
549190137
687861668
689066602
689279789
689798678
690535812
690750332
691305124
691471291
692008609
692067002
692183402
264798316
693012117
693945177
694018849
694405652
694829799
696565772
696980198
697148687
697260121
126737010
697972685
698179566
698363060
181153796
699548582
699685957
699708366
701132097
701402102
701837112
701904222
702009695
702294570
702474267
703139576
704517595
704594486
705319113
705372628
705605969
706109101
706355334
706440407
706638215
706920559
706959545
141535523
706968093
707097202
707126317
707220728
708940798
710155712
44750816
710531896
710619507
711744557
712514889
712594226
367295238
712647964
67906200
553310425
712949794
713277658
393391237
713706487
714095443
715256688
715307251
715335594
716286293
716471514
716534095
716983306
717797369
718225876
718243140
719550343
719688067
420001946
719955089
720098593
720640207
720911968
722130406
722769055
722804493
723267740
723732220
723969672
725264162
726298609
726867957
726878921
727409035
729154501
729191791
729273954
729916285
730151877
730280899
730580689
731289341
731417329
731437767
76161385
731589303
731636741
732104924
732338751
732538805
733827566
734315418
734847967
735434217
735452681
736204162
736605977
737291716
737489271
327504296
738085055
738147719
738405475
739866737
739875803
739895428
739945573
570356975
740756864
741146935
742219516
742345374
742712563
743412896
743842473
744089618
744090210
744995983
745903889
746567385
747067633
747951857
748771829
748789242
749050037
749370681
750572862
277779520
751003428
751450230
752425352
752436314
752493295
753492513
753744099
753977742
754053116
754268964
754847769
754942120
755151006
755762654
756019057
756283152
318878043
756333306
756815622
104916112
757191009
757475574
89334140
757481983
757489741
757563186
757703757
229695081
758210106
761578958
762355725
518058757
762461264
762779264
762897317
763066245
763766628
763812927
763968571
764249554
764743335
764822454
765602908
125141924
765843480
766105156
766317995
766683007
767602863
768122497
768743731
769152291
769225889
769490865
770954776
771744262
771977678
772099611
773086963
773425366
773605929
675718702
773620274
774707345
250633391
690354902
774869284
775280938
775766068
775998832
776020401
339886419
776584126
777081189
778315556
778709702
778867820
779314267
779461424
779777437
780029534
780107214
780737780
780825900
780862078
781338481
781419475
781486867
781698512
781997316
783747574
783763555
784502054
785549828
785608690
785633763
786013976
786639308
786691595
786862316
787077391
787436957
411860764
788520343
790009158
790713450
790806098
791865071
791921552
792886093
353662892
793424377
794087291
794255248
794432571
794543615
794851027
694550651
796156931
797168330
797516629
797858121
797962440
297285894
798260146
547113018
798670653
798678605
799161970
140942363
799606361
64268974
799617503
799632459
799644799
801045641
801203996
803253018
803868684
804039851
132733487
804841708
805730667
805820164
806366817
807510188
807904198
807933282
808149997
25723027
176182214
808511993
808636097
582701864
808877834
809370463
809407700
809823388
809929960
809930118
810607930
810779108
810989123
811673697
811701460
812474539
812782812
812933091
813817397
93779957
813863334
814437142
431801443
814497992
814708414
814834059
814925854
815020317
815436799
815550201
248741368
815625032
816455797
816657184
816978694
819816115
820080067
820121716
820431929
820664340
821137438
822152666
823128489
551714782
823829539
824068054
824183080
824584117
825282653
825638578
825922491
825922979
826381506
827399871
827611247
830341824
830618722
831359070
831457487
831643294
831789241
831833449
831887038
832004829
832172383
832720381
13505411
833303598
833467614
543232921
833726054
833950467
834054023
586999838
834626362
382009102
835117027
325579685
835242905
835375746
583248130
833021393
836588101
836643319
836705638
836862653
837414550
837475590
837555455
838632903
838744391
118083964
838815641
838903603
839729537
839838351
840463050
841405270
842303769
842536269
843539771
559627801
843996354
844071986
844198030
844371897
844688014
844876743
845820859
846073658
846398974
846428900
847326410
847410354
847602437
848264619
848508701
849421688
850755876
851033550
851234794
851632134
851659203
853813485
854060233
854397729
854405748
854633978
854653774
854733496
39745809
854901644
854959799
854980931
855336904
855677513
856135292
381217274
856162466
856648561
856786980
856855117
857152359
857208077
770454623
857395612
857522699
857578438
857838606
858445939
858461682
681318504
858532083
858873116
859113675
859168799
859732396
859825408
860133114
611305331
860263884
861996686
862100386
862197010
745131002
862222048
613632314
862239727
863176235
863330277
863450862
863527585
863779240
864482613
864961289
865090388
865144933
865914624
866046307
866220913
866274093
866328545
866565026
867213870
867448190
867557046
670264315
867922064
868327530
869233210
747168517
869608942
869971940
870306120
871852746
872173446
872423543
872670028
872859278
824891455
873057086
873334943
873374792
873685791
874677283
875011772
875246424
875495154
875716300
876035735
877354457
416708982
877372332
878322533
497673152
878829954
792895393
879573261
881920295
882458947
882656896
882906417
883233439
158475984
883265711
884039515
884485691
884505746
81879210
886521924
886626261
435703437
887371778
888159031
342005493
888234772
888746088
889684547
890254519
507008305
890330770
891047779
891156098
891336841
891542858
891661003
892032900
893112076
39718025
318640875
894071864
894095811
895833019
896083004
896623834
896695117
896748335
470676353
896819779
897548429
898308593
899071389
899241829
899423133
869497759
899639924
278130015
899645746
899957423
900111305
554875547
900269465
900483575
428138635
900728704
901586143
238488985
901799133
903485552
904251947
435486921
905314278
905318611
905438150
905945427
906273334
906283989
906390033
907122329
907562325
908090191
228674251
908223699
908475039
908565252
908648718
908758770
108202711
908906528
909904815
910338936
910724996
910860354
911073639
911202571
911219821
911251148
911319118
911877337
912878519
913898338
915097305
915167145
915327859
915547759
915563295
911209849
894053966
915971750
454278049
915979807
916594280
917291203
917389105
917474659
917495793
917612697
917735345
917818335
917819333
567206651
918327898
918609160
2017331
918982701
347285116
919886577
921046529
863643853
921916549
921944372
480458943
922654896
923203298
89211492
923525964
925021791
674169537
925711091
926489475
926807228
927074742
927778395
928533696
929341249
929625547
929671941
865908639
930175443
930332729
930599506
872799399
931260966
931738833
932158504
932201042
932810027
105074387
933293560
933732647
933982364
934084138
620358671
934111397
934428947
934617771
935513891
339688936
936008564
936545498
937111762
937116482
937515465
502489451
937527148
938057046
938231746
938284632
938581009
938652003
678599475
939042447
939597286
940093612
940639543
940905342
940962580
941990669
942030680
942398504
942612199
944044176
368373626
944279994
944319221
944589617
944600471
944669374
944786937
945259650
945418928
945570613
945901528
946022158
946053192
946108622
262556660
946168244
946342377
946411827
946488995
67267299
946842213
946977978
947300405
947932170
947975608
947997691
948550616
949082940
949177300
949698639
949709036
949861301
950667697
951055693
951187744
951991911
309326204
952140626
952426364
649926570
952586874
430806489
952825257
952918858
952934350
953153978
43086490
953305352
681468392
953386457
954464383
954678608
954812207
706675731
955569843
955744188
956298170
956614702
957387927
958628211
958756425
958761874
958851126
958943473
959439169
959919021
717340922
959959230
960476020
962327138
962381197
963491252
964436677
965020600
965207012
965668647
965862767
966971518
967287051
967711285
780453447
967742925
968176591
968272593
968953746
969782566
970471672
970571445
971863546
972425132
972921112
973041149
974020557
974243907
680618287
974436290
974668385
974927619
975528796
975576504
975802932
976672180
977705037
977906024
978288771
979054261
979112905
979637747
77812561
980066960
981352549
981991867
982394509
982513565
982578071
982825254
983544943
983564230
984206782
984325159
984485380
984908304
984922520
986275573
527993442
300346827
386393744
923024216
986363626
986468758
123851014
595803308
243687502
986500952
987015504
987222675
987320585
987996349
988145913
988174288
988604596
832935457
988888026
779601392
506484162
989495658
989735948
989974172
990219269
990691079
991246052
992254731
338113418
992345738
993330100
993821820
993901162
994583589
994860573
994955945
900814009
995315651
995595755
996562435
997120668
997866916
998415319
998437258
999049044
999626338
999877353
393667612
277191667
557597036
375790373
555294978
571703087
593006588
674508174
563917372
393827242
62895531
576210837
359946687
699418061
335329637
444365287
382472085
537610507
425511657
484624857
415684764
428425292
395076350
437529108
198998070
416074045
576984001
416188314
338197716
471588414
334426284
559787437
405796333
36790283
474037818
407446756
423027242
465914448
429948464
406216045
556184843
577018916
402509554
338176720
352163792
363288050
448367206
399770538
462875672
451960246
551712061
455346176
552548386
537105242
431486360
352102822
581614160
753951329
352804131
951274694
509411108
659037249
533858717
364986552
350185975
339422985
471740767
579738656
432163040
376054245
488252830
430270827
571210658
348427499
457570676
327849703
393653164
589038374
571068633
43567240
395902314
564801147
82369817
434829133
451476175
453196598
406619059
534545692
356785278
621544745
307336455
527912551
464406079
578781587
487604953
455253148
417576856
344804526
532752589
425146278
84390296
348956337
859340540
996131640
590808081
394123449
572232650
688704314
457693878
572578094
557876217
733702123
510532704
430377549
569878446
370342370
514678193
527831505
364212394
453321584
582017617
379496826
449554221
492287208
364217300
388622294
387431393
352422030
554270958
551506731
574249094
382815555
369421149
496857198
441996243
529358539
484205565
559961643
558341680
376148114
590578634
861426108
559919294
557188321
359133687
410204629
393198155
347950678
565688353
588303645
357206285
710442467
572266056
561493228
462941064
360314990
520729607
401141852
341173627
483471619
421977380
470349133
414435914
549868110
529005974
384248896
410427412
143991190
26762970
442753637
556660285
498466984
526106575
392078663
428002909
486340169
407631229
549866189
505876781
565829483
533904775
560195714
387946121
484481105
580081032
399562005
838456603
46502639
494002510
438327542
535776722
362191669
437936087
518874242
620689108
534755242
442733123
414434983
470222749
496379443
557070921
365473469
136307456
468506576
6125486
480209695
587023910
578009606
745689952
366761048
674607003
424252064
335827887
561740005
557985801
392628919
450565606
520097722
573096576
574881346
435956193
454713867
382134902
530766322
386125220
557080859
449790412
442494055
507104218
561191866
537830334
529433264
352441177
360800826
564902236
558729510
492760066
423578215
552881878
413574425
544398669
378322429
535550629
487452482
360200620
512177037
514165131
468234944
593316107
966586458
333645427
89526638
526556204
649973258
519679519
337747228
376664288
564781190
444564657
451702829
849727534
485825460
552335030
354058168
440169771
135946883
537635857
562760962
341717668
494703924
644092708
365645947
446803771
699401477
459012614
379147814
436024670
528401727
492997138
399664527
349943538
351052635
527007976
521710403
551689896
559986050
599344724
503391392
407330913
408259847
430283916
281508839
539672209
538804139
455190540
409529373
527124088
486379775
889123311
451071778
474248387
335682446
405159029
458383209
445898190
462726420
223014443
363511920
567927774
471421726
390683928
584045907
569907583
530448412
483486683
434553081
799340550
485024418
348906585
457566943
571553818
485392587
168778865
494429725
335539510
523161207
574601132
352081633
152194375
581953992
71770087
203905944
79988259
509132268
471162183
469063387
337740658
352510505
581419752
338071863
776487985
542571600
395704816
466062069
588353217
413236447
577046054
343331793
408244048
567565677
584724572
396949119
496106050
356644375
403333838
498408784
573649361
517826261
879560988
127843481
412642669
390728893
369132553
505892139
410164588
92804820
347387295
566006363
891761973
84478851
454793854
453791078
455910380
585741854
354026935
355802416
450205634
413351863
417996863
427711591
566834246
421611206
391071524
531476619
179411894
512066076
511539892
955916109
510617653
504744557
51608938
429095289
508337922
836371671
421117876
374170478
395175702
93898199
455515130
573336005
462397685
66863952
522986716
363202450
687453586
443334163
424657837
570462285
519692801
435256060
136559763
429869109
438426392
468022117
342283796
339077600
461230222
334958756
368817032
427019495
45486798
517239920
517891429
575813937
374232941
566361614
507233193
342220155
430033875
455400949
853100041
568570857
21648533
404688315
156032867
108693035
751154844
502958644
561992689
353420359
368180384
366345514
420354136
567264640
529812651
212182495
456522789
453580414
512431392
440389997
410704819
541420491
646708344
455783304
468287562
365677784
90762729
498922877
404378202
342061293
283414923
324557088
390822119
213025063
367632288
498319066
492607213
438216536
487643160
366950035
24206070
424021642
509673242
47667033
482024059
361808568
551284081
472782836
484895869
499897391
393207076
372264397
390639132
508428939
869034257
585761947
17653734
949556049
429950683
904178053
588861126
480864668
507867237
570644154
555589122
468860060
359521234
85459200
93277778
522069141
517360676
483845419
345100588
347026301
336715370
474226742
504164293
483114017
593296651
537854290
592657912
475849278
400242030
406286044
529322792
504801461
555761901
247223855
341389643
555146594
351805546
829314637
506429598
358809543
507866353
431076641
417682225
557162674
977792198
121338039
551007591
631258376
498203199
487452806
576709011
503938511
527780682
698652096
563166094
377636793
356189119
596465895
560214227
751880242
462459912
575079005
382578243
538548346
29673729
128450671
54943330
501684057
578975993
435930685
476209469
460687182
521952776
993521446
491197400
396742828
589650792
459334953
487710936
493512399
426282599
487580680
540185379
408486783
342473380
451236214
375561844
764967152
441254345
511029607
567869796
643653883
505461145
692134565
541701869
504279902
554881590
156530708
381239142
961289898
338935517
86672311
428517273
524192223
535241290
461920277
568316908
381060335
829299431
476303432
148218087
983328069
512214632
532395527
470944900
561334886
482090946
514068120
497742469
548696910
40361507
232644237
523883813
460617804
536594858
476628442
951001235
586308464
484120217
534206784
466347116
526010878
587092062
105038474
444025200
424172749
505227181
400259513
402241664
378465009
382497947
645233614
925847602
578468199
592461923
466059749
354639682
575568794
542230680
512469768
878731301
469416110
460489721
490597144
543365922
251727707
577007612
580733637
576230766
553024304
99134236
558011417
399385716
389068680
399816247
17522856
468298957
275998934
448576437
502147636
469177731
593036966
705016978
497741957
522749307
138650200
556245303
517294227
425228456
40359353
370280574
524509409
349659107
461466365
493675824
848017466
385147287
423309775
642450207
387965783
539961294
590961522
418475064
575734733
442736533
367847787
574917650
357167464
468890263
39166
756942
297241214
1095755
1395151
1416560
1470371
1515702
2209127
2306987
3467593
774391062
3483954
5532260
5996165
23617099
6243667
6292616
6721056
6870927
7029602
7561775
826000676
7685127
397876033
7848861
8668680
8893771
9217853
9281110
9311436
9644327
9743397
413281217
9899125
10191872
10216556
10342994
10363266
10885078
11106840
11813743
12025496
12193912
211644338
536791977
12356339
13033871
13075624
13220395
13323979
13615356
14068694
14669020
14679221
14900561
15178786
15198333
15336023
16159769
16264068
17055120
17248163
17400394
511215194
17672957
18114528
18480776
18812676
18907479
19458003
19478543
19596538
19689115
983893525
758222130
19840518
20866971
21186993
21535357
22133019
22577721
22600277
612956293
373594305
23734572
24125360
24232822
634885900
24611225
25086370
25253915
25324060
25354934
25622076
25928728
26080782
26154619
26357795
26719182
26840643
27437449
361782081
27772158
27899393
28078876
28256282
28611242
348890720
29236221
584100589
29778619
29927464
30183282
30244827
30596106
30853068
31370709
31514828
31625693
31972449
861188122
32093932
32393416
32820502
33139366
33824507
34197299
34215909
34558945
34577973
34700381
34776635
34790913
35121230
35346512
35892420
35935763
165395334
36033999
224318409
36142499
37081080
37146080
823221973
37187184
774410702
613472298
37390195
37474110
37554931
37846297
37947482
38014404
39407964
493775207
486945440
39413794
39490916
519108422
556501282
40124714
255472010
40456469
40475497
40820428
40971368
41133388
41600315
41719660
251725652
42081945
42239854
67236220
42441157
929821444
42466102
42697527
42730697
42776619
823487883
640151726
198677085
43470130
369020066
43749902
44312161
44498132
44657490
44783135
44788986
45167868
45230478
45407696
45455955
73974896
45784881
46328171
46578949
46905389
47288273
48185275
48199796
48231039
48240164
253484975
500642908
536040505
48297893
48433463
48796280
49000710
49123665
468235175
49246749
49582077
50493834
50578483
50855558
160412104
596617137
50998397
343207121
51156994
51444553
51570160
51634151
51931641
52214238
52226362
118859299
53041523
54207840
54874876
55088149
55474652
55956474
56760515
57235231
57425299
58012134
58120415
58560119
58941863
108794526
58965689
58974554
59096627
59122518
706458009
59154925
59590293
99730160
59739020
59748393
59951914
60115119
60141048
60268448
60497933
60744536
60952610
61020434
61132571
61329012
61382015
857255779
61393662
61849318
62408359
62782879
375706229
62978149
63019520
63504809
63912926
63934859
63973003
64315002
64551634
65048019
65404154
66179764
66354318
66438634
66534353
66727054
66887432
66934148
67122303
161297905
357251199
68283487
68722648
429509888
69378081
69679907
69834464
69877571
69947724
70870977
70935163
70944376
71201883
335629754
487214086
71544478
411488537
71854850
72510458
72835960
73016843
73295563
418941079
74091575
74129482
74203178
74461103
74618136
74687476
75020260
75467072
75613508
75616296
76929873
77048765
77061364
78002183
78089797
78372713
78892266
79039512
79388561
79423273
79599407
388546707
79603929
79913767
645361001
80408839
80956152
81084013
81467202
82349370
269355853
83375518
83479802
83981106
953804815
432257669
84196296
84867381
627139879
85109568
85203690
85408006
85747576
86097666
86344811
86692082
86882172
87016493
87050103
87092432
87417210
87423967
87553677
87559530
87660160
87757485
87792144
87828037
477534094
87980847
346662590
88140928
277709044
88273428
88338737
609959012
88512584
88986471
89328327
89469769
89522035
89659037
90332996
808847948
90436780
90441722
91044414
618205047
91915693
92405495
92405677
92420175
553066550
92816698
92901428
968158047
93013224
93145843
507106305
94486636
94956305
95241831
95287056
917838318
95617768
120462944
95686767
828613434
95781477
95935029
96178656
96465527
96520095
96790004
96890654
97245475
97263910
97394264
97792914
97793982
97808668
544520293
97864328
711822175
98210081
98407844
324826617
98905393
570718931
99078838
99325836
99421644
99540156
99729609
99750731
100115501
274647201
147465275
100292319
100838610
102278539
102690579
103085219
103347577
132964668
447624408
103390429
104236696
584832868
104485075
104691548
104765126
104782498
694259756
104830427
105206696
105249887
105375239
105572689
105782063
106613091
106724264
106770389
106829213
107428541
831150615
107869164
107975263
108364939
108682660
504352880
109245327
109253797
109459586
109595951
109808461
110086073
110450179
471433043
110540352
110737526
110747886
110921851
397171061
110933892
111190784
111628292
111641175
240893469
111920236
112140200
112201517
112236306
112236940
112352276
112374864
112550773
112602364
112813445
112840854
112907476
576268782
113520952
113567742
114208010
114630092
114634720
114934348
115662044
115923192
116416145
116766475
116784027
116804046
116966303
117097190
117162335
117220519
117291947
117525807
117834841
117928239
118204115
774993817
118918401
119061257
119550666
119737768
120072638
120116907
120185494
120243297
120671159
120894819
121670949
121704557
121945532
122213280
122478780
122566053
122821515
124470695
124724837
125207347
125277211
192555971
125981738
550041621
126293713
126419767
420330265
126471348
126842004
127372934
127603958
127615874
127978165
128224184
128580665
128631355
129291313
129444153
129545376
129582456
129595103
129620406
129936407
895178635
130351494
130457040
130787073
130876696
130899755
130907303
132075880
132698909
201225192
133264283
383349136
133802112
134042319
134342815
311180392
134600091
134611459
134675311
135331302
522870615
232336258
135454914
135626600
415319094
176066408
135784905
136049842
136389565
136391607
136481032
136487011
137285909
137440474
137489743
137709449
137918339
138685340
138820869
139010553
139594251
139818111
140350251
140547769
140778908
140832659
141250154
141501687
484551178
141871464
141884163
142098857
142164318
143591530
143833681
552236919
144138577
144294978
144711736
188795604
144721548
144955157
145157454
146743301
146886454
146971741
147044345
147276555
568885908
149443067
149728801
149765131
149883452
149957687
150216191
150621761
150747115
151245084
151713799
151762895
151782621
151884497
151927415
152263775
152624762
153262969
154055377
154675417
154869077
155179828
155181784
571832622
155278781
836027247
476530723
924230634
156231629
156810397
156989934
157464461
158288175
158332610
529379444
158465816
158578382
158655399
159194889
159319186
159956702
660345386
160014105
160057061
161530185
162294843
162427402
162580898
162837782
162894209
163126103
163484600
163542760
163822314
163896946
163915320
253638150
164898148
164963724
582538110
165505866
165675115
165791586
166568490
167960470
168195558
168742291
505106851
280640364
168996078
563139753
169002286
169161980
169229004
169512950
170611695
170977534
170997716
600782756
171145138
171466698
172055279
172188684
172331869
172386532
172881673
174355443
174449286
174501635
511441172
174546610
174818788
175188206
175290742
175717507
176060962
420211625
788091708
451895740
176200121
448177236
176576722
177388992
177467683
177731018
178052333
178733357
179219717
179301520
574828575
653159861
179738575
180469538
409727251
180757451
318372805
181001654
712927200
181032714
181360981
181801523
230830910
182869878
183096009
183685944
184443487
184454652
184734046
186461171
186668313
187923888
188071344
188969709
189908948
190764925
191007472
191303386
192108800
192177709
192460007
192562077
192581342
192676493
192706592
192771860
192896283
511820625
194175084
195462380
196088657
196190805
196457228
196914928
197208964
360436406
197758763
197997729
198140870
198490183
198963311
199073644
199198182
199333712
200169110
200305521
200360877
200410424
200454133
200677465
200710869
201157805
201270355
201451070
593824771
201748030
202166737
202181341
202238247
202355339
202505269
204736392
205119815
205171794
205178003
578522043
205215173
205502543
205864544
205986483
206088023
576059193
206217941
206445662
206450603
206700133
207393667
374788560
207529347
207638539
576463731
539754806
208489281
208674024
209109173
209895752
210013328
210341049
210579947
210848314
211894918
212311749
212506206
213184431
213429155
213607002
849098916
214320725
818390135
215505744
370072126
215569147
216257201
217113827
217196170
218074796
218355252
218715080
218803149
219771132
220523630
220959448
221479154
221666304
222278083
222795655
223053876
223320675
223357482
223796524
223863836
224034411
224432039
225142481
225640625
227594672
227706023
228107420
228345890
228386966
228430697
228744871
229057266
229081002
936504352
229891035
869107550
231280374
231474827
231550872
231917860
892578705
232083115
233123228
233628231
233632588
234147151
235279799
235490449
236844366
236887005
237002364
237049746
237180572
237408910
237575723
238197193
840676805
238624401
240299716
240395941
241953192
692920574
242842941
243168180
243552313
243693418
243839524
244055422
580681441
244096938
245025233
245086323
245900853
246045292
246661153
247083320
486811614
247170243
247937331
247976309
248129133
248431774
248534075
249591838
249766998
250225570
250677845
250736308
251137928
251678065
252659010
252873304
253385199
253607846
254440090
254551293
255573085
255871647
443796920
256209134
256686886
256737740
256741953
257604260
258256695
258859050
260121881
261056211
261554439
262255519
262294888
262311860
262622642
264021280
265039688
265590038
266279003
266834469
267032302
730273498
267529394
268140707
268579626
268749540
269618339
269686837
269851911
270067212
270144749
789678376
270182673
271316142
271473528
271686210
272099071
272511578
273507530
273532061
273842728
274035874
274138743
639304088
274761239
276076909
277048768
277526546
277595908
278482683
278859422
278861411
279386578
279448436
279926843
280676947
280869349
281070746
281111706
281294520
281314262
281423883
281558412
423885241
281734599
281826392
282266348
282452644
283318966
283489922
283564096
379719358
283989904
284882601
285293706
285316457
286337302
286763659
286960476
287164288
288476395
289545381
289906773
289971941
289983518
290437226
290440165
290481187
373985153
290492619
290687269
291942936
292659940
292866754
292963485
293363572
294334824
294625527
294728063
294775990
294825763
294859284
295558554
295655236
297388660
297620037
298018727
298105768
299285881
299762609
300012836
300260251
944321219
300292040
301821321
301833391
301909081
301972867
302139305
302790118
302886879
303159920
303231668
303293801
399373404
304204247
304366589
304701925
305183661
305502866
305764711
905286661
306172483
465485638
307712764
308904006
309833777
310035900
310859246
311735218
311967925
313163070
313475018
313591468
314054582
314740398
315117280
315161194
315243607
315448026
315554841
316758292
317272949
317933501
317983627
318579602
319130447
319456309
319802135
320244838
320465440
334980920
344314039
320870545
320975056
321807083
321868062
322128909
322348546
322857373
521231135
993348473
322979200
323195347
324091556
324689144
764925090
957419827
506404611
324782781
325018285
325437533
325852348
326207027
326386954
326876420
326949587
327049906
327294384
327364476
327368583
327459065
584193634
327526089
327577733
327845559
955239414
328017132
328218495
357991494
328532858
329098223
329175978
418608287
329282950
330470246
878364429
331123228
331445669
331474920
331501372
332609569
333175069
