3000
4073
25132
512849
660746
690543
745503
816086
1118159
2098391
2102370
2127843
2735497
2782086
2889450
3359068
3666828
3920131
4712848
4770173
4991075
5171240
5229937
5283809
5905330
6161290
6283699
6472039
7107325
7288133
8440267
8471457
8871379
9041134
9048513
9050756
9324370
9956798
10782587
11106229
11281333
11309904
11334244
11541604
11700139
12034696
12556805
12782487
13006367
13331678
14335734
14464557
14572321
14593520
14594417
14731305
14796830
14817063
14871483
15197118
15480492
15535165
15730796
15791982
15848476
15945437
16020489
16342063
16607809
16755918
16928129
17197907
17206254
17309431
17310219
17634932
17718262
17731844
18274374
18404028
18548461
18550012
18571637
18787619
18794775
19115576
19679088
19928024
19992101
20076561
20338599
20536487
20584388
20852252
21065558
21344821
21512140
21645398
21688758
22450499
22459987
22891372
22922169
23044463
23053485
23189495
23486242
23809800
23825840
23935337
24127546
25301956
25356325
25479718
25617070
25675871
25717432
25913357
26132623
26379980
26535695
26578730
26592363
26593308
26690909
26836854
27877045
28658721
29920623
30288823
30370741
30822552
31184798
31518827
31567072
32305005
32527375
32596693
32797862
32811280
32972824
33186622
33451870
33470161
34033336
34039791
34225628
34427749
34474688
34534385
34645272
34736371
34815139
34866320
34931285
35764757
35991589
36026188
36033718
36132821
36411860
36884362
37096230
37206179
37248897
37269021
37425734
37480203
37738460
37798960
37870520
37967220
37999477
38003099
38511764
38692387
38947938
38962931
39245592
39250048
39280732
39347197
39408608
39445161
39449949
40007924
40024664
40046868
40175558
40196517
40349180
40396265
40588300
40900023
40906821
40913618
41225783
41359026
41552191
41675013
740170802
41987185
42219801
42417431
42504793
42681959
42974194
43105040
43295876
43373226
43455317
43785141
44235222
44244109
44765126
44828376
45609378
45759044
45921638
46368817
47402895
47728787
48048388
48675749
49196807
49438282
49774762
49978065
49997506
50604898
50801696
51153096
51265718
51291201
51403534
51590650
51798559
51839179
52094718
52565744
53682889
53729403
53777993
54039136
54196039
54722181
54861597
55644597
55981331
56036905
56714978
56921593
56975314
57083136
57136462
57227889
57604514
57729188
57808970
58309290
58868589
59206381
59209660
59428752
59509460
59653602
59840558
59853678
59904636
60004288
60502117
60581896
60606631
61112761
61200019
61232666
61459375
61790266
61864446
62371947
62432012
62767412
63563852
63779492
63924872
64047859
64190460
64584084
64831632
65153969
65322771
65441875
65880916
65997485
66204868
66412810
66791920
66941457
66985168
67179986
67331381
67382333
67466514
67735616
67974962
68058522
68266087
68314308
68543770
68912641
69200561
69200754
69725137
70927389
70991474
70998880
71020517
71038698
71094643
71190605
71742032
71856071
72142435
72442502
72709286
74241284
74338468
74403498
74779723
74854674
74855519
75066894
75082557
75141355
75670648
75817393
75986015
75995824
76262653
76443664
76594940
76922593
77145515
77201586
77287566
77766148
77900903
78158448
78503806
78691532
78805903
79134641
79216376
79319180
79545517
79654664
79978357
80051896
80969141
81661942
82574650
82705931
83425091
83766707
83903287
84041051
84059142
84148733
84428142
85736933
85742375
85938566
86537431
86718702
86735327
86756161
86770713
86994402
87280757
87698972
87822008
87946332
88216957
88780350
89447645
89533739
89987211
90134573
90398422
90429885
90444866
90866929
90883269
91401583
91412259
91890949
91897860
91912940
92773226
93061630
93187509
93201402
93261088
93268478
93341763
93351464
94074473
94439082
94581481
94872960
95411037
95587808
96160542
96384743
96845720
97142092
98246407
98628496
98765401
99157616
99356961
99655314
99769673
100154937
100348540
100988141
101079653
101654042
101694222
102049944
102210551
102385348
102455818
102589631
103254570
103544261
103658437
103753184
104065671
104095571
104531707
104563593
105063524
105112534
105143054
105405067
105519174
105532119
105935730
106152147
106432061
106434554
106613494
106672150
106883762
107310212
107465104
107694056
107867243
107891624
108043805
108051645
108086803
108095834
108517807
108551561
108618958
108668889
108771012
109413650
109507762
109835656
110012253
110282265
110466384
110727171
111448746
111996647
112027153
112068873
112155414
112503511
112547951
112572660
112817482
112973282
113064786
113741811
114273709
114281871
114621349
114683916
114890271
115061668
115261500
115350844
115452191
115608684
115960191
116123334
116262526
116287391
116477671
116645921
117149385
117227007
117534205
117974203
118006897
118287642
118330151
118424686
118697955
118811258
118879788
119006409
119134693
119266163
119781678
120176931
120469472
121154797
121498589
121511051
122072390
122892569
123437679
123610450
123934356
124157629
124190252
124648144
124810186
124974030
125330227
125872281
126305115
126810249
127053376
127120957
127694140
127704599
127925151
127953421
128053622
128079398
128179340
128763222
129656856
129733213
129802577
129875008
129892683
130200356
130233488
130390830
130716228
131082787
131369825
131722508
131885484
131972616
132044984
132185814
132314911
133223534
134007819
134567117
134681407
134709646
134777998
134813372
135264816
135376104
135540207
135779934
135853059
136097388
136285709
136357197
136564720
136579466
136762853
136899949
137117730
137585396
138068429
138112642
139159788
139222927
139539613
139736358
139965356
139997773
140307091
140395764
142120996
142304399
142308628
142405522
142456399
142974699
143000622
143299683
143436939
143838524
144132231
144288696
144967343
145084624
145087085
145532392
145939825
146025662
146189590
146376529
146718312
146810061
146829550
147024828
147052645
147058318
147072680
147286438
147474271
147700006
148010757
148069053
148093206
148360930
149165377
149471507
149685774
151383676
152223939
153038790
153666410
154073555
154165085
154180375
154306592
154449185
154726371
155103354
155168333
155194593
155234323
155545526
155765517
156245982
156875530
157131167
157905551
157931646
158023465
158162169
158449830
160025738
160052869
160055718
160423781
161548565
161708835
162282485
162766929
162907686
162939857
162960985
163033957
163291542
163939069
164590636
164615565
164622585
164656015
164665603
165053208
165430858
165493899
165834898
165918067
165940307
166059566
166114198
166434595
167000236
167682300
167916958
168247686
168334896
168441071
168616198
168793445
168810321
168872348
169006654
170182450
170549932
170853172
171539920
171640075
172359167
172392372
172649744
172691424
172994939
173458719
173743060
173945975
174191112
174198874
174852074
175006311
175352707
175607984
175638459
176308930
176446702
176861357
176985240
177454946
177601614
178035711
178202287
178703532
179139078
179699269
180460613
180527647
180571925
181050258
181482062
181631712
181841106
182073726
182341169
182837983
183193027
184525204
184978214
185567544
186805924
187080087
187097842
187165634
187460834
187839725
188360436
188733330
188797059
189032439
189162179
189625567
189642957
189673604
190007244
190036535
191037325
191309627
191520548
191528349
191721629
191919087
192788765
193649734
193684480
193912314
193936534
195120664
195222246
195299829
195683821
197554173
197554828
197609873
198061085
198152307
199101002
199310654
199564478
199622176
200048717
200091566
200165813
200839610
201066412
201273475
201948764
202941325
202973570
202976170
203114014
203151017
203379298
203489089
203514959
203894004
204162702
204163784
204508133
204639058
205227250
205295894
205710975
205857202
205991015
206536200
206679228
207590605
207964359
208528773
208731659
208931326
209095776
209718393
210091967
210320678
210349711
211033483
211402805
212023211
212094672
212218029
212514348
212568427
212593504
212663030
212733928
213176754
213472238
213812581
214138132
214278279
214373092
214791728
215438404
215588481
215991526
216173458
216304325
216359167
216647095
217336747
217594957
217709525
217844917
217966373
218226777
219309408
219410039
219490831
219682983
220405644
220467769
220644440
220672505
221054374
221165603
221622604
221790663
222687498
222749407
222987343
223170643
223652488
224843005
225345498
225429004
225442373
225505995
225711141
225880204
225950787
226527852
226987844
227399952
228456022
228456820
228877759
228931220
229932591
230601238
231195232
231252150
231863722
232027616
232040880
232297480
232362716
232625810
232712601
232797578
232892560
232973792
235644308
236200971
237432447
237976368
238067028
239030294
239678239
239810041
239922911
241101500
241498612
242286829
242377053
243713901
243854769
244127824
244169127
244291087
244465349
244631750
245049037
245202287
245889420
246425725
247197824
247439455
247838725
247852830
248447078
248707261
248778019
248999773
249176235
249541917
250449404
250755021
250888574
251177029
252064120
252288459
252369063
252527653
252693035
253036731
253405058
253609859
253680995
254614560
254702701
255485359
255705905
256134768
256279938
256332947
256394237
256514638
256593975
256683385
257420768
257505206
258075309
258092528
258382907
258389913
259013833
259197236
259205546
259283083
259485514
260140818
260869463
261426199
261530139
261677468
261980645
262040434
262052031
262492646
262768634
262809858
262908879
263286154
263786147
264152556
264190829
264991792
266380263
266447583
266595453
266627333
267292957
267482418
267765560
267963951
268325399
268329467
270744443
271052970
271497503
272233887
272262840
272836510
274274734
274734009
274924179
274988975
275455730
275520709
276179517
276194534
276673153
277138586
277149234
277302206
277649733
277993941
278400767
278673543
279398864
279541592
279602135
279794269
280149025
280648034
280729428
280798951
281822699
282344314
282634700
283053409
283139689
283346867
283396385
283473890
283515867
283721057
284298025
285702187
286565102
286968155
286994776
287007520
287371226
287556652
287710056
289806037
289927932
290001302
290839539
291173944
291611568
293126283
293333565
293579586
293696965
294039130
294126270
294158589
294778384
294938547
294962308
294971328
295362532
296054434
296247751
296270648
296751678
296981053
297297004
297346663
297426017
297646637
297821916
298397556
298852324
299127580
299517728
299542726
299598587
299695733
299951967
300171840
301088178
301281280
301922778
302310006
303112897
303716354
303894241
304193499
305668836
306841470
307231915
307582645
307631057
307889275
307946983
308181477
308394038
308945532
309529266
310243031
310408900
310959759
311313607
312777471
313103311
313268038
313524659
314332786
314586977
314602610
314969417
315247837
316164674
316459295
316567121
316776316
317046579
317358488
318862979
319209013
319215262
320081378
320082943
320284005
320595276
320696362
320742826
320770335
321180619
321184985
321786814
322109291
322425891
322606264
322824090
322833211
324439991
324896349
325306485
325644021
326425832
326762814
327011440
327463075
327712497
327962573
328601826
329038431
329047752
329358026
330015557
330559684
332268653
332368483
333114664
333212335
333245195
333458846
333978487
334016420
334118957
334171227
334351716
335001744
336619373
336739413
336952132
337003377
337368633
337745655
338269406
338599930
338861062
339218077
339433163
339578835
340770163
340915671
341061509
341404538
341583861
341585839
341714782
341865670
342221136
343180160
344010858
344128514
344182300
345063654
345891660
345981887
346458702
346688626
346734857
346898037
346900308
348653505
348678637
349287979
350268505
350335333
351115707
351488929
351660954
351691677
352217811
352331078
352747635
352787845
353931092
354010570
355438615
355719595
355997096
356044155
356230161
356741827
357172901
357477004
357825411
358319215
358569294
358942431
360016359
360140639
360216692
361625811
361794550
362448885
363191010
363579880
363947976
363985584
364229834
364788570
365104878
365708253
366188275
366312625
366906027
367983545
368152671
368261765
368460275
368650831
368946998
369375832
370081651
370530461
370753824
370965255
371070528
371147245
371284530
371358183
371624652
371735383
371997572
372264500
372278782
372610472
374602046
374797422
374816250
374835870
375123403
375208512
375619167
375626822
376184878
376185963
376541070
376669933
377725213
377891567
378178578
378568128
378884948
378915617
378952510
379026948
379071599
379594580
379613203
379723447
379842544
379955834
380520739
380813065
381565950
381585415
381851691
382041474
382516153
383098971
383470380
384394824
384522615
384773469
385945771
386331066
386334588
386402902
387373081
387405879
387508972
388256119
388404996
388415840
388421482
388426562
388659561
389836474
390350671
390680174
390947079
391160388
391210900
392091754
392242474
392602526
392652144
392971694
393324304
393913041
394518536
394573676
394891409
395053463
395608374
396272348
396343193
396714515
397505394
397766849
397854292
398289813
398887722
399108553
399141770
399614314
399779712
399842138
400044802
400825339
400828997
401223161
401302664
401965128
402425154
403517527
404110666
404140925
404151168
404215528
404385192
404738929
404907678
405287098
405512650
405623524
405875302
406320077
406483491
406764603
408047185
408992182
409314603
409696616
410908760
411227387
411645973
411783969
412582016
412741231
412878049
413217539
413640763
413683957
413770794
414277633
414424577
415176363
415233360
415557552
416184674
416472154
417037438
417418141
417472758
417552203
418197123
418692612
419388934
419503908
420519127
421379224
421381792
421408543
421635776
422158642
422836193
423000195
423616629
424216331
424420712
424535162
424916666
424956795
425120569
425195117
425641741
425931026
425999375
426965807
427185861
427720240
427733745
428066129
428347827
429299912
429475169
429504022
429627779
429919232
429931824
430358493
430499279
430645456
430733244
431275152
431652569
431705517
432185760
432500172
432703166
433139749
433812083
433848048
434054859
434129883
434398475
434776107
434841987
435094401
435414842
435691626
435851804
436068941
436982200
436989700
437138044
437170941
438741632
438810202
438843134
439079544
439323804
439421894
439441754
439859416
441217266
441258610
441295737
441648548
441863454
442102077
442140151
442552040
442988731
443857072
444039678
444057296
444346651
444432955
444563783
444658092
444859269
444903938
445055528
445335985
445720024
445883691
446007873
446122403
446256383
446350551
446934391
447460277
447862905
447978232
448641010
449877465
449998034
450485793
450569270
451636056
452523128
452867696
452940458
452974124
453060765
453564851
454252339
454467057
454615036
455033527
455495496
456697605
457901722
458149806
458296407
458502106
458596491
458840952
459327321
460004213
461794833
461909033
461992746
462665582
462761187
463119799
838176410
463339778
463456796
463976299
464013288
464103521
465492264
466004693
466789288
467133208
468273081
469026730
469083410
469907541
470055452
470724057
471364115
471425036
471906341
472010815
472063541
472559252
472608932
472622367
472760858
473071594
473602096
473894326
474118419
474375710
474786816
474815490
475059955
475388345
475530550
475860424
475906353
476621110
476637710
476986356
478105471
478282923
479315193
479350824
479520274
479608663
479683410
479871835
480498603
480539496
481652630
482403003
482502077
482761279
484134726
484332488
484661661
485504751
485663822
486598218
486994958
487332092
487386917
487449904
488268855
488627967
488675643
488912111
488915561
489107452
489482221
489599753
489809208
490106266
490347963
490371395
490791975
490824178
491326565
491952938
492856772
493085004
493175403
493423739
493785344
494244534
494573227
495177854
495310062
495422531
496923553
496938364
498028118
498195015
498248189
499405608
499624329
500072034
500170391
500487810
501566445
501653721
501829966
502761387
502941641
502993356
504402320
505393150
505426178
505937873
506385121
506395684
506779165
506872373
507585665
507737760
508799346
508887275
508919298
509186151
509689373
509838229
510030509
510062303
510090688
510142751
510362340
510365648
510493307
510559131
510716233
510729560
510769334
510863667
511216415
511291353
511294830
511664027
511709081
511860465
511996105
512060153
512277176
513238043
513264469
514401394
514493480
514597051
514633960
514697405
516177873
516327240
517162147
517587968
517884284
518705911
518868013
518922269
519168837
520163501
520254622
520321286
520539932
520558269
520593624
520795535
520836809
521196534
521350194
521374354
522819999
523256518
524716964
524966229
525040115
525194306
525469710
525521952
525728743
526898669
527161855
527589485
528450732
528623137
528834579
529027722
529288784
529330097
529425937
529532599
529696551
530240962
530859160
531457939
531496430
532410131
532652353
532714709
533089697
533274788
533437761
533782516
534286743
534450938
534549139
534585745
534637672
534699730
535083535
535411280
536331213
536458777
536624493
536847262
538018605
538042605
538227483
538744277
538839921
539084344
539167715
539175580
539340469
540091154
540213685
540876965
541203151
541211976
541446009
541623235
541974804
542459690
542539954
543562130
544080185
545569548
546053812
546556446
546843263
547204714
547469080
547503639
547631855
547678589
547719543
547733930
548101264
549041378
549378131
550527006
550848429
550851822
551502998
551856610
552017075
552108710
552399336
552500504
553346197
553683895
553747088
553803961
553908802
554330353
554365046
555422742
555934668
556383934
556819555
556824081
557022231
557228794
557553900
558442523
558463491
558570744
559249015
559387425
559755260
559803860
560005291
560015023
560146168
560266628
560442431
560654769
560796663
561247603
561420016
561821631
561829998
561905466
561926170
563679366
563917550
564733175
564844222
565205647
565756648
567158469
567413398
567755863
568407587
568463432
569285680
569812898
570811433
571164116
571305885
571410536
571604419
571882475
572594797
572693584
572918248
573259813
573610508
573818299
574129853
574192871
574276271
575021255
575228667
575425946
576103458
576584335
576614796
576681616
577284006
577556050
578112721
578170478
578419866
578648668
578771671
580361561
580384513
580569455
580643870
580716680
580736861
580740934
581236623
581556821
581678572
582055061
582660947
583140813
583224058
583305768
583915326
583996451
584730391
584913717
586379447
586475901
586769297
587003975
587480564
587990107
588055016
588626896
588705746
588812150
589056505
589098672
589661324
589865915
589958245
590082631
590131491
590490863
590543394
591153648
591243092
591445028
591536561
591539724
591779907
591946539
592476745
592637302
592682526
592951178
593244938
593774761
593875667
593934621
595090509
595427926
595919365
596185847
596379268
596385579
597239252
597241073
597341449
597533674
597577309
598644221
598709183
599290398
599296056
599609929
599703461
600135922
600491823
600534774
600664106
601136150
602132687
602495929
603024399
603113677
603149892
603382188
603423021
603930208
603944822
603948894
604359891
604744524
604949574
605043510
605494659
605524547
606102354
606503504
606786283
606879992
607058562
608264063
608440599
608910859
609940507
610494182
610528105
610692145
610845364
610857572
611902526
612033575
612142598
612313998
612672866
612691144
612735770
613058722
613464438
613511184
614295878
615006299
616816625
616823876
617260088
618149105
618489094
618505234
619002811
619016006
619049428
619182353
619503807
619563113
621865123
621960972
622039071
622724046
623253116
623285867
623367777
623508344
623800933
624011542
624122927
625147450
625553201
625824608
626081739
626124656
626365923
626620103
626946926
628238812
628240639
628270935
628373568
628380114
628971856
628998451
629107327
629541797
629640423
630167356
630475141
630772643
632069815
632223753
633293896
634115719
634344578
634353583
634502225
634602680
635003292
635010523
635125618
635138652
635195417
635319456
636270160
636467428
636705739
637657750
638169627
638384496
638510824
638694617
638741106
638785016
639527995
639739897
640033759
640667525
641573561
641972356
643050195
643263191
643354125
643743050
644141307
644647227
644649205
644751147
645185772
645372718
645541057
645628429
645759287
646287605
646467612
646841515
646848979
647558530
648497621
648509882
650159508
650478604
650666987
651648433
651651425
651682468
651690099
652243391
652601524
652755313
654281131
654456724
654867800
655045195
655117830
655813590
656927593
657133901
657339986
658490492
658913978
659179326
659584853
660091763
660625586
660664605
662042449
662325664
662954178
662958743
663126838
663524724
663976870
664010728
664013436
664350099
664587293
664962693
665084549
665484049
665935074
666639969
666719189
667062046
667469555
667525164
667608483
667816801
667823880
668115880
668364967
669530277
670031009
670302332
670985869
671320730
671435180
671845091
671901692
672012415
672573916
673463258
673824775
673949022
674633318
675277964
675453828
676425390
676555655
676735493
677118100
677687852
678153427
678308940
678611349
678712977
679475079
679542129
680356195
681071247
681125746
681209424
681232553
681250554
681440267
681540257
681709754
681942886
683356152
683458052
683488165
684388797
684788728
685099723
685299139
687038740
687333432
687831295
687913313
687971459
688465177
688669119
688766121
688805989
689091161
689221468
690323412
690688329
691252615
691338403
691684786
692795696
693069912
693860271
694310078
695240910
695612384
695836370
696795450
698621109
698852132
699442704
699831326
699950451
700315702
701142348
701337382
701512796
701766461
701826231
702248155
702249467
702927196
703018064
703290462
703385477
703585152
704433616
704618941
704642562
704904471
705124263
705269466
705935562
706115063
706342778
707276717
707416092
708042040
708500279
708611912
708941117
710012884
710592689
710636442
711077020
711461360
711533987
712548696
712732655
713048945
714227574
714728593
715558030
715926213
716064921
716344100
716488885
717012357
717313003
717861007
718035094
718290624
719078761
719524993
719723195
721829858
722205512
722741860
722754061
724302585
724663300
724763100
724845805
726219956
726363672
727246168
727422856
727778769
728742933
728841148
729072273
729569024
729675757
729679169
729707655
730253488
730640156
730938131
731868053
732467500
732688142
732701121
733519002
734034309
734676580
735175100
735805480
735846605
735887117
736122064
736630007
736675744
737416666
738002642
738718258
739060837
739181292
739184680
739708782
739895782
740143658
41921478
740400015
740611948
740976719
742411598
742749431
743727809
743787472
743963970
744028013
744844934
744854288
745587889
746144925
746171398
746294317
746299521
746405071
746667481
747030407
747203295
747688507
747926404
748012027
748042628
748234287
749195147
751107554
751180054
751400580
751444961
751763967
751814789
751841290
751871190
752014004
752376420
752535250
752992585
753092475
753305294
753464942
753735025
753879735
754026238
754076858
754445066
754988175
755072084
755914870
755948162
756214910
756628763
756878814
756978610
756979839
757452163
758108530
758686964
759305273
759963677
760643083
760761034
760779882
761139632
761165496
762295560
762368254
762534981
762727123
762842460
762950431
764131709
764208358
764679968
764776421
765363806
765976401
767230123
767676268
767737126
768140263
768155249
768755632
768816938
769054223
769162251
769628782
770162922
770480248
770733783
770930150
771042785
771060304
771116531
771937872
772051493
772057573
772081558
772498844
772528073
772608606
773673566
773798549
773963866
774643999
774703595
774914851
776025202
777396666
777539323
777689643
778467637
778507735
778866392
778886301
779281960
779959599
780058454
780759528
780802292
780846380
781144326
781231669
781302897
782189471
783096870
783622465
784123401
784694292
784912620
785501511
785704055
785868122
786083910
786276136
786322201
786860557
787002207
787478842
787520223
787822051
788554383
788881969
789309582
789564173
789568386
789785209
790159404
790361487
791069930
791775915
793287851
793872968
793953426
794169398
794218911
794843324
794912162
795027584
795122798
795853861
796017302
797373344
797565464
797968388
798150142
798646742
799236221
799365285
799390417
799539351
799548688
799908896
800349981
800844924
800890383
801221944
801327669
801395915
802109813
802521273
803063541
803136898
803254150
803273920
803421541
803491538
803736792
803999369
804113377
804698329
805593955
805687030
805885622
806486901
806736138
806818829
807030998
807500978
807566910
808508892
809233287
809345072
809775476
810153443
810162489
810179384
810211346
811385090
811755136
811945146
812155278
812472091
813064532
813530366
813634504
813805177
814017193
814129183
814297507
814543181
815567432
815656029
815814795
816954596
817243225
817490680
817757887
817924828
818568900
818734528
818776139
819400088
819423468
819937889
819976022
819978511
820297546
820315259
820496841
820601140
820702059
820889731
820900448
821868035
822294947
822327351
822440032
822783531
823873411
823958161
824802050
824803883
825125887
825221129
826299673
827463792
828134559
828372914
828483964
828618323
828706823
828789091
829448841
829513602
829695068
829866882
829987143
830557110
830602141
830676121
830865217
830947420
831741028
831750247
832080882
833546654
833809406
834323591
835058884
836539643
836816626
836873410
463286030
838217305
838293025
838415786
839138883
839402957
839407353
839727247
839947755
840036950
840570492
840714334
840980335
840997738
841229997
841475780
841513806
842382489
842484955
842666407
843597553
843892983
843990155
844618651
845298239
845553036
846039055
846516328
846826928
847013417
848153495
848470198
848744291
848799937
849153104
849309862
849657906
849896596
850507261
850920335
851144925
852281442
854093450
854117387
854446943
856061129
856124566
856368509
857201689
857380355
857862558
859040976
859085842
859166805
859196588
859210313
859626380
861898853
862043242
862248756
863005972
863215572
863862886
863953966
864051149
864340064
865588571
865637289
865899468
865904879
866109759
866202946
866544667
867438960
868399667
868628497
868705860
868844568
868950099
870036699
870415557
870831271
870982623
871147747
871299638
871719212
872921046
873364510
873914908
874098083
874192480
874983891
875086228
875325193
875577582
876412569
877040632
877392101
877399370
877484636
877726899
877846676
878040098
878185260
878360559
879306356
879455654
880044873
880113270
880129035
880778936
880959684
881101017
881329514
881536775
881714196
881723047
882032389
882357110
882477968
882681259
882898812
883340250
883554295
884055851
884398103
884681329
886017678
886160247
886203300
886478547
886741489
886931529
886934056
888162396
888360697
888804686
890015582
890295276
890423440
891414443
892202736
892528504
892588384
893612384
893942782
894182029
894812136
895074468
895232702
895798837
896297979
897038312
897217142
897257859
897406797
897671343
897761303
897813555
898395147
898916972
899120924
899536953
899798199
900246254
900607960
900705139
900875184
900950166
901172655
901281157
901364844
901409840
901487015
901776040
901914939
902010042
902444932
902575944
903076474
903897463
904731883
904953711
905049057
905202583
906358615
906521834
906922233
906965029
907177094
907875215
908522887
908916186
909293903
909741217
909858219
910295517
910411896
910458727
911580643
912188406
913165562
914059513
914228159
914430156
914690144
915422196
915636998
916008967
916325407
916545050
918811548
919298566
921040866
921244840
921614454
921825064
921964773
922069361
922222315
922353942
922757856
922890750
922923475
923036616
923920730
923998973
924032828
924207965
924252190
924762431
924951582
925001613
925038888
925256391
925591692
925690129
925713904
925944809
926178795
926701340
926779361
926871973
927067802
927318459
927606052
927690082
927965838
928213538
928317016
928349090
928690451
928818830
929250370
930057740
930091622
930546750
930906308
931069607
931419561
931835157
932024444
932055565
932071442
932306708
932380853
932509722
933021159
933694566
934134656
934387640
935194224
935502697
935757483
935776686
935896206
936142132
936190168
937401571
937860846
938455570
938839043
939051026
939663567
939845490
940103999
940282652
940590800
940920065
941614859
941683108
942416420
942602990
942638426
942790002
943281158
943536926
943588362
944404224
944652661
946390626
946429287
946898517
947932377
948153103
948474423
948524835
949224350
949950108
949995574
950517753
950863712
950886085
951566462
951868345
952063662
952092737
952124088
952591867
953026570
953108385
953384122
954848281
955121943
955290086
955735532
956276627
956451934
956984062
956985392
957139718
957543463
957558982
958443912
958753156
961885590
962434936
962522112
962960607
963006107
963514809
963743012
963892825
964172349
964303962
964389563
964771367
965351009
965609272
965660541
965938672
966041394
966317133
966360638
966409607
966614411
966714675
966767119
967094377
967870976
967935278
968066022
968455067
968961721
969479980
969486600
969919599
970270567
970689382
970997159
971190563
971295833
971942462
972435151
973299383
974054595
974485326
974593442
974844987
975390928
976008156
977342185
978848732
979800664
980274300
980926318
981437208
982220542
982338334
982555032
984558552
984583778
985096948
985161873
985315579
985371831
985662677
985681233
985758345
985965246
986290829
986436038
986625996
986638827
986758137
986840447
988146912
988394617
988494421
988918465
989670595
989842063
990595418
991632874
992120385
993345782
993605775
993726633
993897751
993921914
995892197
996616362
997036735
997513444
997799878
998531981
998797748
999125894
999724363
