3000
461695705
461776389
462056025
462267048
462522132
462594622
462664232
462784266
463614768
464182865
464212467
464215608
464412149
464534471
464994990
465157633
466008633
466395447
467099312
467405992
467565318
467813983
468150233
468553364
468867175
468925720
469004531
469159629
469181549
469449586
469805687
470831866
470834218
471374213
471397808
472174240
473043279
473174048
474015416
474037360
474220458
475499941
476272997
476397529
476744847
477378618
477467425
478040435
478162828
478706039
478877295
478893845
479295914
479919625
480322191
480460265
480515397
480518074
481169152
482496372
482948621
483003981
483296420
483319904
483343536
483404550
483856020
483908831
484180433
485399569
485809139
486316433
486466465
486519374
486707554
486728288
486934845
487143136
487596867
488056690
488783699
489662187
489707789
489942040
490279903
490643638
491788655
492123918
492746573
493147728
493980761
494294413
494711105
494879245
495351159
495742450
496224412
496433613
497537028
497568703
497998012
498056599
498291661
498785563
499457788
500933183
501016571
501038715
501997708
502186142
502234864
503003526
503918564
504028768
504046596
504544668
504550832
505184096
506531519
506591359
506843036
506961917
508219841
508763692
509041073
509374018
509586990
509986413
510234401
510402769
510787488
510792843
511465143
512206600
512726252
512897892
513503939
514372857
514417662
515524308
515758132
516052386
516186500
516382786
516737097
517200408
517457761
518334581
518925422
520111236
520887668
521342538
522136736
522373875
522385256
522716360
522965334
523238420
523249173
524068766
524227135
525274437
525390803
525512684
525630191
525792884
526156700
526645376
526884879
527143522
527609044
527648603
527786283
527795099
527952759
527998794
528006009
528052648
528335924
528774937
528807822
530563552
530803160
530816645
531432912
531435388
531491092
531638692
531684400
531718410
531728070
531824013
531987174
532053889
532279180
532531150
532767096
532788123
533114070
533782483
534304093
534497970
534562265
534705179
534719883
535245394
535488037
535680437
536178815
537011708
537363848
537640292
538067302
538282274
538335999
538490986
539366422
541967868
542099060
544679967
544727626
544814849
544944668
545312478
545715995
546185613
547263475
547500605
547754750
547834826
547987252
548099841
548216875
548596328
548639046
548768515
548816406
549088062
549515832
550102230
551395081
552125096
552152705
553229510
553235832
553421224
554015087
554404057
554488337
554817524
555597036
555821820
556148178
557008618
557142419
557338074
557588447
557913669
558600104
558656990
558816875
559569486
559821948
560544767
561689515
561925237
561977536
562011429
563230893
563576767
563606582
563618526
564015984
564476970
564642941
565658663
565710757
565754398
565844772
566752140
567402089
568767510
568953307
569044756
569094645
569284292
569387024
569705266
570031219
571556933
571766678
571807395
573152308
573292902
573831108
575025089
575032217
575439217
575691914
575792032
575820768
576053116
576680930
576815578
576977118
577107873
577254626
577487969
577814152
578002959
578028215
578132112
578981624
579457097
579670719
579992039
580256995
580390592
580424466
580788662
580800322
581493085
581685747
581781264
582125349
582316884
582523047
582547655
582894256
582999150
583169528
583541599
584555736
584904284
585696639
586270864
586305159
586526483
587041842
587165249
587314147
587454900
587509361
587676817
588247562
588417977
588535298
588587531
589204858
589422581
589837584
590014539
590202420
590653101
590684317
591122503
591301297
591422488
591817858
591970982
592021780
592673524
592797234
593604706
593739753
594364742
595600547
595843568
597772913
598013036
598183342
598197730
598388671
598690437
599346524
599576927
599628896
600009645
600259358
600380554
600386590
601102753
601875858
602406329
602506392
603222140
603230570
603930149
604362864
604531567
604620562
605065487
605094318
606521900
606710173
607297214
608160810
608502129
608594940
608743621
609624708
609628375
609646966
609669801
610866483
611387674
611445300
611766174
612122090
612135592
612480787
612526456
613317768
613779498
614057436
614086899
614320923
615438296
615768833
616963109
617176882
617737301
618161025
618167499
618444198
618540080
619776165
620157169
620494148
620939702
621128049
621224743
621245093
621404474
621445169
621581322
621610569
621614766
622159608
623691592
624106077
624465051
625131220
625304902
626160757
626765392
626790369
627167972
627351777
627913630
628192345
628446106
628686485
628987383
629351442
629856781
629933544
630161633
630385398
630427102
631082764
631263988
631767623
631931236
632176214
632808709
633220882
633672157
634038761
634091713
634130672
634179421
634277897
634282754
634594258
634599202
634651391
635062828
635355816
635804566
636159712
637844194
638065271
638374191
638525792
638825520
638982571
639071141
639178308
639881804
640009981
640297541
640330213
640438314
640457369
640598853
641021650
641268019
641748389
641880985
643137811
643199591
643933848
644085938
645432843
645837661
645863098
646197897
646544755
646842261
647112513
647984222
648418011
648423462
648434839
648677157
648710960
648913676
648944766
649492589
650011076
650379612
650410361
650447866
650486722
650548552
650915202
651222975
651299738
651300524
651345310
652215502
652458143
652516673
653331998
654117425
654191603
655190954
655693179
655946028
656419125
656897193
656905066
657274390
657404674
657654427
657900612
658160203
658497871
659127329
659217081
659543587
660017071
660178610
660264504
660838378
661135541
661260611
662904029
663350898
663566243
663650516
663975437
664307926
664837016
665400730
665802475
666209311
666516717
666862885
666913634
667504875
667642179
667716939
668059628
668618413
668658334
669373229
669418337
669761417
670457997
671466978
671581667
672352912
672724761
672796034
673050573
673909103
674286939
674495213
675231855
675956865
676093130
676151371
676176946
676214375
676852582
677043879
677835954
678383364
678461702
678653195
678915983
679358232
680046491
680367580
681241922
681888694
682279426
682573799
683558249
683873620
683929464
684100347
685453908
685688727
685819446
686057400
686160782
686316514
686388915
687166857
687322730
687344570
688447804
688462162
688727871
689136046
689766505
690957288
691044400
691636576
691721560
693522698
693704159
694201283
694354972
694410296
695028172
696331826
696348279
696544355
696947586
697263569
697539949
697756822
698388155
698899403
699638772
700372369
700860191
701162292
701320652
701831178
702204414
702272878
702492075
702617764
702819330
703083633
703191651
703261156
703508794
703677556
704304473
704952923
705056963
705113071
705675535
706681072
707002996
707318172
707594726
707844608
708040147
708227435
708744226
709386741
709643065
710116895
710448636
710721073
710814250
710821792
711710230
712076655
712205136
712322995
714065322
714119282
714283562
714353867
715593046
715842626
716012209
716204148
716365565
716875385
717704131
718498953
718967005
719017760
719061358
719161020
719196875
719384041
719467386
719543999
719545688
719916087
720765838
720986603
721415392
722224448
722261323
722544850
722562229
722573063
722635056
722695241
722771275
722808899
723565812
723689900
723722516
723866012
724337263
724626830
724887706
725156090
725208324
725248322
725835353
725854406
726995928
727672793
727789174
728089648
728094604
728536150
728547246
728803667
728870736
729309169
729516038
729688996
730040837
730045592
730156769
730206824
730492926
730620211
731140959
731228934
731251618
731667440
731866975
731868606
732469935
733741214
733925432
734542937
734822471
734969333
735028036
735390364
735927781
736593216
736885611
737070219
737714029
737719396
738257128
738512625
738677128
739543508
739789386
296579654
740397359
740419890
740514428
741098522
741429902
741451447
741461732
741601446
741631248
742039281
742977445
743318335
743491244
743655275
743848780
744162133
744668731
744876721
745302300
745661402
746707857
746787668
747660837
748578905
748607779
749044317
749088859
749336484
750090509
750507592
750794745
751494597
752599059
752987155
754726395
755040399
755109247
755387556
756032532
756135973
756561257
757248650
757297815
757591976
757844759
758029285
758082158
758498404
758875005
759101744
759856285
760028745
760350203
760864683
761032954
762503968
763387455
763686004
764850517
764912540
765269072
766580737
767285517
767823289
768223690
769134961
769908735
770550555
771012168
771873704
772058450
772566415
772818808
772920777
773215683
773529244
773861141
773914352
774131746
774136250
774449130
775037563
775426167
775799545
776245783
776259027
776405330
776480163
777039997
777141995
777329770
777641688
777654372
777926055
778435947
778779651
778808144
779050717
780100880
780268783
781264489
781630277
781802546
782200304
783576806
784086879
784257089
784811931
785250963
785340409
785769562
785869300
786061044
786211885
786484634
786804099
786923836
787126782
787218546
787726065
787790114
787909701
788801144
789078967
789644951
790125484
790196262
790254499
790889886
791101458
791289841
791962918
792355857
792571201
125201662
792767863
792906488
793362063
793488711
794156863
794529939
794816030
795837237
796240715
796531606
796591757
796910629
797084557
797587501
798464697
799058585
799867803
800145185
800466986
800853021
801494858
801777900
801910787
801947039
802087617
802181011
802477736
802484350
802517430
803124712
803161961
803342072
803797864
804174833
805005654
805614127
806092147
806385484
806580795
806593180
806695289
806799675
807759807
808000746
808622644
808888063
809194460
809331934
809824571
810431435
810965344
811529143
811935937
812411552
812572021
813297626
813566825
814303142
814660084
815192120
815463236
815524315
815567206
815653082
815758762
815769449
816078474
816220376
816561650
817192053
817622150
817730434
817913268
818775767
819111444
819488745
820023308
820355867
821420834
821544267
822220191
822327443
822734093
822835761
823496875
823527290
823984340
824372740
824800627
825379810
825853188
825883608
826433551
827407577
827797244
827921914
829423966
829801846
830068075
830191577
830510708
830967138
831613921
832219886
832224199
832470909
833098818
834006819
834096192
834464893
834619084
834686622
834922760
835178245
835415624
835587339
835949767
836307194
836546836
837289304
837325592
837570731
837855652
839024542
839783810
839891704
840381074
840491700
841068537
841117383
841621095
841947456
842500027
842929165
843330986
843520762
844360112
845043342
845386757
846583738
846621953
846990258
847618709
847645766
848077617
848331406
848498448
848964200
849092539
849126954
849883696
849964629
850183823
850390064
851408722
852203514
852356967
852492795
852597662
852784388
853293011
853843741
854076960
855686810
855741326
855742394
857115311
857407404
857642027
858232130
858375456
858383293
858785659
859210093
859830201
859933083
860120486
861271900
862960005
863168227
864612842
864793149
865159203
865223752
866209118
867118506
867406711
867895380
868154518
868221357
868335325
868513959
868594277
868922238
869167760
869666855
869705470
870861014
870869467
871298965
871323010
871604949
871905312
872562983
872724874
872942562
872975926
872991355
872996936
874072997
874230428
874272444
874739832
875141317
875244481
875686309
876062981
876647507
876947324
877112950
877623163
877650708
877655143
877716779
878616780
879128997
879522220
879900389
880005518
880259440
880362046
880577092
881022823
881057129
881079175
881822375
881915670
883000290
883035149
883037659
883408473
883561977
883735275
884227386
884242635
884811424
885279785
885613126
886394524
886548256
886681900
886740853
886892398
886951075
887516565
887526365
887736997
887887612
887918184
887940717
888339030
888684567
888790650
889455708
889463951
889647726
890349496
890503454
891400053
891413276
891492282
891922039
892122309
892295812
892466418
892509639
892882603
893118265
894157198
894256231
895140805
895247044
896253329
896367750
897070731
897130812
897433759
897940162
898166077
898728464
898917519
898953895
899442498
899871783
899901883
900076860
900981239
901030463
901096123
901144529
901156564
901524699
901780571
902136968
902287146
902658873
903369249
903510214
903882023
903901008
905537942
905589000
905795024
905870128
905997135
906263824
906547146
906914811
907176056
907258189
908536488
909091197
909236512
909364677
909630248
909640344
909646693
909725958
909770439
910824692
911364187
911478990
911642534
911812682
912595683
913088426
913344674
913810927
914626371
915032368
915504070
915721770
915991736
916156298
916284165
917501215
917640253
918246672
918961223
919674313
919749285
919800942
919889078
919994249
920138446
920321446
920561329
920589332
920764148
920786987
920934932
920974301
921267360
921268966
921291364
921326034
921526609
921526786
922500927
922515527
922771756
923012484
923138753
923208952
923650786
924859622
924933237
926041391
926923088
927405605
927613841
927739436
927762389
927879212
928239655
928590690
928683267
928706044
928926497
929015119
929416204
929758277
929944674
930177426
930294127
930298240
930883931
930905370
931238043
931911014
932206083
932218756
932846556
933089922
933226234
934115654
934185417
934674708
934956809
935579745
935716835
936011075
936045517
936293846
936582665
936666966
936966638
937364779
937619402
937887149
938172242
938332084
938888023
939806125
939871089
940148804
940570628
941365673
941413836
941759147
941842161
942827223
274929717
943298157
943369323
943927366
943980000
944002121
944785623
945120456
945306517
946685991
946788422
947029317
947144432
947211145
947547706
947853376
948138134
948451745
949138948
950322321
950811903
950843482
951220552
951979715
952161215
952503126
952668746
953402463
954484926
954935094
956425566
493625229
956524869
956573525
956700147
957246197
957355749
958434433
958854966
959004599
959693716
960498751
960605922
961108730
961271816
961482188
961532719
961855581
962094049
963165672
963853521
964525280
964582306
964620103
964975485
965197205
965545336
965915870
966129366
966861104
966995619
967070048
967150917
967729719
968899627
969188443
969288354
969491045
969561571
969585047
969624247
970037400
970051278
970085872
970667830
970669452
970682500
970838081
970912559
971023209
972040715
972399976
972670845
972728314
972762245
973444774
975543579
975895113
976337543
976345688
976897934
976960174
977477099
978604040
978722731
979239380
979295863
979546531
979560007
979811274
980760357
980973665
982428564
982755168
983159335
983197380
983255932
983349987
983916811
984285232
984824407
985166211
985317611
985735680
986183248
986500239
986609368
987304647
987508820
987586459
987772540
988047986
988642842
989223956
989265134
989288735
989494523
989529108
990337731
990829317
990908069
991298498
991456299
991546220
991571397
991668605
991942743
992279586
992751046
993014492
993649901
993685466
994479385
994811203
995022619
995063673
995734811
996403008
996992360
997375598
998847083
998867309
999267957
999365366
380171
663333
717671
815325
1043522
1249878
1421398
1804422
1819606
2030653
2085206
2571742
3196892
3567965
3638269
3817910
3933018
4017606
4313377
4405657
4441820
4486267
4779897
5105587
5398735
5579702
5592370
5820630
6047034
6167309
6733413
6785317
7261805
7286226
7359135
7363001
7773937
7907457
7999163
8587459
8665802
8816973
8819059
8885413
9293913
9451449
9607669
9648705
9817113
9830328
10291409
10301562
10327600
10480715
10491645
10551523
11002984
11543879
11567355
11589507
11662251
11742425
11886266
12096119
12099969
12347818
12491675
12706292
12863788
13097272
13384357
14008514
14059452
14379331
14563796
14596614
14624289
14638572
14991477
15043241
15442824
16062742
16172803
16236279
16475510
16691769
16785747
17142070
17732512
17890146
18562118
18684380
18695243
18825403
19082217
19183059
19494112
20187048
20289073
20590319
20644597
20718351
20911149
21021528
21257931
21457620
21515249
21665509
22422820
22900165
23620999
24056019
24560887
24600435
24638963
24798756
24836759
24985566
25014105
25606269
26623607
26939505
27051573
27550048
27875203
27885799
28144092
28217910
28598506
28710566
29026104
29615024
29632718
29734131
29809607
30031758
30041632
30185537
30199318
30819710
30861386
30936237
30956305
30966065
31250480
31557799
32378832
32445534
32572860
32576736
32665295
33182965
33298139
33499113
33522635
33760136
34207923
34403872
34513088
34704742
35203537
35225467
35475513
35578739
36112180
36411809
36692176
36706686
36720093
36841677
37168101
37206695
308069124
37312836
37402681
37562883
38052553
38066922
38576297
38741328
38764516
39354655
39690236
39702119
39900446
40261033
40350102
40576108
40608792
41074773
41155023
41291872
41294842
41517486
41548918
41611021
41952810
42096128
42455769
42497329
43024937
43988663
44164010
44647307
44913512
45445784
45577979
46029145
46165129
46366513
46420956
46769791
46990840
47124967
47277738
47421628
47693370
47851518
47908452
48021109
48198817
48306532
48424580
48978350
49590867
49697713
49721083
51120548
51180607
51735004
51839732
52008238
52326075
52336901
52621860
52661971
53487077
53613009
54232102
54355199
54442001
54449270
54625590
54757303
54811337
54985574
55370434
55522966
55612635
56026947
56402620
56420767
56525864
56948651
57056810
57083330
57116798
57173114
57192182
57235611
57753764
57970345
58013201
58431212
58570766
58805576
59957271
60065811
60661012
60886270
60919394
61057258
61104857
61276752
61520613
61648113
61677561
61797681
61852874
62315554
62731335
62775363
63077637
63246316
63311384
63574073
63747312
63869139
692800001
63924993
64481758
65338455
65372505
65945773
65986398
66100343
66188048
66359955
66444894
66470774
66725133
66801057
67486634
67562318
67692960
67768053
68077276
68758475
69205775
69813832
69929514
69993627
70195169
70228628
70567439
70605355
71274318
71425964
71472736
71749120
72002279
72063289
72254854
72656214
72781318
73181158
150365875
73339811
73398374
74200218
74347659
74352348
74430444
74524232
74644994
75361674
75502694
75694887
75770877
75781499
75869609
75897611
76171051
76474226
76880807
76925616
77291881
77500818
77737598
78094111
78157983
78165287
78412625
78883003
79132552
79244279
79329111
79731320
79732637
80087015
80096813
80618999
80924124
80997435
81321917
81497778
81721376
82065745
82208856
82575362
82698490
83709763
83824874
83842964
83921896
83991660
85069530
85947233
86218789
86606320
86773366
86834134
86853423
87006306
87833997
87922728
88359260
88521080
88582519
88678883
89296019
89713741
89715172
89789356
90106138
90119438
90393097
90645130
90877814
90920700
91571907
91654660
91912399
92122832
92614482
93031777
93281087
93892292
94007084
94153873
94190195
94213048
94214706
94409538
94889379
94963130
95157372
95565991
95687284
96002116
96071723
96171416
96697951
96786445
96896618
97582110
97792902
97796295
97802098
97806537
98057202
98627365
99025224
99124419
99223602
99799835
99909070
100012302
100059727
100268285
100457805
100860281
101214764
101459499
101526802
101641846
102382268
102658485
102783388
102958562
102991255
103104621
104394758
105198183
105260800
105492641
105925538
107041035
107064723
107501045
107892113
108041967
108051398
108672710
109031187
109138718
109732409
110566617
110603726
110736699
111128565
111722782
111844285
112004985
112082400
112154421
112695641
113073021
113132524
113293855
113365556
113473610
113645709
113690890
113783773
113829442
114186675
114212231
114442067
114518791
115172861
115199272
115217573
115880312
116389487
116398366
116573694
117394868
117584741
117649897
117722662
117857821
117969847
117995632
118155178
118244543
118303438
118416054
118531957
118684753
118813796
832697899
118905113
119421063
120305488
120833128
120838915
121082262
121209281
121441807
123096061
123361500
123380893
123534741
123946106
124111664
124117311
124362684
124471152
124811262
124996954
125083275
125407285
125494154
125975887
126047723
126178471
944430141
126412651
126469028
126635908
126969635
127016078
127413460
127688623
127705609
127722610
128254258
128495632
128545428
128800801
128905827
129088532
129340302
129344348
130089412
130311128
130586980
130796509
131562233
131821966
131924079
133105219
133339992
133544753
133935199
134027103
134033433
134076570
134250726
134515611
134586264
134826135
134949031
135008645
135057081
135057969
135157627
135272224
135372809
135611197
135714900
135780549
135975831
135980274
136017892
136137859
136209612
136310497
136354791
136554679
136651940
136888033
137125990
137363202
137369190
137391220
137584021
137615972
137960129
138260330
138293926
139216148
139954286
139994893
140593845
140759667
140876123
140881796
140938955
141579064
141827427
142026265
142034426
142081649
142360152
143144812
143454001
143542838
143706935
144177263
144273642
144814520
144905691
145059579
145475531
145844572
145862163
146272194
146782182
146833619
146957217
147208566
147451973
147610335
148312897
148901490
149466672
149595448
150465867
151007055
151267953
151600006
151984163
152718856
153131753
153170360
153708077
153731765
154011525
154200480
155667004
155704927
155832856
156132657
156262411
156885841
157213164
157235784
157352390
157476520
157806190
157847243
158439048
158678968
158699708
159047297
159187976
159461948
159478298
159576470
159927533
160267925
161278075
162616291
162706546
163201790
163412400
164037527
164649310
165162683
165616828
165627545
165681054
165812892
166165530
167052778
167598405
168100912
168123491
168298316
169598250
169612030
170082616
170096853
170335462
170667754
170880421
171110765
171348369
171441215
171759317
172100931
172181032
172507719
172838714
173018272
173042544
173325059
173408729
174100731
174888910
174982175
175510394
175788164
176022295
176079685
176535539
177148150
177195007
177418425
178312799
178527204
178659281
179153768
180270581
180337140
180347469
180355194
180410620
180432985
180589600
180826174
181111732
182650953
183523153
183860891
183893747
184373403
185094082
185229813
185300705
185610150
187993367
188097170
188301765
189682768
190195804
190245172
190868006
191025052
191640298
191750535
192124760
192195347
192438542
192648699
192815447
193191505
193353475
193639769
193863672
193865175
193878771
194687170
194717484
195064148
195581485
195685619
196197077
196512587
196781751
196997047
197244523
197562400
198096638
198268743
198354174
198729587
199082843
200213478
200316772
200381146
200744085
201134581
201621891
202050933
202791562
203397375
203565133
203632311
204404337
204978579
205124980
205600318
205639496
205655013
206074013
206289362
206504802
207071114
207286068
207366447
207669753
207784410
208213443
208227599
208663059
208922754
209760911
210717983
211087128
211641258
211763362
211767619
212101335
212517723
212873537
213234062
213336647
213814383
213883122
213891546
214051683
214129453
214546590
217458311
217585598
218469621
218986197
218989479
219683206
220013142
220426760
220461538
220838039
221817741
222250090
223785942
224230213
224549601
225096498
225118324
225245648
225467357
226224543
226304698
226398233
226657777
227708494
227996480
228108584
228319259
228491033
228916239
229636185
230745252
231410930
231793196
232743968
232981375
233618148
234174125
234213390
234597401
235336524
236047294
236189597
236895157
237061510
237507988
238535020
238569998
238573660
238808621
238873237
238992696
239141872
239950514
240000140
240041336
240943985
241940571
241941737
242768683
243441412
243771236
243827164
244582869
245398500
246336647
246888458
246901974
247125657
247473840
248206323
248604505
248731023
248980489
249026870
249515902
250099425
250218607
250631599
250981635
250987525
251870661
252018306
252122801
252363606
252757736
252858977
253660880
253666109
253865468
254083962
254091874
254229965
254284734
254562680
254772045
255225070
255229044
255875925
255913867
255998456
256582089
256605749
258159643
258298477
258368284
258478186
258478258
258629563
258808855
258937734
260492715
261102573
261498197
262111203
262528276
262697097
263426965
264231254
264344328
264771530
264936412
265119261
265329873
265482341
265551972
265701871
265734307
265752180
265968055
266233291
267573821
267765499
267953995
268000003
268095475
268230539
268736593
269095478
269156880
269753787
270036204
270451941
270527240
270644708
270779881
271092886
271220645
271345077
271563368
271592397
271711961
271774772
271797888
271801738
271905799
272276215
272595002
274106103
274162472
274214674
274578711
274603247
275003991
275551419
276131534
276555809
276841706
276884732
276920830
277021377
277506959
277739934
278102373
278114557
278887683
278997581
279471802
279578107
279827334
280377760
280545728
281074700
281334383
281383022
281764324
282151699
282158224
282374455
282439465
283024327
283120562
283196429
283289089
284263747
284412111
284709286
285521537
285544921
286481716
286654073
286669253
286710679
286914904
286937454
287086312
287561354
288268552
289670128
289691722
290450619
290538600
290677965
290799903
290986250
291608057
291614116
291674486
291959996
291998265
292047940
292104244
292743999
293002002
293084432
293106286
293116108
293256708
293398283
293673859
293744542
294075080
294112759
294517502
294619552
294710902
295032798
295207483
296021694
296027216
296161512
296498675
296547871
298036604
298464217
298502609
298561346
298648722
299047437
299075418
299251431
299315228
299481276
299500456
300345303
300642469
300992479
301469209
301694297
301985721
302251263
302530128
303484748
303599901
303831400
303841192
303871874
303947640
304880518
305277122
305282766
306343137
306566138
306667104
307071095
307146475
307390559
307599880
308331090
308991758
309183160
309433562
309454495
309863353
310244629
310481565
310722105
311647469
311821193
312304743
313062170
313158873
313512680
313886074
314416354
315087560
315105816
315946020
316218053
316787937
316794824
317248946
317436981
318069637
318480044
318516082
319160104
319234693
319644497
320482436
320534405
320824613
320895954
322086472
322199335
323243612
323303349
323533088
323601169
323804285
323901958
324754627
324967331
325377513
326115554
326185635
326627689
326651850
326882897
327015372
327077617
328500557
328554220
328758906
328838488
328893147
329400149
329951456
330142294
330421810
331155778
331469300
331850745
332421530
332453935
332833922
332848966
333199484
333346565
334363395
334615694
334719280
335040449
335597151
335796746
336267105
336598219
336834433
336865065
336914485
336939489
337284295
337300409
337754375
339066658
340138018
341091653
342444131
343408574
343551175
343684028
343856690
344068611
344501913
344549838
345083368
345320039
345325362
345722713
346024533
346123512
346328251
346648139
346662631
346825519
346954954
346973336
347634901
347979827
348036500
348313604
348669431
348815289
349156747
349519367
349803499
349866937
350018172
350063922
350121661
350457968
350594490
350866041
351546568
351824238
352709167
353050380
354212053
354238437
354363193
354703847
355084603
355723633
355729029
356924950
358007507
358055834
358162309
358733283
358820970
359260763
360143669
360532494
360538076
360844028
361417011
361488513
361696227
362019586
362438589
362814507
363454172
363464618
363477839
363802410
363950944
364327867
364399977
364680435
364728596
364897605
365015530
365084403
365200092
365231372
365613369
366361702
366691095
366725904
366788100
366811354
366932897
367174510
367427553
368282109
369075133
369567768
370334549
370532537
371761113
372204538
372811907
373230754
373669142
373676408
373958319
374207968
375226674
375774511
376774463
377000895
377776829
378682868
379500566
379540467
379740120
379762157
380247877
380718792
380971796
381139210
381390034
381473612
382675969
384764224
385837689
385907616
386586481
387463602
387670828
388108133
388230284
388325134
388373096
388427902
388792107
389108661
389767288
390178090
390361339
390656344
391767922
391909852
392419556
392818627
393770812
394077327
394528562
394659112
394965866
395168637
395274428
395326313
395543856
395737943
395833380
396121902
396349991
396612275
396757890
396989288
397356502
397814484
398551497
399084948
399384213
399904274
657535083
399949033
400262084
400550293
400966151
401709015
401910695
402003221
402128908
403604840
403633479
403735143
405100756
405643302
406193970
406375334
407032213
407568004
407783944
408061347
408099501
408192626
408556958
409680512
409722725
409847147
411171359
411889788
411974781
412363374
412650218
412872637
413129899
413637201
413752556
413855699
414354355
414935427
416057794
416476988
416766498
417323877
417326571
417618324
418292279
420362703
421054028
421461661
421484686
421579769
422301622
422438076
422813110
423591165
423611690
423934102
424014930
424252270
424433216
425157319
425170966
425276951
425291744
426687415
426960719
427240075
427294224
427464629
427635417
427806584
428269580
429106875
429672428
430109220
430650829
431012179
432385735
432588899
432764945
432886678
432964309
433150298
433662514
436122762
436365360
436480741
436777015
436843432
437032060
437209179
437488770
438579016
439270301
440307503
440745415
440949430
441109688
441245725
441539747
442058109
442816563
442914689
442966375
442980925
443571408
444442748
444492927
444596263
445757495
445850820
445982612
446340982
446346642
446501112
446549263
446668506
447736159
449221636
449759326
450049179
450444806
450998861
451110408
451567385
452493389
452823606
453375006
453481817
453681383
453795760
454679163
454783643
455385172
455612445
455860416
456175194
456333170
456475162
456590049
457730788
458509384
458700593
459355693
459433085
459510137
459724996
460503164
460936451
461637589
