3000
881787114
882615844
882777901
882831390
882864832
883065812
883156869
883319802
883405625
883648236
884450199
884517309
884950033
885221052
885937046
886935140
886998320
887116736
297166391
887205060
887495355
887663465
888548908
888674215
888771430
889033658
890139410
891112066
891844458
893036751
893247384
894350543
895270769
896371705
896432402
896777920
896844531
897257345
898298195
898354527
898715176
899545182
899558254
899670752
62889809
900360826
900663602
900783781
900887300
902737152
903394385
903666427
903771718
903795634
904193173
904592392
904893577
905209975
905820901
905976666
906668024
906849370
907225129
908951688
909455562
909598306
909979046
910095207
912361671
913535741
914031820
914209016
914607108
915400426
915869080
916379244
916613256
917641284
917643210
917854225
917957203
918204216
918313250
920380332
920717558
921224110
921677789
921797311
921988918
922444163
922506253
922860361
923561223
923661435
923893350
923936174
924216235
924291980
924306935
924342972
924694643
924782798
925329590
925837638
926232273
926830740
927115277
927651935
928844257
928860766
928894357
929351669
929502357
929924841
931246781
931567589
931569014
931636173
931947790
932097584
932263600
932821037
932830739
933428471
933633747
934050935
934055755
934638625
935135937
935407423
935479274
935812272
936005572
936565529
936682919
937081313
937793784
938052787
938106581
938333149
938660951
939450936
940090150
941105470
941416522
941526585
941553027
941919875
942761264
942802281
943649797
943945476
944116601
944146824
944661049
944851638
944904651
945955357
946309734
946832561
948534035
948794633
948895876
949342084
949370290
950179339
950523775
950543422
950585079
950959416
951134031
951844219
951913979
952187674
952224629
952276973
952426642
952971879
953147785
904792270
953482447
953590535
955454440
955799457
955952452
956123925
956668838
957434606
957851587
958034764
958055300
958066406
958122114
958251191
958576686
958758746
958979839
959297195
959722412
959835916
960259666
961080398
961234251
962539247
962769976
962990071
964035370
964121584
964157186
964193948
964271294
964615469
964713654
964811195
965253350
965508789
965719590
965762470
966488798
966820329
967488846
967694909
967771922
968490280
968857983
969115066
970090138
970196274
970882154
972270054
973211145
973283762
914339997
974378845
974418354
974691248
974993946
975096513
975963866
977663114
977679826
977717406
977823754
978648004
978751795
979159886
979385769
979828508
979984646
981141387
981505095
981737691
982070899
982447923
982492070
982655878
982717445
982950915
983157537
983510697
983526475
983633502
983914365
984450396
984617883
984682294
984687554
985458845
985818433
987980740
988513313
988592640
989084376
989171752
989271320
989376685
989759655
990245167
990345433
990410707
990452274
990563588
990790704
991477859
991701995
993329742
993520197
993986676
994097728
994263939
994435973
994695442
994723158
995041080
995135515
995789803
996040469
996080350
996449301
997568567
998078979
998091204
998396598
999057884
132472220
238517487
214915459
603534865
104953736
308808698
822929289
540219130
334752065
703639289
149421935
611625244
195940537
239239693
331907169
533383174
445262567
772731498
862311534
770475307
471835466
593612473
77577432
362646137
683218642
879513571
761228591
476589696
746882086
971847743
321987679
535494340
111885739
563829616
806137625
865271079
445975149
477774940
268146673
514236283
228185257
208931565
131822559
209510482
119698364
225134332
657602358
868299461
548807243
630207842
663537114
739572375
230665755
236931488
625355189
482260122
593870772
534009253
104722835
393616358
642712881
359769622
659619914
473983956
289455460
311735230
790262142
530914407
657916918
725204537
617657763
259340489
646740474
88730909
646181813
648228883
775548031
697563047
229650863
502710097
563828923
437497062
470049996
517343375
245258553
853519960
433345334
195382345
527529066
851375579
332378758
874762412
746973911
96879430
419085912
239284674
221667621
457575366
239347956
575797404
93306808
113305907
531864759
700386480
872532096
553410022
878448640
374528022
670068429
662084491
282228796
228466511
165079778
810814273
120882156
550591613
395822747
607849402
113633380
382351247
381507088
594912239
617919253
793281499
657849107
180375440
384196792
300919225
446737625
463636477
281733286
273321881
442955005
239986775
591585916
421140174
693549334
219017060
192464124
315320571
663326882
369459734
802955794
435097397
527960032
299786838
626927494
82893009
349897893
686534845
411587691
416370423
524985886
76074740
281047119
622286436
879681893
809720338
713137151
131696462
114247660
133298904
443653861
361043115
486552955
294506024
113498177
622027176
369950421
122617867
633566621
328295228
524641388
741359093
831981402
649672819
524749058
121883751
578191222
592713064
757424266
573807109
845571789
574723814
595691527
126612780
786951994
212251289
853497718
558556094
137907159
724329486
824999381
698092069
851256494
810822104
696387015
707861451
859234464
863026733
99438229
411744930
505435354
626085399
844414220
516611070
751164792
872325055
98890732
542335500
356066461
86490176
266727529
301560605
166285404
853908372
152843644
479299848
736049489
350675181
781017874
300342190
714853278
233796657
265673906
383188455
122730706
608285149
143781009
839758080
645328683
184824914
267084794
222403027
478233674
177319844
431794955
765738410
84376729
723051587
91936399
751725828
332640394
310930812
104223150
145751795
397458594
528964576
489623083
176163810
681082455
836270417
748740369
139526249
792080744
92450059
102896102
727501452
523747974
432237006
506918195
131642813
131374469
307791767
148023428
631748772
85750783
824948190
255016471
880304905
597045212
628030537
141169194
812970722
368362544
600663748
371050957
565056453
866042056
717783322
225690209
240703415
430938679
183332786
709125185
583800323
705034791
170724250
365505400
661073570
126874205
783192261
467293426
756200878
139424852
336148856
288438529
775646830
724819338
204115649
555756585
397839538
357003404
353666891
447948956
677852396
161930584
224111602
103185782
744650458
569648239
732872421
835410997
97693748
310120756
151457599
168196062
745342619
382306813
388385516
279946060
218284422
867802137
741375058
672519979
699467759
450703521
200935440
387449761
472393597
867748541
125194118
772175939
587049756
567025042
199303453
840825884
542532075
553735982
240970927
667555375
245642846
520832484
140323667
188564565
292991217
336347176
714749383
425914301
446475674
772152668
542767166
675225200
637524111
662612592
436245995
626851177
667423825
112657457
656522588
536382431
141554712
464283964
476116208
470954257
121106439
556825088
185553986
216228358
143104089
841603345
576754715
613518823
709197037
631709306
860193992
86759616
204515980
295323508
519626147
881509379
503505033
113194881
428952790
632025157
228678279
635131529
515019252
692729866
171952271
794317602
767050208
149760352
749797549
115557126
545200559
640577622
493222079
878495267
455085849
793597200
237192084
736913503
643995799
294859827
157402619
364205708
591212026
126976946
108228990
152434933
804190437
309297524
442263867
788729404
680380172
179862747
875761496
752168737
809031525
93363611
407818983
687640603
121921314
123827602
168875249
411738634
283533015
104909700
507308991
287477174
321257423
439567063
579313668
688714945
724269750
271783480
463383568
467182005
612586619
225404207
145656664
797476587
90546282
861874463
485196730
880226406
719323902
868894982
363734127
94918875
154617704
774383107
448617956
707958862
124593404
300070119
126292665
501799745
86695528
662817260
155434975
454203862
372961679
429634545
850573056
585656561
126330301
275436399
856313039
402241307
103373614
632533736
574856362
336816677
868784800
767105717
276854147
149700796
130619401
378689737
860352905
131829926
501137102
325311296
99815151
398212436
90215027
715381585
177345763
560675396
104618743
424134853
90921862
791433990
123500778
576744932
399373447
84255770
704579601
641938922
387149587
108808868
315951226
222166511
431085039
323678141
848614567
866673436
787746579
379756554
293601339
757393590
425726781
164121043
410613502
442026794
130877910
411554485
712361415
177091103
599414280
775827029
721502598
397885378
244463839
230553848
830407482
653524990
624672648
671953331
203177613
728259190
816510518
571369260
777515692
115380394
469033847
524194763
167189466
643554005
475991310
729327951
643105174
219013880
172708522
92853803
114023130
794110020
505158720
173313836
393163074
871307458
434232400
84711164
605283055
324703842
268858011
144113320
122883224
767536689
708620064
642226362
163347786
866055223
101452636
476107490
170973898
815644630
117532393
209797240
82311752
643858724
574235540
465446435
733301747
273323995
316499929
844381417
414183769
287200050
200269352
534096840
683389446
637227952
102239810
166992777
715288603
411626117
409794221
95267780
557683505
694198253
277587201
151412698
560513636
808905684
235906481
697100806
625201654
660050441
610666995
335917593
191709377
361270246
811635160
200029479
389616449
81269712
790329641
695044764
297769219
785652350
845598967
753069781
537766233
552241749
605226059
282766361
616773767
595771177
300099211
477833659
262486795
218205897
75334644
120010690
759229066
588705599
729003726
267723872
361004552
770942227
101017318
672120072
813617297
122118546
182908367
590266988
259645015
401683339
419681878
523418171
375327342
706702365
541071244
856007644
854818246
424354591
734587592
189780436
138281626
785733236
519498793
835491941
465055308
830110676
255872713
194667963
779316815
460324759
97162696
564070919
841534752
576153211
432188180
790377551
714177849
451008584
154011995
743337152
450505413
87866207
755746317
505646847
125647394
256256576
643322198
423718668
173172607
171587447
367873107
358078174
762428452
761172541
563604173
775178354
328291770
391614605
151464819
161335442
708143023
112592732
248936278
107767907
749973760
744726956
329326340
562028414
260154173
686944804
465731857
498658239
448657122
513435598
548371986
333763059
575632063
547958595
860671266
335400672
708764577
247709319
734106791
125528594
872370924
322623302
685150457
82363270
499742874
612940680
151005937
296689031
823714723
301036870
99957549
745574018
531199237
188508419
659005530
420006891
187230778
492816431
185330947
666638035
835685352
636314019
455564658
639331027
694545152
394328301
556438019
318956874
593608237
476059043
350965150
679553446
342609398
779709362
756119659
845345736
336174498
767721990
601799133
258312531
274722973
160160968
700682990
146389969
250127334
242292315
484674121
515584037
784366843
428488415
832698947
476062087
307663783
498362841
729523676
641215925
358665412
172926366
553672672
375495453
576213267
677528219
324492174
665232549
228533318
446119236
382781469
844601944
195067989
709540113
723830481
193417897
753190915
700810631
678944049
414099696
205791584
823567956
196002134
623259411
258836488
211393095
99266749
829302470
107355390
158240071
682181072
678369094
519129970
858014307
847323921
150676171
844748188
263135563
789311709
859237883
812346234
211495227
133702017
871305145
381288981
601019999
250183905
451701012
514319328
130231020
748520252
452409906
433684509
463745034
193434579
221509744
511182030
415547778
510992111
81324501
466164916
744636523
641781421
536917967
830040222
78678143
352287760
429110251
787844614
132462965
130745416
683271122
180143750
830429605
763034894
308028258
570209376
92467895
627132994
853373766
801773607
460435450
434479731
415382859
542586075
488503974
481282122
402559187
180704015
719606224
484416962
747513239
532902007
128512888
404201067
745196364
680153889
767532688
465550670
869959545
103135290
579453877
201973045
305625006
742166045
490683758
247807063
486246401
104416691
533317680
239315899
386493118
145556226
878788311
571305722
75858074
499775335
662005585
560155882
446693464
102008240
750780189
867310414
520245577
405770545
406851400
481276118
252547669
864021474
686797460
273050952
140766537
867127056
284313599
450364136
308084770
630556185
591749552
98844638
264232750
377413152
269743789
286286746
93800540
631536709
526781731
598378783
497909019
259083910
580107709
151970608
515539030
437122594
172204263
665402903
234420268
547443159
223593344
104953890
527453326
463104340
685203324
238447354
617466848
501132707
77293583
767334078
718782729
719692466
372737277
476171508
176850847
820572121
484745206
707765253
620656446
453020289
793060469
388328821
91500819
399189765
130728944
662192476
160024183
557727480
835119816
161221115
373046554
285544600
716466691
599504746
322584719
626738027
720710928
598308950
475102931
467834915
430787668
396276385
626600650
879620955
393682880
217566849
426880926
719867190
157967460
176850744
796821462
505522370
218849999
111343955
562300383
106478266
686220700
775782657
864970634
702882777
727773053
756352028
294831607
287366178
854878934
143819656
302726529
180216378
359681871
390086685
742181540
371390953
336408964
289405828
576174880
821872921
862361828
305689139
141646715
643124182
104347264
117772730
719500859
307533994
255628552
511978890
625787484
450157556
471630970
242855838
875914585
865378835
507091006
861056710
174593915
390426527
454239114
398839845
775332009
518928861
806203719
873341270
107815823
339795908
616540742
231941208
552532661
867037552
650411253
154209434
177863216
333209799
516026199
238317541
805423834
85014580
753637212
597609056
293028738
436676992
660285618
726309151
754404169
147239860
794802412
280043359
214278285
704373917
128403330
164700927
287397569
788387031
761605876
571920711
109654436
99990888
585926814
527227514
409725977
609447627
705768036
110222933
709376135
666463937
746033802
243197243
173648026
335049689
737261522
160417314
442593099
641720667
370828266
568478702
803263306
395001500
461030002
273800664
816445352
684773256
699444116
868569391
707861246
174766256
144431406
538777396
536236500
227435379
135372383
215898346
647155904
797885163
762915620
867694756
450570701
279669625
662842232
536846627
183270851
120065066
418582860
824245189
669267939
238614663
596548517
514518384
713764599
497029067
552357944
476584169
554604395
144162608
177849698
338710635
809366878
299370662
852347823
561417187
118618280
263014333
137677302
241498304
790337325
311023899
357818412
596322157
813195028
232053984
104824490
89444830
761699116
685215520
220330780
574376180
307641694
80889538
763490330
459996422
443113779
589686992
236838212
434343687
110672603
847569637
648974973
566148739
269770461
365399817
859584072
275501406
579796902
545929040
234161128
74973551
245453996
417929869
574773789
687337368
875624318
596442068
126353797
161987493
878614292
115611781
863265696
817441964
393490426
177577953
136756415
152423254
805734869
743167775
647618384
821140694
456534425
776244998
409404301
284184501
409671148
746623076
284910738
724580847
554120599
469840737
189412539
96441598
106562761
530501068
490212341
138779290
815713825
399785053
494014917
715132609
822267887
778793630
447802730
109305647
316323572
377755609
253284520
424604560
519846409
816120915
161387938
224213318
477238984
456169493
77600026
463957380
171628932
640548952
480916858
320320558
871018527
277187482
185703716
110007384
485988964
85956077
221153769
845791380
805659884
723411455
718892039
728304416
183559850
244365189
799720416
205729672
306040810
443485409
323331002
389798416
752727211
300862179
269122167
95454448
832774989
354172529
157248984
674449854
409308989
298132722
491958421
635220422
832836664
101063581
278190363
192362785
95394073
862859792
526964046
829303260
410508704
483728427
562363822
101551596
684026004
371718463
645277948
543093944
842295394
613386204
266134693
99672844
128359743
569758432
148315906
312707027
806008037
150611928
490955618
669328055
407946178
263569834
507389812
704333467
668529540
127988664
646176258
784302314
417867322
799974735
772110087
199949269
332060428
137176076
282909915
184708994
354053474
546411288
781579454
504817122
231864694
136190731
395105746
797921959
520644986
348613723
707700145
879052799
285488099
470130106
98653468
574348182
100343962
836405455
196691821
202818786
270048363
802704950
467491943
346696463
839119834
690921220
851092081
631164063
635870098
606570413
731054485
615137958
312209460
747934867
127057813
857218033
199135368
93237929
869607490
108577557
806880456
863213316
581415647
257017185
136183158
814082326
158112600
79750143
719557648
357482855
605735919
251393963
804035615
448972938
469596476
89319506
806217743
288449548
446963982
607207295
831236362
142714112
873497177
738165533
587100777
377674290
332883093
142134096
235368841
674364557
259423020
726437235
512929534
804954489
537124300
170459549
713050962
558200677
422319005
750109880
780244774
77362732
269668513
834319958
256303568
162000184
143468728
128357808
267436553
368952145
783849611
328586813
390955181
143100590
597918127
102871781
739978472
313148069
471620861
473013714
511064772
84447150
84349406
638155934
201950500
808759832
130691487
544346748
223768098
287714247
299012416
605350807
515777060
604481587
79903984
679778922
720283687
760855245
779397287
364744655
527672515
950959405
827516428
139631659
424055547
134634638
105657443
513262896
606567844
390246194
850851930
149056459
573586833
856793454
526815798
297214688
137952278
495696646
118181475
111645719
635661518
493741861
170461558
567335320
99350832
593180089
404824357
487456138
173213612
777371576
875805005
124907308
511211852
192015807
780090963
646998440
637937295
214629449
389221580
577609632
539779040
194585971
778238519
501091583
850330092
604600779
732225724
625805295
289776933
655867695
493175049
517273994
689867499
767973710
609240577
544801502
271414881
230991469
104704215
720541662
339512345
407583195
434825277
366914638
484864518
674380966
116037877
576003942
302943373
394158149
117840396
660248250
440205748
559472423
453896021
259539432
309168297
100278857
387388457
637227651
213757555
774928918
264927541
578653697
779992314
412435227
523833177
114148258
633830672
401430675
449648642
444499255
309722936
310035412
646733842
247016317
644221736
630138130
489318191
776806771
99012894
520269051
483117237
380351130
253785215
768361466
787793589
582298914
866537468
456531830
357491074
85250531
870974727
576282124
516826983
491268334
327089005
581894081
491764507
469017861
168195832
87667693
92739962
338798302
475441216
365706779
663983553
776799650
307862521
875923247
286799283
354551736
90699045
148248358
230727524
830241407
309446498
341542670
246524280
340056661
856309840
560640893
437583681
454272371
562408951
834270843
185527139
690359179
113731567
165443107
366306205
390241148
536532132
460872337
100834881
278839199
527588520
841347185
384404346
499700909
143416347
375844517
826535198
382263581
142847493
825850479
382620212
832762287
407343250
267196683
141310923
188141611
670465037
264966615
175872434
196024257
364214969
800314779
516164035
227533383
112151593
199909157
841465227
719563706
147991764
368509240
832687572
533661114
709118072
700892047
501590285
507399356
677065488
685023765
487428513
838088413
162449429
394526649
82317484
726208246
273071415
646004272
556768620
619169433
565686180
523258152
789606295
92864510
669333729
710316897
398476684
419029139
691721903
296678028
779999783
148386164
557433903
243541921
745102513
693096903
532027266
830810315
394942078
703205611
370831492
738186999
158057560
277858039
514465028
803321276
776193222
279065207
593276390
566096418
121988599
97206135
401597178
231919289
447844268
747731910
522911028
754046365
88391303
691566708
470679229
519485942
641962709
837352898
115474070
781778061
481391615
121165947
627359538
311072593
648654940
195779483
438806204
405197912
167344896
184389866
325282018
745159389
778872051
356794840
391179524
637487697
147606846
203381903
528077995
482013970
246864138
503837376
761262899
745452184
881331670
340582420
154097426
177782106
824976119
633308502
262286182
435727146
568872275
139207862
783529732
285786011
231601263
274121931
587533617
249916718
132843981
108673828
258131866
591634947
166476852
342613810
592334426
132213995
638119117
447847784
363692852
598865973
621121420
635689848
543388593
853758899
826045625
374857708
172354576
584101464
251307547
85647975
190354656
740496492
168546819
565213969
262240984
680354116
119078011
360339601
201027737
250151443
586161829
166386595
120686204
481859295
82393358
697332410
328985807
524780860
527096339
845587639
243154545
209897284
350447526
659872211
764682331
877608359
322404816
719214743
194856046
512784440
229568573
827017277
76650962
813110112
145239785
140628461
550864384
472643409
85138895
196365299
448385523
361111797
100927063
782236256
343107202
571851575
727637592
222859065
711679172
95647104
127208688
815212005
753832432
874946687
427910368
434485256
109897016
124471165
701841156
401585050
706182514
302387615
658985187
475550136
583278667
343762947
658440575
99072929
606764442
702088984
125694595
718586561
523942915
594618110
479853901
811211454
842905947
130373438
109372807
762311721
465639200
127591286
221502346
121876882
671471314
134477211
654982946
459041272
105408926
360562533
605688029
305341171
604096330
435451097
374367462
452626164
778207741
101040486
428520712
859498637
226955305
336058141
136767209
304482342
85454539
196046139
473314205
450692091
178814965
424840402
617284156
141594324
782289165
799076001
570266635
807517237
82145639
159199548
775811006
281642344
251316914
475737965
231825640
720523638
785469081
395370834
75033155
696881474
807016893
232279676
699370994
791412169
225407509
380596687
563745486
534307678
613310974
331257534
653609712
718447319
455824833
714071955
543436170
514025017
450062585
512601132
613231885
830455248
453750570
550415921
405001858
503619852
717949370
775575911
688885631
660191980
709932314
205770489
720637883
855612048
406538724
302379941
88716442
138425155
537480267
183515179
431463779
509808388
679126121
565883576
304148604
639351833
278122570
865761012
753974605
80135562
170229872
786644508
314832412
100556778
856427009
423274212
654039955
207669368
582106143
357983431
84397730
341579977
848290641
265618135
279118499
412372018
230621686
114209435
790613873
139816374
227615054
329547565
857482482
451137589
343413932
659445881
98401624
221996792
725879958
86540602
592575517
176970255
171666012
799989843
520937260
250101763
777582833
678569801
547894474
161221834
802122246
750708199
829776050
163583244
435524633
845502377
136302906
716818619
90294095
784986556
261799956
689103232
621299044
830126683
338989350
771466061
332050339
334938913
167674847
211662404
761216632
581150229
125939438
266912309
296461453
738904157
863451683
496472352
374815832
552665562
786574709
350500459
383280158
299683002
849452623
360929166
664330657
773600129
260789659
212744135
98268559
561700241
833680396
629600554
626693139
366372964
224600511
510442404
667358025
441891343
444581406
491175189
443967149
697655991
96284076
203728566
273364771
510139326
84543941
589359252
836773770
617646916
389136783
332201296
221999755
126649746
556303438
174440376
205544780
399738987
296999804
722003342
443989710
608977238
451518640
141590055
110405391
722323376
732029360
616671814
406020564
614611373
115359188
398154873
731981387
850702880
365970920
707518606
144371746
262953454
357669602
380626885
411169831
126661873
110386135
360138729
190098487
113813003
359246554
176631517
555243634
173001562
858779555
111711037
101485666
501645462
501340891
167881195
334672559
650338541
380920557
229152578
747857019
736845029
432042070
640075732
479627447
161231343
365664953
476239401
631114303
830514896
289726947
525731405
224946628
849116744
536611425
775145407
328719609
124050325
244366175
504092837
829516101
100429374
336599709
116521645
283612624
618985051
254316436
813160550
123610035
268559046
770529301
744575256
747498610
290562046
413170827
439508013
580529277
848945393
806628259
211532230
700010525
120690533
202389372
689859715
488140670
99593321
249862653
651216186
472844847
803799088
870004363
121079666
371581324
856971693
358873012
426358021
397926795
149847787
371074217
107837451
186002629
296751745
611258722
218213089
536005103
565671131
84481776
114500768
527300276
447776641
85983719
391032434
697340974
254057807
444617653
136851125
111564711
377252615
518590022
631888095
386331651
144599326
826228059
372073347
535762677
113463183
205624309
665909839
451783047
707600807
197428849
334537494
473091464
232196285
303718245
175267318
416073751
325211957
457876532
133629098
858967067
555492551
462713116
78529639
79452323
533053506
163445841
610371625
865383916
705937874
623613859
540173931
638807354
729886424
322939944
469727469
584472886
634510544
523851791
785647629
211075275
75255083
238178728
364195677
184249449
198151552
127254389
126668932
671453971
181548127
557444030
295297647
637012528
797827453
207728833
734214799
699270888
425789475
447195134
450145367
459986520
715175884
306311970
167100929
337115085
115215949
188717137
638875384
84719314
515746982
872935428
650769432
104798272
299598343
639909975
604728417
518610232
686359305
783879623
630119161
89481384
651365023
418222476
176403290
380957606
651589899
222352291
666226424
648029503
398295150
352217951
189249267
81223908
86632929
528031230
127992571
744803370
242402481
241508763
770380236
481793738
204062440
139911914
704232635
134754715
743667504
120212240
432396517
800288041
656911260
754412572
578479132
623552854
530825741
866322249
366216671
103282581
840452954
169791547
852298728
860177154
866316704
712038986
713415855
467457123
431529234
483787404
512354426
454890763
530642640
78105804
699463704
581494339
82930176
606528144
615777920
599177196
342468092
656940366
880226539
512166073
106008104
237085207
575851732
784583995
209154253
753582605
476383675
401732370
881201812
304099410
758276482
224606628
141879458
738211798
333723721
467947956
143117382
94644152
377060664
194760646
77265213
350401800
548280657
575847149
101599668
92784163
548422695
526214103
88629800
165265308
359602563
548404117
687267438
482099165
231690059
463969339
452367829
633720113
427514743
505881299
677297358
455979781
618560946
140196402
336868653
751885832
569947024
711742996
839455053
407569303
435622796
115493919
674655465
816208774
870170484
875584494
112309936
510578380
486325034
309630004
287767724
321580589
139375130
390450375
104580915
751840221
208509552
276769129
254428147
589202625
262275530
391944646
541747821
513220147
457085158
438304942
772840981
176206296
751969617
465765128
843380683
808657709
773972136
215722483
757115756
107388867
390313400
637064671
775152123
628203949
109263615
269623775
223310059
751520897
105988525
593509424
92511126
140509263
319819260
793901588
146943170
324685426
504204225
311996380
76724969
810599004
872222691
412851201
95231181
582610845
132882741
812692784
705747898
657439949
226054
486049
577428
698510
773307775
699640
746784
1083328
1329303
1890785
2082425
2165972
2268765
2659232
2824496
3152853
3160106
3188634
3275803
3479094
3962780
4056948
4080301
5539924
5735015
5856473
6143915
6347005
6389832
6518194
6755924
7267585
8330668
8339184
8492839
8902511
678750714
9018587
9537651
9622807
9725165
10120372
10221660
10279267
10418798
10419958
10563782
10627222
10727610
11128731
11149439
11365782
11386932
11422586
11970630
12010554
12228778
12738305
12822606
12875805
12988342
12992473
13111620
13421487
13661064
13949112
13998721
14098045
14176525
14327537
14724637
15353343
15723775
15782669
16257400
16486702
16629342
16852547
17749299
18435481
18607990
18912408
19415008
19425457
19444214
19724354
19888320
19889169
20397088
20475934
20505925
20672859
20821099
20910531
20917923
20966159
21515482
21574262
21644620
21984702
22246448
22400568
22412864
22522886
22573435
22706509
22729454
23216434
23243225
23254085
23358684
23409285
23530092
23832017
24462842
24582984
24656144
25239319
25482233
25562700
25897515
25921979
26374361
26423404
26610289
26712996
26918065
26949400
27268991
27413497
27669818
27982401
28449994
28563630
29100594
29176334
29499076
29999691
30026136
30046321
30167196
30518556
30622102
30767867
30914238
31321479
31667399
32250271
32514906
32679043
32741594
32778664
32818895
32929699
33260656
33343051
33727952
34103553
34212987
34285828
34520124
35419573
35884885
35986209
36253889
36523586
36734532
36814586
37135893
37164246
37584677
37882643
37929684
38549363
38618155
38749819
38893176
38995167
39658249
39703633
39876492
40459763
40601668
41172462
41221937
41594429
41710626
42123058
42180937
42390056
43301299
43457005
43581544
43725833
43753575
44401516
45130018
45254136
45376852
45666019
45703225
46009111
46099065
46707620
46805854
46991499
47044029
47570788
47608660
47769301
47884867
47890957
48119140
48125074
48895366
49393012
49523791
50552552
50699019
50709782
51179137
51208383
51263696
51894299
52477021
52664788
52792599
53022554
53092650
53290150
53547766
54033893
54344297
54395192
54592689
54770408
54963150
55281927
55355052
55602771
55894858
56474990
56870427
56880191
57196595
57388532
57766982
57962730
58418506
58842110
58938241
59221868
59543905
59578090
60275199
60589152
60766438
61357321
62746723
63210127
63244213
63478345
63638766
64016111
64116262
64246891
330782993
64299697
64572235
64656180
64709804
65001700
65138132
65400140
65723747
65880860
66238195
67272867
68130922
68364176
68389239
68712779
68857212
69569391
70617755
70792695
71144415
71884754
71891699
71910166
72174377
72427994
72440221
72852477
73005763
73742211
73792117
73893036
74043644
74081636
74237393
74350284
74468416
