5000
999959785
999870618
999783370
999664807
999605338
999596243
999558858
999146602
998446165
998388374
998298280
998087897
997784373
997664079
997614412
997491696
997403642
997269815
997219145
997126706
996481227
996199476
995957865
995836132
995814571
995623515
995532814
995214115
995148373
995131439
995131099
994971083
994638499
994453528
994417885
994403706
994091376
993834853
993568276
993458316
993447414
992499122
992346424
992265164
992258576
992242314
991403512
991216355
991077254
990781954
990748768
990536047
990497285
990421276
990186838
990029164
989972342
989944477
989925035
989829689
989813560
989689186
989429358
989416967
989390923
989346741
989210971
989124602
989016626
987787440
987440989
987180681
986794042
985829521
985602137
985601119
985530313
985266565
985007509
984940571
984645825
984554793
984459759
984451579
984187907
984069965
983976701
983882591
983861445
983734456
983521210
983135808
983047651
982823266
982808830
982787822
982424060
982345689
981716673
981703599
981654810
981592880
981112205
980390790
980095713
979949696
979432314
979386587
979271666
979258032
979126641
978847197
978510210
978468273
978312752
978101668
977986064
977975809
977724880
977255243
977050221
976990139
976935478
976881570
976791537
976611474
976606918
976570866
976428527
976425629
976066022
976046906
975962078
975629394
975079499
974597892
974521409
974094665
974014716
973891214
973492686
973185689
972659870
972174997
972130933
971934109
971819042
971772236
971743611
971598750
971475318
971460213
971164436
971083929
970945277
970922077
970907308
970765868
970593471
970418941
970260516
969374232
968971695
968844973
968762889
968550553
968529045
968385728
967834620
967501385
967362149
966936998
966767011
966746103
966569898
966204182
966152704
966141015
966002114
965972026
965895141
965520831
965492011
965410652
965385696
965242724
964776589
964656720
964632730
964618849
964512352
964375330
964361633
963911844
963500864
963272049
962325910
962280613
962241128
961797104
961739910
961584635
961574975
961104470
960772002
960457294
960124634
960079769
959819615
959633946
959596504
959382931
959277562
959080506
959054064
958422324
958409288
958156871
957933617
957524717
957483011
957124586
956813490
956801113
956647748
956291766
955990917
955644760
955588355
955228556
954844106
954800861
954554487
954370710
953811936
953779331
953624761
953358043
953346590
953239840
953166487
953094489
952894502
952277271
952131971
951956646
951254045
951209580
951182684
951152982
950227047
950094931
949646085
949402680
949194435
948732801
947878968
947878087
947743782
947698575
947585801
947322858
947304316
946954914
946410358
946378487
946341738
946337631
946034569
945177707
945026606
944334380
944042177
943878075
943704202
943367006
942972578
942759279
942331598
942292233
941795425
941765787
940865497
940777856
940710272
940362843
940341030
940339379
940084735
939675248
939610884
938714835
938628238
938309322
938231454
937852653
937795949
937623758
937423882
937319609
937256672
937074265
936953404
936815981
936471237
936257345
935997067
935926474
935780338
935675014
935654436
935202763
935165368
935075496
934848275
934509721
934494114
934459144
934284918
933915839
933860087
933766856
933623316
933203520
933085891
932787902
932665900
932514118
932425761
932374344
932223436
932029663
931977615
931426462
931359508
930873315
930497484
930201485
930133699
929970764
929570487
929469486
929320020
929064293
928737282
928219883
927569167
927224878
927031306
926923428
926914390
926844914
926742690
926593986
926579952
926569894
926176700
926081433
925984334
925844821
925727558
925518357
925166706
925152604
924989127
924979915
924479655
923894829
923843924
923784615
922810216
922786663
921966202
921564283
921466708
921303984
921246454
921055300
920984505
920967386
920778092
920718141
920714297
920385487
920072936
919675812
919403736
919320137
919310561
919290789
919282339
919097242
918971253
918906619
918638189
918427328
918374985
918363481
918337200
918159736
917560800
917503559
917455432
917436945
917416716
917408688
917306479
917301988
917182298
917118719
917054742
916992832
916665861
916447571
916162253
916006968
915863798
915490053
915449429
915406761
915390638
915325532
915192578
915166629
914835040
914833686
914828786
914823364
914789136
914692451
914558520
914531719
914028566
913923214
913384909
913152769
913136835
913044280
912920258
912793364
912775274
912642551
912312554
912033997
912033799
911987315
911918125
911522116
911473726
911435823
911349209
911322005
910935489
910904311
910723871
910678179
909897898
909684217
909423503
909383078
909234591
908860955
908848862
908468484
908446451
908433001
907864637
907695421
907658315
907445957
907340421
907250695
907166956
907069157
906841775
906501994
906194553
906187026
906115659
906113149
905873972
905781974
905657071
905635949
905588252
905411478
905240018
905207293
904948310
904926096
904636295
904608974
903427253
903186031
902307534
902228376
901675415
901602456
901033078
900856596
900470516
900441763
900421162
899737082
899417287
899050860
898804105
898692976
898605207
898240829
898143229
897669536
897341962
897327725
897286474
897251344
897160546
896796870
896635595
895852322
895709083
895690212
895673458
895638494
895529662
895516325
895436457
894991514
894968842
894414132
893890532
893868463
893642683
893461157
892729466
892350824
891942941
891392438
891316112
890736731
890337962
890239407
890018348
889933120
889912046
889811161
889709925
889257342
888952474
888861677
888503451
888438180
888133252
888025310
887334658
886932980
886922064
886498181
886406083
886191105
885885880
885883761
885877876
885711280
885545849
885485478
884703689
884611760
884376620
884363744
884362627
883865712
883742134
883230851
883217821
882634187
882330276
882172669
882114145
881689939
880881684
880526726
880419829
880238992
879869195
879646586
879599236
879340363
879282952
878822992
878387795
878291931
878216815
878091817
877873336
877778101
877767816
877759281
877499267
877470580
877266269
876891467
876390276
876264399
876157768
876103718
876056005
875675912
875387817
875237813
875166473
874372460
874002476
873710976
873666034
873213188
873170625
873081746
872483195
871708811
871628888
871347990
871109336
870744045
870597101
870589555
870565688
870423199
870387519
870317952
869976152
869649277
869522293
868947827
868560999
868405858
868208661
868195543
868080407
868005411
867865695
867752603
867727096
867540183
867416247
867196094
867144596
867073379
866774255
866720890
866716424
866683542
866585976
866242567
866041275
865980425
865817385
865185335
865174739
865072722
864983958
864696524
864614812
864493202
864222695
864202707
863457657
863222701
862976655
862922302
862824454
862290104
862216975
862035220
861876347
861809668
861769065
860943433
860674406
860501956
860489540
860393102
860222928
859507943
859305020
858990627
858600169
858500771
858166912
857830736
857580031
857568699
857549374
857446372
857336211
857028214
856853991
856786048
856760356
856552083
855917214
855615970
855602589
855299304
854746112
854680965
854333543
854119786
854119372
853874524
853767649
853742460
853589956
853420173
853259553
853044851
852848058
852328344
852108291
851984488
851871348
851731814
851258820
851141494
850897301
850639414
850473866
850201563
850185146
850173440
849771432
849714598
849659189
849567656
849349196
849060449
849052790
849032774
848900173
847989678
847552541
847401302
847125754
847118223
846944487
846853867
845783466
845055491
844924454
844836724
844784218
844704307
844600139
844573913
844568974
844560795
844295241
843750898
843624580
843201425
842969879
842954126
842781225
842297408
841770616
841476599
841460610
841443972
841433354
840927926
839847715
839837736
839728232
839534222
839178045
839171920
838795077
838686120
838620466
838381645
838322838
838180286
838122190
837991551
837688279
837468825
836806742
836798543
836788011
836395741
836228964
835897112
835796120
835582096
835454750
835422121
835167541
834831111
834813382
834524745
834355253
834088475
833255508
833246886
832582965
832482140
832334247
832214272
832129019
831927240
831614609
831383992
831173893
831107201
830872629
830799361
830538459
830192703
830114143
829875648
829724573
829466173
829306436
828793419
828631020
828455481
828409049
828272646
827982797
827952655
827633226
827395670
827374455
827235316
827234839
827153216
826976949
826955524
826634155
826597354
826431337
826430948
826153087
826030987
825580249
825354365
824999503
824861032
824854842
824533401
824129643
823816625
822966963
822825864
821729071
821680516
821286379
821061154
820662761
820514700
820312968
820117541
820036248
819921821
819874823
819406989
819307454
819198576
818892029
818735113
818150668
817913236
817855365
816470036
816412844
815570638
815283543
815205891
815156846
815152918
815019555
814935244
814917883
814774700
813957645
813874782
813764364
813477982
812863442
812817798
812711077
812108868
811993170
811776968
811560810
811484072
811326175
810904605
810808238
810667905
810667830
810614940
810337250
810328602
810164936
810150490
810145876
810074568
810041755
810015327
809825909
809803361
809708307
809418715
809037547
808891789
807980704
807214044
807201724
807052145
806062564
805890178
805774816
805565184
805243632
805045291
804853387
804672749
804598417
804547326
804456224
804358299
804144528
804013767
803928731
803909120
803832489
803636051
803581742
803539437
803311253
803196215
803129099
803038408
802979041
802289753
801835672
801773040
801604926
801552511
801533310
801472440
801437557
801176815
800789155
800611929
800265052
800255721
800254077
799970389
799967233
799948623
799760886
799754482
799594659
799322550
798901494
798826272
798475294
798298151
798193992
797653526
797621646
797476065
797335326
797180534
797146522
796925672
796811742
796795519
796788178
796647318
796419581
796356938
795530664
795259849
795164528
795127236
795031123
794652296
794422622
794091695
793800486
793763260
793593225
793248658
793062956
793017681
792938337
792917065
792560148
792434839
792087050
791870846
791785183
791735555
791652128
790980360
790978206
790440827
790251965
790219700
790212288
790037069
788802433
788684779
788679309
788643559
788572201
788224793
788147870
788070242
787929691
787841418
787583909
787240052
786839166
786248765
786011756
785992623
785822904
785809659
785768861
785687846
785369782
785350559
784905141
784580573
784538148
784257598
784193369
784003256
783483046
783331806
783129633
782942494
782473958
782428955
781995335
781880006
781731285
781175662
781159708
781071377
781060155
781049646
780969456
780752080
780617378
780489059
779871857
779819080
779814000
779740743
779700245
779473794
779390734
779347188
778821833
778516491
778367307
777936243
777729296
777400615
777234643
777095321
776748150
776502496
776163900
776032153
775896862
775873564
775794088
775757412
775544657
775204913
774419756
774136631
774058952
773385113
773267258
773184008
772981869
772740088
772563647
772427860
772324729
772029459
771862125
771693726
771658825
771639795
771543042
771296995
771283546
771021056
770845846
770774646
770215904
770000300
769795983
769534742
769410557
769268824
769166180
768918113
768887961
768499955
768386584
768196670
768060043
767882240
767744693
767546345
767365596
767348892
767345021
767284978
767051570
766271593
766214118
765703417
259550354
765344877
765197307
765043357
765030541
764948273
764811870
764788764
764523074
764365385
764131856
763895458
763845727
763775028
763673996
763225294
763221241
763174282
762895721
762668207
762629869
762003118
761619458
761558224
761496243
761292777
761142601
760694973
760554022
760196784
759831537
759812452
759792675
759664175
759596012
758892472
758651908
758541010
758515413
758459167
758395990
758164296
757909871
757488033
757441627
757427831
757306966
757198370
757165993
756545263
756495023
756367321
756020127
755979911
755770214
755752202
755600487
755420189
755316957
754800214
754679553
754559676
754111973
754020003
753982056
753941333
753794329
753724079
753690543
753575777
753470892
753008778
752687835
752304355
752144763
752041544
751086272
751067253
750911402
750742054
750530198
750353571
750312771
750266082
750194559
749903658
749874350
749806723
749626910
749459405
749230116
749158482
749099398
748973602
748826926
748704931
748536362
748230817
748217164
748160916
748074646
747921105
747100129
747067290
746918004
746812978
746691430
746683471
746445211
746296978
746024370
745813318
745464555
745320829
745295373
745076083
744692653
743890626
743600786
743484451
743408082
743329954
743183368
743131461
743114366
742831343
741862448
741659645
741495830
741464945
741233668
740959388
740815626
740680369
740259512
739664691
739348990
739209899
738305900
737909567
737885311
737521314
737405781
737029920
736641354
736467620
736165433
735663453
734510521
733507672
733472770
733345327
733318324
733285366
733200660
732440330
732327712
732126908
731975907
731939769
731808318
731494951
731220502
730876623
730048185
729974863
729777752
729674208
729341981
729207068
728129549
727761394
727709631
727414356
727264418
727088729
727020735
726716352
726546086
726350495
726336870
726277846
726212394
726091609
726080257
725637500
725614117
725598771
725119167
725074264
724751053
724612398
724603542
724423447
724073005
724053097
723990809
723642142
723484310
723322456
723269346
723094331
722978341
722832885
722821379
722772237
722275482
722242288
722190534
722135899
722007374
721825153
721606895
721263113
720994739
720754769
719827710
719565962
719331572
719331133
719313633
718864928
718651164
718494110
718459062
718258430
718027461
717943510
717502702
716895552
716332849
716305056
716277575
715741409
715641289
715498089
715301558
715209157
715028274
714894591
714522902
713877438
713641771
713257434
712650012
712294992
712146889
712037440
712035409
711602262
711571875
711380230
711333403
710912793
710760279
710716998
710278910
710262346
710234042
710172260
710002059
709701359
709471736
709220888
709117699
708877759
708730354
708728658
708380663
708353862
708244688
707561348
707560842
707073701
707038459
706805801
706741864
706494181
706161871
705821881
705614498
705394252
705311724
705260593
705061158
704990877
704838978
704423023
703887445
703633591
703471682
703317968
703315104
703097293
703029430
702373050
702279836
702055991
701984694
701895091
701833043
701547121
701497081
701266867
701052457
700912108
700183837
699883965
699762434
699755659
699655808
699504777
699398046
699161161
698824982
698808679
698431429
698291204
698132562
697899223
697860530
697637996
697490203
697444960
697334392
697193372
696995030
696868319
696592081
696558680
696517257
696470736
695814721
695557889
695400731
695141546
694859373
694679296
694526073
694434511
694253819
694061344
693756492
693552702
693451806
693375174
693080723
693045844
692872872
692780491
692301920
692254778
691465976
691389963
691011211
690833712
690473751
689692169
689679370
688767442
688664415
688576872
688415802
688346060
688317504
688278802
688253758
687859859
687539817
687012131
686338516
686275691
686212826
685999413
685780909
685705007
685597081
685562581
685520844
685470083
685298716
685298196
685283367
685175657
684778683
684340058
683914357
683131676
683037960
683014023
682947783
682939941
682680292
681978880
681950706
681756251
681754866
680373031
680058910
680049707
679140111
678972406
678964883
677900171
677822244
677291971
676891123
676873821
676482688
676432335
676429486
676142739
675844547
675486336
674685024
674470999
673180092
672886990
672584252
672359158
672353188
672142833
672139030
672104619
671908339
671682701
671607397
671073206
671008928
670883013
670702052
670589536
670261728
670216022
670151171
669826517
669777735
669480192
669369453
669047344
669017887
668975442
668941709
668925192
668875016
668763316
668271801
668242454
668208445
668207191
668202118
668056641
667794398
667721193
667459845
667296576
666957772
666604426
666530379
666084758
665038011
664487069
664479922
664420541
664400535
664170076
664162302
664150993
663705770
663631871
663452774
663049884
662812448
662797557
661833269
661773862
661745154
661662626
661561312
661223558
661027595
660993003
660976994
660607669
660414211
659843565
659733756
659562110
659430019
659391900
659282931
659228556
658737072
658281519
658233938
658087520
658073103
657859183
657620793
657441860
657351557
656954182
656638044
656524933
656422504
656410450
656153629
655984481
655914991
655861942
655272534
655192989
655133927
654964902
654720092
654560545
654338622
654331909
654079108
653955449
653858861
653518889
653322503
653267879
652893295
652249539
652058636
651965420
651159835
650707696
650367128
650180952
650087707
649572088
649414203
649116797
648972189
648881926
648324188
647754535
647742009
647652516
647503681
647307175
647224230
646906181
645930741
645925668
645141359
645115410
645016973
644657238
644050003
644018222
643914209
643565246
643528955
643412396
643300584
642977507
642932519
642357832
642115666
642110051
642102310
641955643
641769833
641733936
641701545
641292107
641239903
641177617
641120611
641052449
640866241
640754325
640723566
640444152
640228632
640181978
639912968
639689710
639472107
639401258
639078046
638880632
638821430
638656972
638610930
638529478
638217038
638177017
638171745
638097658
638016227
637749713
637617490
637214520
636875120
636756295
636644778
636384115
636293369
636021617
635234886
634905648
633518899
632936374
632906960
632829897
632814512
632743563
632481757
632351353
632158229
631880576
631553089
631475120
631454560
631273369
630892462
630736153
630516552
630509462
630389832
629953171
629854909
629812227
629224264
628909227
628804119
627626984
627557160
627490494
627004981
626797749
626227394
626167587
626004796
625918335
625895107
625716079
625615248
625369663
625351421
625267772
625259539
625009495
624893642
624649659
624592742
624478072
623857587
623853315
623743780
623593951
623297458
623188925
623019419
622836911
621587267
621441934
621411639
621029270
620827217
620581500
620525601
620515907
620179391
619992778
619934128
619928534
619839093
619668097
619600313
619155349
619095067
618720874
618593306
618477817
618210447
618144111
618124496
617960031
617911265
617816288
617766704
617574387
617451909
617393155
616872678
616801579
616320771
616233063
615998403
615959512
615910535
615703605
615360289
615254286
614415991
614396561
614241600
613893704
613643416
613616497
613295110
613079599
612610871
612458594
612447068
612397660
612161232
612052299
611912870
611714120
611271474
610832107
610821964
610649363
610613519
610419138
610115469
610098246
609723046
609553039
608952965
608887621
608807423
608715542
608481310
608031783
607640397
607508529
607507734
607424697
607101278
606979402
606900726
606877588
606193725
606007982
605559124
605349200
604935030
604714577
604663261
604573835
604326011
604084630
603456200
603192336
603071900
603065290
602870945
602854771
602714923
602559380
602517544
602468679
602458057
601989745
601950213
601553386
600536503
600219910
600166456
600067690
599886542
599742502
599549665
599015385
598729025
598487898
598479253
598230572
598191259
597793211
597515925
597463303
597149078
596930095
596686829
596654120
596496021
596346872
596209364
595811445
595583960
595526779
594189638
593922320
593462031
593010217
592654137
592163222
592046519
591827613
591772211
591554956
591396248
591249420
591227686
591165316
591137262
590811117
590745481
590706016
590603988
590455954
590059414
589671639
589403247
588914532
588862958
588567336
588526023
588461832
588436539
588104653
587954831
587803814
587551466
587349240
587277153
587135044
587125916
586978891
586934359
586854391
586633323
586599359
586500078
586368860
586297746
586015183
585726917
585599635
585490831
585420515
585290825
584860283
584550916
584046939
583683325
583571476
583521258
583409750
583299743
583271426
583179238
583042173
582849817
582823190
582773694
582707523
582601096
582377344
582217077
582173483
581551287
581010523
580965749
580766869
580622946
580327127
580020502
579718338
579664185
579313772
579090600
578945946
578887531
578585468
577703229
577629216
577587413
577585418
577530747
577488187
577234198
577061470
576888269
576786832
576588863
576482097
576359785
576097168
576018501
575940204
575763137
575588350
575492752
575460205
575348157
575124064
575019944
574955935
574858130
574790983
574520024
574494232
574396469
574058222
573933583
573620638
573565509
573538110
573060945
573004615
573002537
572844561
572430706
572270868
571953684
571910257
571702618
571618049
571496544
571257246
570563571
570524814
569677595
569456088
569301765
569233562
569196233
569050526
568910903
568879422
568477929
568211254
567860497
567751705
567632536
567417008
567325127
567296954
566907029
566249658
566042940
565482033
565135539
565073915
564998628
564808351
564212651
563974841
563814538
563616006
563351795
562204215
562146719
562079288
561828592
561188223
561147524
561081806
561057637
560764426
560749863
560580645
560440727
560109144
560040602
559894605
559724630
559481914
559143072
559037960
558870520
558673212
558581910
558405230
558316621
557974382
557789702
557707988
557707567
557642707
557254083
557230771
557059458
557022290
556358981
556253487
556107493
555920345
555283347
554859538
554723349
554721812
554441089
554383323
553711517
553654159
553459884
552911161
552652380
551171520
550350399
550318043
549504836
549333930
548708593
548550749
548311549
548093026
547941182
547894049
547515590
547197420
547151659
547050484
546786915
546761248
546338806
546298811
546284265
546183013
546144243
546087536
545823758
545816636
545807786
545590640
545391594
545385058
544373715
543512489
543393037
543173019
543059427
543037978
542928534
542837889
542762801
542576743
542274397
542172367
541992052
541949889
541828725
541737229
541607490
541335905
541265637
541187954
541104603
540484369
540350250
540292861
540181935
540180554
539946808
539903850
539754494
539747063
539720318
539659598
539351754
539090572
539064949
539035606
539011213
537752774
537187713
537172422
536984082
536977044
536948537
536824982
536783962
536363930
536342991
536337208
536188320
536107744
535948322
535849073
535846761
535041936
535028374
534829309
533770239
533389556
532976500
532845531
532617335
532580274
532498000
532470004
532300871
532066078
532004215
531971651
531904609
531516881
531479952
531462794
530956739
530932594
530751094
530629806
530471768
530424685
529267473
529159002
529011393
528880811
528273828
528026380
527979655
527892135
527873332
527781515
527764039
527610155
527422571
527138002
526770339
526483656
526181316
526038090
526031939
525745390
525708956
525443678
525252852
525209078
525186002
524940424
524923593
524842785
524631177
524051407
523998330
523860897
523483821
523350163
523305800
523246453
523152801
523015505
522980385
522912614
522875787
522748704
522172035
521799220
521601330
521458824
521363947
521209665
521056215
520937931
520844469
520557800
520397201
520276672
520241174
520178534
519832042
519735658
519513725
519406467
519376770
518946190
518319757
518129510
517995356
517609487
517106616
516847200
516750142
516625892
516565592
516538141
515893510
515676961
515480516
515375086
515232538
514924861
514657868
514307951
513666303
513661193
513553360
513302941
513239075
513201349
513131709
513052606
513044210
512707179
512611999
512608183
512557338
512449871
512390406
512276760
512045088
512014263
511737956
511683821
511599188
511494167
511286664
511283977
511009115
510439070
510331556
509923549
509912064
509889564
509866545
509818589
509644757
509599234
509591655
509567521
509383182
509322388
509195857
509123357
509058732
508682799
508642545
508285180
507930005
507569196
507566774
507375737
507342022
507299135
507173329
506881689
506708848
506245208
506112163
505857835
505581752
505004596
504395696
503774800
503506669
503440538
503410299
503380018
502859064
502586807
502123859
501954746
501903320
501833630
501811641
501696070
501581469
501443624
501347724
500971266
500636654
500507954
500479519
500466283
499709736
499540652
499358255
499160364
499082566
498927228
498140621
498076537
497937911
497865706
497434349
497391675
497250929
497195982
496857364
496665802
496053422
495703431
495524414
495472258
495410503
495341881
495200421
494771347
494693110
494422781
494213792
493960482
493175874
493083039
492842517
492842169
492085102
492080296
491381792
491293123
491053598
490731693
490713693
490419514
490223845
489690759
489549864
489514813
489455914
489342402
489034550
488937453
488851822
488806982
488431028
488332213
488222066
487852144
487658500
487213840
486852497
486677322
486612222
486438371
486319625
486237820
486075294
485966013
485260997
485148953
484735150
484666817
484333940
484263152
483920761
483849204
483589045
483248809
482723965
482371285
482094244
482016709
481865189
481840295
481748930
481639838
481633576
481506564
481335514
481075862
480624203
480559418
480284723
480088689
479628922
479621601
479550095
479073734
478852572
478710637
478695110
478529568
478307117
478166688
477995741
477839547
477775607
477592563
477486353
477363690
477343923
477109752
477050572
476719528
476535956
476071014
476024825
475994733
475911001
475635653
475541508
475422488
475410602
475400065
475210471
475209675
475077728
474933781
474863781
474800892
474629860
474201786
473995734
473572981
473474290
473360462
472880562
472338676
472142255
472061113
472055195
471924157
471541588
471037241
470291104
470190194
469833012
469793712
469668519
469569069
469412155
469237090
469229373
469182794
468893355
468885695
468652835
468582810
468419685
468320729
468267700
468195551
467675300
467612829
467507300
467283287
467067058
466764282
466683063
466228457
465381338
465085903
464683262
464412389
464178132
464003692
463939253
463927469
463920621
463462276
462924751
462393193
462182887
462120503
462052047
461961670
461827097
461736230
460606639
460580556
460559035
460382070
459926125
459745045
459651988
459421741
459295634
459181373
457834257
457786397
457686986
457033840
456628369
456492270
456302541
456295626
456287005
456276422
456114371
456094931
455921721
455913096
455849768
455760700
455616867
455425574
455265616
455027423
454907749
454834839
454734853
453840559
453826238
453514184
453494212
453482734
453437183
453315697
453085283
452976340
452790457
452644959
452598253
452147355
451820064
451631754
451543869
450985551
450789350
450726902
450632995
450344282
449924507
449881985
449618971
449508785
449061818
448501241
448367739
448100845
447897876
447713721
447657876
447201914
446658668
445590021
445450101
444865128
444552795
444525665
444525144
443884491
443876732
443816671
443610800
443556658
443489244
443430417
443382735
443265698
443149299
443035163
442922253
442872632
442699967
442011223
441678869
441645500
441572588
441198799
440998157
440780096
440301147
440298279
440222099
440200132
440197087
440127960
439840303
439813565
439747108
439519050
439276031
439236958
439038354
438931955
438617957
438565689
438468506
438306488
437636761
437413970
437187840
437075491
436889228
436732400
435780143
435768543
435079238
434886841
434613631
434468168
434417427
434239656
434168139
434094765
434087578
434071763
434037306
433947943
433922022
433880527
433757308
433697087
433614885
433610946
433452549
433415932
433415314
433056003
432686935
432529541
432516564
432253537
432180344
432058990
431824073
431649247
431526815
431078038
431035991
430796789
430598853
430468309
430321258
430291137
430276130
430192577
429721321
429698526
429476295
429225885
428808434
428507492
428397559
428238967
428016783
427840282
427813729
427803687
427650014
427586903
427568495
427236031
427175975
427153348
426861076
426843750
426736921
425975502
425967384
425930921
425803909
425218626
425145967
424860595
424716604
424224841
424117192
423797366
423721326
423520811
423490191
423128789
423109661
423027496
422401274
422299525
422249692
421970406
421926639
421666292
421406661
420319987
420276374
419972896
419872894
419754225
419661329
419631580
419596690
419142752
419125616
419009782
418934195
418742041
418588478
417363568
417273035
417215624
417210761
416471034
416356850
416340349
416314644
416032390
416019999
415991961
415965058
415905532
415677093
415601279
415205864
415205688
415161943
415122240
414919482
414764517
414373126
413956043
413935583
413518016
413495902
413069884
412759885
412601503
412463541
412412207
412358186
412307313
411820437
411613529
411601698
411200951
411117883
410533908
410477861
409868939
409756753
409744713
409673896
409648653
409456712
409341628
408768491
408569100
408447385
408372459
408310290
408155736
407918463
407906363
407829205
407254030
407184513
406669212
406566382
406069774
406029467
405861813
405829570
405753223
405624325
405265109
405158360
405084358
404944014
404861965
404763801
404589170
404555750
404477651
404165642
404129894
404077712
403795023
403789464
403666254
403656038
403176701
403085647
402597617
402584923
402065080
401680535
401538928
401475988
401331333
400128581
400025421
399698879
399676499
399369945
397952804
397681058
397674038
397566067
396833428
396772477
396579911
395712659
395640805
395598009
395079223
394735856
394472651
394413794
394052303
394012288
393942250
393877499
393870581
393476069
393206156
392897623
392855077
392787638
392718016
392438783
392399492
392249180
392158095
391944625
391814380
391389155
391192771
390751511
390715617
390583554
390399395
390326572
390011673
389772531
389565527
389101981
389001614
388892077
388638783
388272517
388172354
387604700
387246066
387155307
386731226
386583398
386452638
386430640
386364798
386276287
386187207
386154695
385849900
385668960
385649387
385379344
385349145
385198183
385032632
384914393
384817429
384711950
384690303
384541889
384528577
384384040
384240832
383948138
383836473
383648837
383530560
383414133
382616064
382592714
382162156
382079523
381818387
381695956
381454517
381140214
380992645
380984094
380956975
380661887
380610645
380544551
380534711
379614782
379365250
378807536
378640581
378199461
378134541
378120611
377807561
377611954
377115185
376786323
376401639
375815079
375681839
375658558
375468545
375428413
374692154
373718896
373397991
373188068
372866047
372831025
372806429
372788473
372336749
372144499
371985641
371080344
370970697
370623089
370621912
369940382
369857846
369732738
369689642
369564848
369562816
369071129
368432303
368025553
367922253
367798952
367586861
367545926
367288120
367031511
366856498
366695772
366639384
366612880
366438906
366211173
366100660
365772447
365624826
365505430
365215316
365203230
364920845
364688227
364459807
364389249
364374409
364254888
363779925
363601792
363590191
363466711
363464058
363146502
362966760
362925679
362789887
362715894
362596711
362193488
362128275
361914680
361783488
361591792
361555702
360764892
360658370
360489918
360319620
360024171
359973028
359929645
359910763
359873449
359682858
359205933
359190398
359098200
359093726
358879038
358551347
358437830
358421147
171020117
358039379
358033393
357957359
357854123
356761631
356544182
356105110
355438724
355361649
355094636
354827774
354624259
354620420
354605115
354601003
354585135
354485002
354295507
354227455
353763638
353671565
353383224
353275012
353230345
352903205
352422559
352189110
352016865
352007911
351740184
350855039
350151800
350055934
349836413
349552320
349484754
349411644
349307368
349287508
349153856
348459850
348453587
348431573
348295116
348270736
347820164
347638069
347462084
347162033
347021828
346716183
346632563
346507428
346429020
345897963
345800710
345705638
345412152
345237527
344778990
344632562
344483597
344211253
344069923
343630315
343515735
343363279
343359593
343237070
343152128
343077074
342539683
342501507
342449432
342427947
342290560
342127510
341895335
341773714
341561495
341555855
341144377
341105630
339715679
339599448
339279875
338679751
338561416
338525937
338326313
338120795
337820554
337684729
337631815
337467959
337438616
337419446
337327748
337072698
337029477
337025970
337009883
336982820
336967633
336913735
336832047
336798320
336578699
336429227
336072374
336056934
335669740
335271732
335160600
334716092
334539430
334451755
334411636
333956571
333715635
333516182
333486348
333178127
333141866
332973742
332534395
332426561
332223473
332174841
331977152
331932285
331601053
331429776
331376315
331356260
331221354
331003326
330981140
330949543
330922706
329771446
329078128
328943535
328423203
328385920
328262148
327553393
327300296
327298018
327247281
326144133
326127243
326049282
325658976
325560866
325442054
325430966
325156584
324745107
324713358
324697258
324571834
324395218
324274772
324258832
324255616
324180509
323999630
323537036
323502954
323161705
323135199
322443829
322330174
322116186
321727056
321714882
321656444
321632892
321060758
320914119
319748662
319273116
319202991
318767313
318479476
318265217
318009821
317986595
317966965
317651485
317639691
317512753
317441143
317250095
317215985
316806020
316250059
315635873
315335474
315296268
315237566
314459651
314238230
314101236
314033302
313940287
313760048
313690261
313676101
313617435
313438292
313352660
313323469
313014914
312930248
312923277
312681197
312156370
311756153
311728435
311680105
311280895
310802013
310751329
310460976
310411633
310302428
309861431
309606577
309453680
309269842
309241853
309139155
309105949
309053438
308923842
308225517
307779173
307529614
307463673
306536732
306489636
306327577
306147345
306117241
306003437
305738045
305675742
305407681
305359274
305213623
304735407
304729323
304523356
304397603
304258027
303747463
303426636
302823944
302702764
302337710
302108596
302102212
302088749
301912558
301850779
301716054
301707382
301638299
301178464
300863453
300461268
300184905
299974469
299819492
299488164
299432516
298867777
298721501
298463336
298396622
298333255
298121243
297986691
297610259
297320964
297239848
297014854
296960741
296842472
296752177
296668095
296639415
295694288
295674756
295356382
295313636
295257531
295249397
294887198
294593505
294039041
294027884
294021621
293758919
293576445
293008799
292934030
292501586
292343906
291992623
291932199
291588422
291502523
291258344
290645136
290416991
289913878
289693856
289613760
289134474
288656305
288506962
288319274
288229253
288055730
288035932
287567908
287567880
287372657
286988121
285961926
285770299
285652669
285593565
285541880
285157382
283795567
283735572
283682002
283571048
283447748
282938601
282658220
282289023
282276493
282114373
281655605
281083887
281040348
280826349
280792738
280724664
280455746
280452947
280220555
279761259
279572630
279426093
279211919
279162669
278697166
278357229
278277596
277956937
277877826
277579682
277372918
277328992
276406880
276210028
276163980
276152231
276096320
275957088
275635779
275192279
274939399
273909329
273873998
273623588
273504520
273359547
272970771
272811121
272272568
272189011
272065305
271967053
271759873
271445954
271431422
271304433
271283792
271245007
271103697
271030864
270993643
270871981
270444622
270122228
269923325
269759980
269558286
269205326
269097522
268730554
268551322
268382239
268364119
268246239
267891207
267879427
267811122
267552886
267347011
267284621
267140464
267011938
266902015
266890509
266796908
266731162
266317607
266281910
265970683
265898208
265372475
265123856
264977092
264752530
264499558
264400248
264186910
263900822
263441572
263319943
263069790
263068545
262956656
262713621
262467582
261973792
261865043
261659750
261363037
261226207
260934347
260861462
260813131
260768677
260251524
260234507
260228462
260055543
259567655
765485540
259431960
259294597
259287603
259255383
259224188
259193456
258671122
258252360
258056101
257824544
257697852
257329239
257181585
256950620
256876384
256269846
255661848
255587115
255516306
255203203
255136651
254809142
254640240
254514244
253835086
253795769
253777759
253686765
253612636
253492187
253389141
253317405
252874175
252701184
252695234
252063425
252040946
251975141
251920783
251861179
250629444
250588313
250461676
250153410
249748624
248919949
248790338
248750779
248530602
248464862
248189545
247988641
247968853
247615390
247457113
247432022
246748107
246614925
246553795
246025479
246012401
244542361
244379030
244016182
243931148
243677207
243307394
243288885
243264998
243137853
242963919
242945713
242803283
242772152
242022899
241961631
241772213
241581739
241561224
240381150
239724649
239531813
239491081
239356866
239076480
238329770
238312458
238275460
238080780
238066554
237541385
237346624
237090696
236994441
236868348
236452450
236161036
235926173
235657681
235561241
235384796
235373959
235286018
235277992
234762894
234507178
233900254
232941428
232875316
232719319
232656452
232392481
232177883
232057287
231572282
231459242
231172850
231016736
230860137
230820189
230758521
230363634
230319616
230124155
229863427
229775703
229496098
229330419
229320289
229067310
228676975
228331965
228316171
228178541
228061081
227340389
226809522
226692082
226164922
225803193
225636490
225379964
225298041
225242614
224968622
224869082
224854457
224744015
224656875
224599702
224405089
224095474
223441208
223382348
223094861
222630051
222626807
222408300
222242965
221775673
221549052
221521194
221432588
221237201
220147195
219930838
219694933
219613931
219298126
219220902
218673804
218641506
218623971
218576478
217426982
217340738
217109617
217080088
216988272
216650972
216617990
216425302
216377657
215858561
215671871
215480043
214698429
214284207
214170329
214044923
213629616
213470339
213397939
213362385
213172469
212792977
212604785
212526897
212343461
212166902
211675647
211464823
211239639
211137579
210031771
210009453
209590682
208943096
208887298
208668584
208559103
208251918
208112290
208088504
207160776
206918067
206762718
206731374
206682927
206254731
205984310
205948709
205148193
204658405
204311357
204306130
204303110
204083458
203948765
203860416
203530224
203512442
203302541
202672617
202654318
201900383
201437003
201000711
200834383
200498096
200324226
200006919
200003181
199874741
199593016
199380385
198906854
198586538
198290426
198160514
198003598
197686347
197139419
196973928
196550915
196356622
196017605
195913670
195609770
195424603
195422672
195402732
195331796
195164689
195093631
195027419
194904100
194798489
194757593
194451609
194034520
193981800
193887137
193830071
193827282
193653175
193649797
193393192
192907596
192702062
192685568
192609693
192498071
192068391
191945983
191918923
191736671
191606429
191578530
191409459
190915114
190764102
190160881
189391968
188698916
188509720
188308890
187853958
187637984
187339090
187072475
186974087
186600253
186229214
185610097
185387608
184771311
184625195
184533166
184275653
184270730
184260206
183742152
183594928
183377489
183045064
182944828
182904038
182637196
182499269
181994169
181840464
181588477
181452979
181243256
180552519
180531530
180368167
180001726
179947752
179587981
179578801
179078789
179066402
178966461
178747784
178701485
178687129
178568343
178145366
178022173
177799096
177348491
176449202
175843915
175488322
175444676
175088080
175062388
174835343
174833521
174782512
174466722
174204361
173909241
173849059
173802408
172868559
172136801
172114291
172064921
172015139
171846415
171651613
171525992
171436059
171396170
171223944
358050747
170760566
170734082
170617832
170334203
170224361
170149750
170094337
169857061
169574492
169245555
168625718
168471445
167909071
167665920
167621573
167345901
167271322
167092245
167030166
167024583
166822388
166678617
166637141
166368956
166193841
166101479
165742214
165720993
165525694
165154750
164249696
163343441
163225158
162426170
162425991
162388104
161577248
161560982
160868037
160862636
160345132
160314905
160153796
159948692
159873609
159268538
159063472
158622012
158617127
158180457
158136670
157611945
157368956
157355758
157123445
157035193
156829245
156728992
156623668
156424160
156394703
156366925
155886294
155772961
155619720
154828824
154675734
154503673
154108755
154096454
153992513
153732368
153516822
153447592
153432952
153110209
152925157
152230984
152070682
152005074
151981877
151854477
151777634
151701113
151529957
151435480
150941010
150067970
149906500
149814770
149155404
148858313
148849007
148711717
148641173
148587112
148537320
148417738
148360873
148326363
148279884
148268625
148208861
147752293
147683769
147336106
147285162
147213897
147131926
146973492
146951474
146940511
146579063
146419494
146316103
146287173
146186954
145935678
145848997
145647639
144859077
144858072
144710025
143963484
143882642
143838755
143606121
143503429
143425053
143370845
143128670
143086419
142910534
142787494
142664814
142631309
142527418
142324360
142254649
142039005
141989321
141749474
141669385
141652740
141448574
141345574
141011644
140753493
140565370
140459878
140327607
139997747
139829697
139764124
139723119
139485624
139403881
139367424
139262489
138990770
138979981
138418623
138135075
138106470
137975262
137892663
137822303
137388250
137098517
137003616
136982836
136938888
136839638
136648529
136452205
136430356
135979396
135749237
135234124
135145994
135124475
135041491
134964439
134945780
134925332
134577669
134532341
134363447
134313142
134307327
133989514
133870543
133602960
133597105
133498144
133413106
133236010
132469702
132331660
132258137
132240186
132091903
132085962
131912027
131743483
131699713
131588124
131524644
131350299
131031931
130593405
130477881
130433082
129952022
129863637
129788092
129661944
129218980
129123931
129022521
128733798
128694746
128420578
128272202
128267334
128141960
127892359
127826357
127531873
127402552
127355942
126710601
126608443
126306561
126011976
125828789
125737615
125484785
125363798
125278809
124933691
124933273
124924780
124589153
124442101
124374329
124243750
124124523
123890386
123879217
123868109
123659944
123520074
123501615
123499645
123269768
123235135
122909762
122838950
122696681
122467375
122458167
122355877
122170002
121825528
121487160
121427031
121013100
120732115
120610736
120578923
120480953
120475017
120432700
120370763
120214632
120156732
119920796
119708078
119588464
119578186
119366820
119262010
119150381
119039976
118908672
118545054
118408928
117900246
117829792
117719617
117711328
117707330
117616679
117597191
117492906
117487628
117442339
117165160
116754923
116654037
116596410
116587213
116517894
116237600
116072208
116025375
115884399
115538947
115393358
115303578
115100382
115053254
114997295
114502075
114315258
114251594
114248255
114168239
114120188
114089854
114085922
114081856
114015332
113907192
113750971
113735368
113694225
113653303
113594405
113561844
113273821
113050309
112993353
112980961
112845940
112410792
112262215
112144944
112126883
111969771
111873515
111820192
111811862
111618048
110985611
110946913
110860809
110385188
110086485
109763152
109717099
109581738
109450482
109407296
109041583
108970815
108831720
108815015
108813872
108675203
108672281
108669044
108339572
108293928
108275529
108072283
108002731
107820854
107539447
107328979
107229933
107164335
107140399
107059228
106712728
106631494
106527296
106520664
106167138
105902623
105856465
105802365
105778638
105652291
105558178
105463551
105382705
105050303
104981852
104953159
104928752
104859123
104726417
104647437
104464007
103847057
103805337
103685298
103680459
103512577
103434578
103323129
103136746
103129826
102933695
102564654
102368214
102286062
102094982
102057349
101881887
101865860
101827933
101695117
101683059
101658424
101658105
101147004
101055951
101046166
100664614
100512054
100263873
100231914
99578847
99510489
99439291
99342306
99123177
99077983
98848956
98454671
98393791
97810214
97729889
97614068
97508278
97503569
97386585
97092947
96702416
96626670
96571127
96291296
96044655
95998861
95877114
95845843
95528085
95372902
95351357
95203400
94931579
94911212
94899980
94818781
94717434
94474249
94337580
94053989
94018813
93925802
93713534
93658324
93480663
93320543
92848187
92681891
92563855
92455225
92370312
92150698
91924060
91904661
91896863
91796771
91704178
91652143
91148879
90951156
90911492
90870211
90789929
90782946
90641098
90488178
90386384
90223692
90202156
89937902
89556005
89452782
89347111
88562986
88553246
88273361
88244965
87744614
87734932
87643860
87588062
87575648
87437995
87278981
87244052
87133775
86999363
86849377
86778948
86742228
86739726
86643354
86496595
86444651
86274151
86225636
86103824
85968581
85953759
85770315
85622856
85562043
85418420
85371798
84973043
84955051
84928503
84508385
84496429
84494650
84423611
83903302
83805684
83775349
83674648
83650314
83556726
83384628
83354893
83274314
83176673
82603823
82519831
82378530
82193441
82154797
82100205
82080025
81927848
81902597
81831292
81586581
81012655
80890200
80808101
80699590
80485690
80254068
79974402
79844279
79774682
79771491
79357896
78979489
78784285
78769811
78624309
78269017
78256846
78217977
77600247
77325570
77290670
77234198
76994667
76983276
76952532
76848298
76717815
76042733
75988434
75946217
75393720
75376959
74992015
74910509
74739259
74646762
74406674
73898111
73887652
73860973
73752857
73429209
73343974
73268143
73202747
72795068
72723250
72433535
72308153
72279829
72227590
72205283
72150372
72075220
71837846
71820716
71663029
71287487
71070621
70604325
70021961
69893539
69779548
69537973
69321969
69166928
69129557
68339974
68274213
68117431
67653352
67549741
67435688
67384456
67348936
67135950
67050107
66724077
66650398
66558817
66434282
66371374
66288571
66038536
65451206
65316792
64880893
64815888
64660679
64356957
64298162
64258230
64099980
63871742
63670835
63564371
63499496
63289932
62676457
62622439
62423232
62060270
61902744
61596619
61571343
61498756
61254501
61227802
61027348
60911911
60904735
60524512
60462627
60271485
59884471
59808252
59472712
59262100
58946239
58920655
58829102
58381052
58353858
58303907
58170791
57617356
57447221
57323696
57248639
56946514
56739803
56441916
56214319
56170097
56011845
55954669
55938722
55875113
55529930
55498457
55458267
55327631
55154930
54844723
54814725
53702962
53659336
53637166
53384408
53180039
53096498
52832237
52698071
52695972
52496369
52423385
52417610
52359160
52289811
52223077
52074745
52060031
51932076
51851663
51849723
51605799
51559464
51471235
51453424
51424426
51371130
51315196
51002726
50939370
50582302
50486955
50439187
50343229
50309290
50307915
50217182
50154347
50025720
49971503
49863644
49326830
49245931
49191443
48768719
48363095
48029700
47953846
47470980
47436315
47130130
47033612
46980506
46900073
46881160
46752160
46649355
46503403
46210899
46132777
45971842
45955478
45915159
45577631
45421614
45402977
45356278
45086214
45049807
45008472
44799910
44696746
44615873
44563088
44484422
44141002
44133777
44026064
43770017
43688908
43516805
43478677
43451467
43319344
43269740
43173833
43089729
43088693
42370855
42288797
42228653
42167106
42087427
42075788
41957802
41824020
41659654
41350939
41306881
41255085
41198608
40911587
40826651
40534416
40163269
39482599
39354158
39338027
39189278
39188204
39169402
38820650
38798425
38704543
38560184
37946342
37276511
37132022
37083616
36939049
36767818
36546140
36114151
36060912
35954355
35913268
35855341
35806443
35370500
35239646
35158201
35068926
35003849
34972702
34961241
34856453
34851769
34830346
34803965
34686778
34684028
34675742
34654822
34555889
34512486
34092350
34064554
34055923
33864154
33742121
33731692
33159942
33062607
33061521
32930294
32829902
32732900
32719416
32681828
32549494
32381846
31938712
31795397
31763702
31499681
31285570
31234430
31186265
31008950
30763535
30733097
30705913
30606956
30593790
30404399
30241734
30228362
30077171
29906367
29770241
29729680
29501490
29305283
29220917
29209878
29160024
29154430
28919454
28721183
28641845
28467414
28050553
27948931
27804015
27722664
27688016
27486389
27277635
27098234
26948321
26931108
26744554
26573198
26467106
26321132
26007290
25251265
25210492
25122182
25106343
24972427
24813636
24802678
24768179
24626261
24593847
24574101
24513883
24082922
24019553
23771564
23438028
23323521
23313070
22863375
22678966
22644052
22399234
22362215
22325659
22271362
22007242
21861621
21837801
21331350
21321825
20875631
20845555
20542076
20533229
20433521
20386192
20291140
20197141
20174288
20151200
20134366
20017418
19866458
19700199
19532325
19307998
19283277
19142520
19028444
18968084
18630317
18488734
18454945
18434489
18271154
17777584
17176053
17052826
16986778
16927724
16919654
16913008
16763264
16742066
16706768
16435159
16037522
15953555
15945039
15934118
15921524
15500487
15458349
15389350
15335214
15215110
15040247
14709164
14654373
14630226
14503859
14387593
14297398
14253784
13905093
13863076
13778689
13701489
13594261
13554882
13527709
13151131
13009932
13007736
12724185
12694320
12197441
12026534
11744961
11690174
11664943
11594090
11433372
11416225
11272752
11254665
11245680
10992130
10991228
10825080
10821175
10728729
10590085
10467758
10437504
10303582
10231062
10148425
10048214
10010897
9964134
9779604
9467271
9354536
9221666
9109488
8826113
8817412
8786510
8780737
8405868
8322885
8268294
8144130
7930709
7859741
7823796
7480886
7443663
7193195
7190714
7056009
7003338
6927829
6710318
6260782
6156970
6145963
6136934
6071585
5901709
5764126
5737450
5289081
5170853
5060182
4792086
4445716
4301672
3862512
3812254
3776372
3633431
3365503
3362062
3290239
3073544
2549794
2345568
2068731
1981662
1924374
1773551
1575985
1421149
807814
774324
733447
342049
