5000
642575381
642809620
642853666
642868320
643002822
643006375
643251432
643337849
643752731
643809713
375233094
643948481
644293830
644302305
644696778
645072960
645538764
645545312
645648682
645679884
645827458
645833871
646199748
646277375
646527063
345163738
646769787
647039105
647612244
647776277
647817135
647933430
647975491
648066684
648372081
648448871
648618171
648753377
648993517
649480920
649491794
649552779
649807608
649916440
650377322
650481218
650723118
650798095
650841493
651178788
651414143
651512444
651825743
651841151
651915053
652024479
652163054
652744986
653393854
653402941
653903427
653921110
654256237
654515801
655257576
655508946
655627243
655679044
655977374
656340585
656929061
656935869
657171754
657199072
657212413
657585921
658002637
658234849
658559009
658685614
659016718
659190229
659370721
659389867
659776699
660707766
660780273
660813098
661439214
661494542
661685677
661694959
661799885
662017693
662366352
662632998
662737684
662760819
663139987
663173314
663380728
663471895
663772351
664025022
664257663
664267488
664347706
664353175
664488303
664556806
664585627
664974331
665164228
665386987
665651561
665842710
666005229
666157274
666660472
666820508
667081652
46481797
667173764
667425599
667789147
667907241
668374850
668445942
669360814
669496745
669590461
669594761
670060202
670448627
670546609
670689076
671313784
671351153
671885186
671911730
672228333
672506548
672930675
672932983
673110905
673393579
673427565
673659656
673683158
673703454
674025964
674187647
674580447
674633869
674783400
675213788
675269876
675305802
675630538
675754103
675772348
676387541
676612733
676690342
676831274
676924051
677064902
677799863
678049072
678138417
678162016
678202410
678461667
678643474
678655147
678670425
678826443
678828089
679431422
679491722
680416841
680439678
680563273
680742526
681115922
681154574
681448274
681572791
682372069
682493320
682506245
682510099
682928873
683366106
683509774
684033605
684456368
684460922
684588868
684650756
684668521
684739184
684837940
684891212
685022460
685124044
685169002
685543143
685567862
685801638
686100240
686198179
686257869
686288452
686726022
686729730
687309651
687380633
687538054
687883685
687901512
687918152
688234626
688462958
688725203
689130931
689138796
690412330
690517703
690669496
690675405
691039041
691291273
691363994
691404152
691545111
691594335
691643444
691700097
692150443
692574336
692896283
692932376
693043704
693094127
693143597
693516971
694218022
694424736
694521727
694914351
694986916
695425234
695548393
695552475
696099655
696307719
696308477
696503773
696535236
696574385
696605105
696646994
697091255
697249512
697802899
697876980
697922999
698058432
698097461
698474481
698561774
698576123
700018063
700030764
700072518
700224238
700322106
700424309
701109489
701311459
701371242
701537264
701635001
701760949
701880460
702420276
702424041
702604434
702921355
702941600
702942203
703206065
703668761
703757027
704415578
704704730
704718929
704961978
705826010
705856181
706242489
706415614
706481548
706607631
706718236
706791207
707133797
707370259
707386177
707423359
707500282
707616110
707733726
707778198
707870123
708457545
708684920
708985849
709269048
709342938
709402251
709603584
709617804
709999332
710014683
710658417
710892314
711032066
711181950
711208334
711238443
711250226
711727708
711772526
711846491
711877435
712165025
712324110
712338164
713156389
713241092
713246337
713532095
713799299
714120600
714274747
714557921
714574591
714643261
12268807
714696800
714950211
715004930
715240208
715706487
715886721
716301266
716388411
716596972
716756658
717123047
717445011
717566234
74797148
717732279
718191562
718510180
718700619
719139233
719389356
719596662
719758928
719760957
719934829
720088620
720293232
720622703
721135691
721326276
721453413
721821528
721832675
722435215
722653245
307007723
722833292
723073350
723137866
723268764
723350022
723744181
723826315
724070066
724190942
724314188
724510449
724996838
725010546
725285597
725357057
725460562
725621868
726011722
726034777
726437894
726493245
726670352
726796473
726875439
727017102
727292955
727493737
728136720
728420280
728685216
729202950
729480716
729852874
729883893
730505845
730583801
730893802
730990352
731052364
731300186
731414398
731415788
731491199
731556995
731721316
731912258
731917213
732112586
732280547
732291138
732868598
733058599
733150717
733358444
733626947
733674240
733741720
734345708
734461832
734537871
734576926
734594354
734651011
734764564
735292022
735359897
735476444
735764604
735895558
736196421
736201605
736232620
736969106
737410822
737991559
738004417
738072442
738135926
738279026
739235535
739405345
739611623
739948896
740075597
740625977
740858190
741009911
741017194
741125271
741515394
326162773
453314945
741789948
741934487
742651414
743092514
743659945
743736208
744136349
744314774
745050746
745224940
745274087
745767546
745788790
745863002
746222720
746618479
746635019
747023828
747534217
747600439
747832557
747957755
747958013
748387817
748451611
748792232
749071460
749294624
749309173
749732833
750557468
750879797
751813204
752026311
752101917
752292225
752351047
752447409
752650638
752691412
701256170
752727995
752963516
753038533
753051291
753139852
753688409
754493802
754508866
754581233
754929843
755003669
755040666
755231587
755331676
755359672
755412370
755425666
755442290
755719625
756012509
756023130
756112420
756279875
756589968
756607272
757031072
757211891
757239707
757388782
757685538
757787452
757796615
757833757
757935663
758071716
758220116
758255128
758283756
758397942
758401382
758420508
758558849
758715600
758889191
759000876
759008805
759037549
759197817
759221775
759944461
760392877
760540966
760546114
760649776
760757946
760861103
760861732
760959044
761234508
761300571
761513406
761514892
762571785
762757043
763026567
763334804
763776823
764500091
764507783
764950178
765117153
765184644
765200965
765994998
766223598
766259051
766393113
766441372
766563072
766928123
766994477
767873078
768007979
768083636
768443357
768505677
768628578
768847368
769001768
769028910
769246455
769572007
769606640
769641406
769748690
770051378
770219609
770260735
770285317
770395338
770422106
770492591
770758201
770812407
771332957
771475188
771903319
772471284
772706301
772771504
772891697
772956186
773640332
773683285
773709562
773859248
773953569
774191485
774275216
774371362
774657772
774750815
774945521
775193592
775746346
775758999
775847800
776048342
776086890
776087845
776243540
776680340
777614639
777727984
777982042
778013569
778167208
778178070
778410261
779002230
779061987
779169090
779226387
779645418
779700853
780075944
781053218
781106554
781110040
781120946
781624130
782021715
782201496
782297648
782313948
782404771
782582326
782765751
782864125
783001253
783555206
783937918
783939033
783978270
783981522
784005233
784068548
784681928
784762126
784797410
784923550
785197344
785220895
785374628
785490358
785926030
786211338
786488542
786528727
786775914
786945571
788286114
788410681
789016356
789220608
789227006
789250619
789252847
789510993
790055166
790138095
790261791
790408330
790663859
790783058
790988424
791139614
791153449
791304753
791516647
792218944
792288043
792396072
792915931
793045634
793210871
793349934
793463419
793711665
793883494
793936284
794012869
794067456
794304970
794330550
794408756
794657112
794733838
794748267
795013245
795124531
795342384
795576823
795808206
795882273
797144585
797165450
797212088
797492386
797560592
797866641
798111174
798866697
799175908
799196963
799361858
799470333
799487871
800162184
800374478
800505409
800604880
800829346
800893015
800981241
801487407
801671759
801721996
802045525
802063220
802091340
802201483
802526575
802666858
802709614
802934595
803139598
803142980
803231078
803326206
803389204
803572335
804191461
804239816
804323938
804378800
804987350
805120630
805390627
805433108
805549433
805565789
805590061
805671102
805839626
805911115
805915978
806126229
806368031
806618998
807290890
807956444
808702320
808795084
808937513
808970466
809354074
809378033
809553277
809764601
809940761
810472277
810604663
810609090
810746634
810967902
811164442
811900078
812185024
812240061
812342616
812724211
813021617
813179371
813180246
813382213
813453134
813470647
813885980
814096496
814177131
814489670
814884176
815002709
815192253
815319677
815380665
815773604
815784816
815803372
816311460
816317988
816371275
816548549
816630429
816641406
816716127
816804888
816898412
816967402
817285742
817462926
817883322
817934905
817962268
818008957
818325792
818426204
818555454
818623136
818777594
818847979
819261827
819453402
819663254
819933135
819934484
820527532
820876194
821038992
821218998
821386929
821661168
821709127
822021448
822029570
822388302
822756223
822879089
823705163
824002093
824460549
825305072
825361766
825683666
826350549
826390882
826510929
827129536
827214267
827230656
827500041
827592269
827619852
827698412
827813155
827893183
828028735
828407152
828454504
828794456
828890974
828969157
829096754
829745566
829787661
830104915
830149037
830194779
830400666
831383824
831601495
832043565
832223454
832329525
832434476
832860246
832903696
833026678
833240649
833463141
833492898
833569110
833609784
833648570
833976581
834023521
834062447
834115611
834138768
834597611
834724634
834966030
834966736
835671196
836074585
836410444
836509717
836960377
837004891
837007839
837346240
837351834
837736818
838106628
838445308
838921923
838961536
838970196
838971597
839235275
839294475
839438454
839691208
839811178
840119011
840241832
840911822
841107247
841216197
842370860
843128289
843481622
843752334
844005589
844317385
844477811
844953227
844971994
844998281
845029054
845397051
845415037
845643806
846190893
846466737
846515752
846937003
847454416
847719936
847762393
847776787
848563273
848653607
849133556
849159532
849293300
849449153
850194994
850684990
850753132
850843615
851033335
851168167
851226846
851628641
851714077
851730224
851928711
851937074
852651608
852656083
852718409
853140431
853191880
853747133
853844721
853855146
853946223
854356554
854496662
854686302
854896758
855158651
855160706
855181910
855324724
855409909
855950424
855964086
856014672
856593199
856681332
856865927
857324309
858055048
858519798
858868729
858881292
858886663
859273651
859406847
859459376
859929288
860235552
860337917
860376048
860658244
861201297
861239910
861993067
862476899
862568059
862728135
862755736
863110045
863280202
863531916
863591941
863628998
863938510
863991692
864068562
864138053
864544727
864750168
864928566
864951507
865171799
865173745
865397237
866400183
866442585
866455569
866763948
866766797
628313647
867113185
867547444
868011732
868534690
868652682
869164405
869382702
869914344
869983273
870931729
871512265
871560954
871810455
871842929
871855340
872586965
872606852
872780407
872846434
873451823
873533843
873582458
873755114
873807385
874119708
874238980
874378221
874469375
874492339
875436843
875486819
875835908
875909814
876026868
876074432
876495985
876950125
877050474
877076111
877272906
877279264
877593838
878063936
878069505
878558839
879328731
880086011
880138440
880308735
880329742
880732529
880833571
880893351
881075390
881302304
881459451
881554153
881716648
881763262
882077591
882162733
882258344
882621631
882848197
882930034
882954975
883168533
883329872
883743654
883895864
884025375
884030185
884068602
884181230
884222228
884276801
884277863
884469943
884587008
884883901
884962932
885297454
885301139
885328848
885609481
885846673
885847168
885851820
885895725
886007416
886874788
887092207
887836923
887981853
888105419
888204366
888379738
888689565
888924241
889230044
889253384
889274144
889607048
889979979
890510303
890565499
890866576
890870067
890871451
890992594
890992856
891044701
891155365
891213801
891263579
891293692
892356208
892429396
892446623
892471665
892837613
892881364
892940588
893562643
893718711
893961068
894340291
894645225
894751068
894818472
894935994
895300655
895301438
895506818
895625012
895858297
896240942
896329125
896366612
896488550
896562564
896622651
896857140
896963670
897066036
897780319
898634276
898917409
899090276
899381970
899888449
900012762
900108372
900182203
900203283
900609771
900713454
900916291
901543795
901845189
902066618
902073157
902449239
902480880
902615136
902629626
902735420
903091788
903746848
903835642
904016830
904376672
904490794
904934201
905503453
905917527
906355035
906365939
906987553
907270852
907312906
907369907
907697757
907718180
908581422
910047477
910051340
653430604
910254275
910750312
910772971
910852275
910975029
911218382
911514505
911599682
911824397
912143388
912183957
912302436
912765344
912806795
912949160
913121379
913383360
913615098
913869660
914164705
914334632
914541087
914548212
914950316
915023741
915108665
915114726
915135901
915224676
915284017
915308068
915509183
916040783
916074210
916277136
916345046
916386424
916480550
916634982
916811477
917806781
918336977
918413080
918451659
918581258
918680614
918849195
919249635
919289940
919557491
919667539
919941894
920005483
920311231
920487568
920577101
920630031
920811299
920964791
921015664
921105196
921106784
921384123
921438411
921911943
922146489
488994742
922242355
922352957
922549818
922831918
923160928
923250465
923361962
923385939
923844910
17831735
924619177
924785659
925112659
925344041
925752412
925855294
925968161
926337876
926513792
927358278
927402772
927960147
928133846
928313648
928359894
928361391
928734868
928834596
929249573
929449879
929453659
929551555
929680901
929802751
929814837
929868021
929872452
930267242
930562200
930579594
930581712
930728281
930737465
931635998
931738962
932186694
932302696
932321912
933514488
933835002
934093772
934268987
934717543
934748509
934864050
935060878
935209690
935406319
935634254
935787186
936111547
936317226
936411057
936691206
936893902
937147342
937310201
937420250
937526329
937621482
937645237
937745925
937819208
937867512
938200055
938445266
938484207
938534174
938919696
939011816
939264298
939361894
939877647
939894090
939915061
939996990
940613297
940727779
941007761
941089799
941474203
941866356
942349403
942402138
942455138
942604613
942652309
942659594
942821981
943097119
943162679
943271788
943587446
943947610
944041398
944378742
944384236
944507055
944964313
945050949
945481413
946794246
947418401
947550790
947558832
947790869
947794051
948707810
948906619
949349557
949383043
949677300
950014097
950052615
950060018
950313650
950641958
950650341
950707207
950754514
950942476
951183534
951294005
951591919
951921902
952252492
952477002
952494435
952935861
952993977
953091049
953200547
953379924
953710753
624025847
953941346
954019181
954182517
954281055
954402100
954686416
954806544
954810584
954821086
954821569
954975648
955090622
955327761
956138370
956142850
956155420
956307959
956445049
956458864
957004221
957587166
957633494
957705591
957938279
958194348
958687798
959011469
959319097
959471369
959522981
959552952
959560517
399142680
960014487
960318292
960319088
960498327
960832916
960901534
960924799
961229654
961611132
962131463
962216640
962229167
962341337
962382462
962488494
962556456
962707492
962939391
963349291
963498044
963962842
963981980
964170853
964491579
964617329
964655891
964756294
964760060
964913612
965188037
965348502
965597364
965733563
965968292
966268447
966289467
967065851
968188515
968279913
968299817
968495980
968604773
968627140
968700237
168368053
968960150
969916957
970010090
970063036
970114849
970215005
970355184
970558864
970613502
970977935
970986082
971006953
971181257
971188822
971419809
971584310
971622347
971836319
971987044
972303677
972391123
878044741
972721712
973106564
973157377
973463536
484017469
973614606
973615987
973917628
974038403
974057027
974372491
974438787
974441265
974578416
974648306
974923415
974947144
975083956
975196786
975266096
975272003
975497603
975580755
975933500
975969862
976007914
976571909
977137542
977343555
977501964
977864446
978041474
978338473
978695535
118962230
978781558
978864295
978977174
980259069
980327848
980876376
980882133
981041158
981597435
981784925
981998832
982091461
982227868
982404432
982694158
983467580
983674084
983750176
983821495
983933336
983963865
983970028
985194910
985727045
985798179
986105994
986187707
986189899
986478745
986792463
986862081
986919782
987118369
987258349
987460564
987550556
987618840
987631029
987948871
988108183
988598642
989024551
989275488
989628139
989820925
990664270
991337380
991492940
991514904
991592933
993036773
993351247
993666381
993761210
994135799
994184084
994313278
994530821
994739896
995005211
995447875
995668828
995825237
995931147
996081513
996174716
139987755
996299378
996665303
996810256
997100153
997106615
997402275
997683692
997963436
998073634
998218221
998415031
998476203
998857111
999351046
999358971
999576204
999856631
999982773
486674181
635237423
304768345
297801523
442904560
389963455
514627761
494362066
333771479
436405148
447741479
322225882
606705272
366849205
403002827
617761995
614681317
473530400
468172263
414710052
729187996
492030721
544281312
407968750
493260701
536872795
468345352
578700955
497222843
624463133
583225537
428479215
429923584
541886974
44073971
344663318
375451674
483739121
356020934
317150799
311544617
452431649
397685070
347865802
492497285
334831030
350335030
378704533
637860708
544765055
380126070
604581052
507666409
404744113
339044516
340547082
510498937
522369967
349288811
529978144
455832797
524443221
513337149
522447716
389346923
617736391
620406494
434845969
398424255
451361844
568900488
637493505
451821313
467267493
548225924
452009208
349711561
585857440
354626980
408626937
598413635
394282001
521516688
499750653
433853263
447266973
465702020
302916178
607994461
416530187
336412365
459174623
624878979
485441554
500116815
489377357
577156185
395299041
513554168
382616791
417690316
485744852
435356800
394991818
530978011
377396078
356213196
572719105
459987854
395000663
381297321
610803322
467660829
158437075
427373740
600435304
577137337
510535331
416622065
604501493
357426151
439274499
305056267
330635048
522910040
474659278
496136199
307045523
583490971
329630349
341069618
300525659
518595933
470947136
390799965
450587533
374053320
395725692
468226133
591038916
314974955
432323833
499618055
585141470
443782579
481463897
441770295
429588363
378130333
580790028
390549887
573827013
571707806
309491614
290341123
538953211
543503989
478116062
640110465
526229981
345912269
482542495
417502991
459771533
576234927
343130452
341919695
579299763
546733664
531910229
389106032
619562898
555761283
448166853
510406081
520993064
450926423
439049893
407854126
302803524
604637384
577535343
433475413
621797891
490374464
626767196
618238335
438446129
410069296
557081345
501595627
363390734
354377911
641008346
344229640
362768074
533824350
428103018
296044651
323828738
584601307
564920372
421045682
347192414
594016438
314534604
599895782
637392279
460567815
437450068
296558930
592909277
417217634
357495009
529564059
386025432
532393049
388729336
535950721
543609667
603915169
476194215
478647933
481559274
386237428
590121183
540431790
424762568
432005754
380719715
566335713
572694836
566105942
578722412
522426394
600980296
630167533
510810173
508070084
364417974
426630742
534095200
515013384
557252666
356110519
450899866
561320989
477435119
558190474
324140062
395716375
561525930
456145067
415677980
357475552
599824431
594488794
561816396
509276922
305945017
556424697
355519850
629371942
351377788
335734120
308276744
461193259
602782859
516286788
347579608
427729467
428206774
489690455
433090834
616153274
536366068
457625125
308010705
523689765
631507895
299448763
314690814
601448884
366772592
320339704
633898106
573493636
531444956
513731985
336156341
358923539
554122034
309321804
454500713
561499164
326168439
361462270
315316417
499602238
352694089
414245824
379355501
305468584
336380741
546287400
360969257
517865899
313565157
478304191
487036278
458667526
621261746
396679991
328497513
641681206
379932714
304691298
559342691
411029311
475054862
569228238
531420619
472477407
401591596
514329300
387435597
551791250
450733679
328979773
311837664
345205680
464900872
481925211
367273588
403364885
573284775
560011499
437257590
390125639
444409834
460364116
490299283
542069804
617539581
351391626
534386566
392554552
461384699
426786012
331776489
394742028
299889620
494749347
358478951
586670212
634088222
437585684
436649895
564945876
305504946
460986676
588330952
511898311
372780477
395982573
474020984
572610014
577605612
627283575
450759149
295597577
788289190
346838519
533319229
496830601
326271140
574472027
598024209
634754924
539349754
450430400
478798177
500901493
341002994
617420159
611686500
525695311
495982898
419993024
321605933
311320945
310606049
296079401
291239896
308184839
389034938
324391729
317923102
464902005
387688852
327035738
573665174
57799099
481675192
386484059
441258186
379141517
400742824
608192317
289299928
307781442
436241931
362569874
587440345
410709658
508160052
383216267
346972656
492127899
313408218
539192865
624524700
408284300
378657036
570050085
530490160
482392425
410710487
461303286
434442938
588271507
294059166
319665661
525379183
632428434
361603792
387938359
579895798
402350935
501171584
577465120
458570946
353443809
566655263
428635702
579974816
588993559
504767961
641633257
321882084
434980589
456541729
367350221
386008274
607150411
289941062
345149307
637911527
471229019
597066454
519051006
381703033
538093060
304311766
319214530
441082875
14660630
368822200
314447379
607102992
503356503
382624249
303134780
445494001
489585877
637269081
558754715
414386633
470915077
386840156
339125500
477369272
568028426
345236328
635187200
457340508
368167755
295751785
372574581
426401596
335605960
508737180
438600782
559513227
519787770
522499120
369409327
481698337
325428611
614222840
584314122
365262717
395976554
582831205
494422534
602886060
302068408
376683526
579035225
582176343
487099424
530311972
393724870
517375851
582146784
435134727
504491563
524761586
516512670
635139278
637178041
461453180
403354364
298251781
399639409
326296852
482507598
492483201
536451750
331118898
523926744
602828710
405436011
346504424
369942731
560844649
550262363
393548961
428438051
599368321
626688741
505000151
377489433
318131108
320084024
597569487
494924107
540588646
388101267
490080688
570036746
353952708
450515932
584372695
393169139
398524699
519163547
330510208
300617769
172854589
385110754
514092271
590287949
433634974
538095095
342174534
413747206
408783377
289945649
564441046
295597712
596408360
555818193
378048598
563076879
633525489
321520368
513649396
459688700
311074872
490476344
522552603
470915522
460963127
435703354
494142923
269856075
304041654
541292944
623119323
484734412
361650552
587903176
468053727
381711408
450750240
388056703
413953095
451216654
298283591
299895857
315287454
632871116
321004437
445053446
638591814
450230423
379311291
304209990
376973614
334577384
422008899
622307540
467841803
489599633
313078879
297457573
379694424
579157964
326034358
444448448
878978035
602124005
374249757
540443518
552396526
394762784
365619479
333969183
373552703
383896025
346266829
479156641
398984620
590271164
467556905
320673471
368872726
565601946
374033801
437987454
294848248
550884216
498323457
531045691
391231586
316670208
454964663
398010322
291819657
470181672
371402495
364593859
411183732
587829563
333190321
305110168
490841218
511204979
375195085
302637037
411525034
332355543
304623071
499099857
602879440
504392940
569915171
587362681
397334357
632058089
632142380
412522657
330564444
338238931
522782587
356184611
433966381
399516835
430405635
388800146
477292122
456537277
343637589
562311155
547700796
345932519
603081409
363605679
505228998
343169125
413722338
525448245
395694195
428400797
522416579
498172803
570849163
414813122
463786632
563575468
303523492
371337825
451303889
419438141
591690455
556668608
350441904
440184107
349487493
634991133
569348727
357378368
465515297
383338267
480184155
383140436
324882200
422868000
602317210
297091824
490163275
221297682
439698403
624709705
374262197
563229831
398982432
396482016
450723938
334152924
332152992
579966688
438714692
521839478
525401060
499107253
600363785
377470143
416537053
198374122
399291849
379199250
589944063
374600772
300506072
586006347
606860292
365472686
437271811
407302286
338530881
602564663
504343277
447389509
337475075
631222427
330299206
361573931
579521108
488614869
619844003
538848883
445927036
430345608
361856320
374126679
440121288
519762085
464414903
408548931
544667981
452490357
335209999
588146792
417859363
479141490
427079945
437700092
408267369
462532587
343866005
489404083
492147614
345472671
588868711
457999188
591151507
610717754
420714861
536001670
351935290
494536098
446671006
331196053
565294747
501766068
418499493
368143182
341402806
431810471
498474048
421408586
425798784
431617003
420343792
444786597
330583697
485698267
561870577
324812104
427376814
502477678
567053533
396609945
422424723
351904034
470327790
415611629
404184649
587040808
454573192
598691197
504241970
439501249
374962792
622929403
608005229
289052711
554153454
390768999
356832853
356556858
294414169
415549043
523503175
380014658
392705250
335057643
430597239
523082027
599597617
429480934
505677906
513126187
451841900
450346813
539237458
309481779
383238653
580546994
332014305
454085499
409546263
453049670
397240171
396473182
363858597
337903382
259628179
564182869
520956934
361104775
352831796
498758986
580658987
5972375
633227693
608473665
509873623
458796267
524023161
379622295
604824078
606820858
515218623
460900218
323571072
297642018
580814386
565654051
571667842
542970787
493836142
388487257
373850691
597874390
328916397
231006172
608165936
397706969
290405954
593958128
399998545
557117305
426850537
430805933
306437838
406386408
380009761
503186185
630729093
332397534
366979665
295887899
306659087
441372272
537557154
477825139
565546780
294886640
372596231
366678583
444874677
528256792
595464667
298625408
524955133
389755164
622473387
634371057
385971220
354027344
328517467
448048840
508591221
357414492
374800065
561522834
314288597
437645783
584747047
484070208
457368899
380224235
369111864
367628944
577775640
405143080
608815627
446109140
439616485
315293631
634837059
474797304
598931581
394493047
311156045
423316829
635734469
461161563
563881719
626860519
593276293
350465310
591729436
366729291
493443018
515043802
529296781
361313315
441298348
541517983
405049221
570128986
481386841
371913680
334421966
956751547
590342609
518943095
926410717
323632353
598526419
623546572
317633884
507910711
429796615
571404250
411712813
325763807
506450711
359985616
496012374
504199712
321591403
506747795
451799559
357053858
483626471
554023808
540725053
370228364
678977382
329183674
509772575
344239623
355708078
572130489
598250303
343354794
339061329
639733568
526965675
559571827
591986869
450366940
327669005
354718628
536837019
588474251
361211512
495094873
530029825
534246024
351575479
554441255
404059586
488553274
474111217
478772435
497368412
595143282
308403667
506849837
531119332
512887326
542709437
491721369
361659154
609085029
326341140
353069548
497078641
368451056
616837097
288916017
606082817
429846405
358633503
449158526
345317881
616117223
476696955
563608239
378877549
305525687
499387853
509583351
368246853
418011959
453536003
384619924
624476878
333546669
543500121
501267300
516384881
404946774
577948366
347512007
424455122
425099661
525780978
142747351
630886300
394839345
405982327
473754416
479226554
559058259
558944811
416084673
498058185
364667186
591750024
101795325
588138625
544559307
586875171
514984801
343092673
496785730
425059709
549640518
451802377
430719820
344293021
579292277
537944941
387251906
326088489
311620445
639227811
337266258
539107929
571780663
502303019
436779497
362742158
411548850
522997542
484284445
333167155
297335222
457187947
497346325
583935669
462613259
506097647
575383445
545149928
364393214
442604778
528705721
330143191
454373765
624510950
313967677
418062627
397636404
527945060
371828744
367131274
442174214
575055424
781477209
330282658
450562998
300064523
409685789
543042331
598680882
364872504
597563299
511450795
516275557
451573226
454730565
610231114
404791169
343012740
566562371
553718204
469508645
323856952
330930357
441535266
636341585
592366329
305335974
634324719
545134617
365447357
637427641
455253710
632209304
372351692
371907790
307598085
328989099
466262531
495572411
432859805
332994129
435690813
483770049
556436011
521150989
293735746
610135288
408504556
431514462
640339109
413853961
558222777
611523478
619018745
391058422
481932170
533037238
315243762
298171766
415864083
465749320
337356507
364955982
597020934
328199988
560083361
510664454
319561379
445103771
636965636
524339506
536398593
344635239
582918314
352670039
502985232
636570382
554525233
325573182
481003455
574791012
451302877
450971598
480570610
557759419
420023487
448992976
312302763
634048471
288434664
545631994
478319899
565280317
483431318
368175024
377068530
508236988
544994894
424997884
460457455
480749547
431716377
640158516
569636365
311496922
518731890
630737119
634083068
495228483
926164179
596682057
541498211
308592338
342692908
757756493
516486279
459864890
397868278
472027203
292996450
509744199
629007826
346565309
607036743
469088807
369651992
392982395
621742707
556483966
624801512
418914015
332772050
335583727
520587194
552352189
391898457
588617289
488166027
583088314
346241100
542421541
554959093
489883977
578675399
437941058
913853414
465049181
300319654
567730585
298309949
563849099
409783749
534260216
344741359
527302826
324018420
463640406
455307066
344106638
442526610
334592182
384313124
361291528
481953114
489417605
527393646
476809780
357489583
451650924
513993310
325334846
326889293
445722174
535608301
389894683
475251795
460686123
340864177
324870237
412866566
540374099
372287635
315014497
430831542
553410048
361341563
392416241
409710849
619263418
496753346
355482777
423994889
607210500
574225330
537238635
520138881
296414415
496414713
365657714
400224334
354417826
374466582
352290973
293116649
351821105
613295452
601864231
460275179
334764456
355355128
329930101
534820631
302247980
376555951
456514594
472571810
342041149
376199925
394876057
297542348
376241426
456000969
417184167
365797725
572530838
443596804
265004615
340513595
489411490
343504838
557496515
374006701
785148837
554729895
516738306
630121926
591954020
524197653
549039733
539855323
563690544
544567330
356520090
597578991
337807428
535315114
341873322
631511784
588506127
366139759
299323939
471843782
471453092
599784593
425158615
531686199
613110642
502090737
366168579
542986802
336653091
362516774
391225204
364844575
426283126
415565074
421191451
537991860
333163330
384839898
364202412
373273904
478334700
573469885
587365384
522153405
527109700
636497563
566658257
550524569
486095566
557140769
499265550
558197703
547840432
586623818
400209062
344673731
423709264
315583278
377021667
395680589
949024846
416051306
605070097
600925200
409136922
353829967
561558193
631935850
503867294
296573626
544673757
513848089
317901436
515527345
472705558
383843389
396206026
473213285
541101625
524509470
432495271
436644366
337448101
619460040
598380543
319903275
382796957
618803849
557200458
487384431
510393651
396288901
520316714
317962249
432355351
529294963
496234940
600458341
508916699
385744805
624291140
390839187
473980732
570275786
318875345
460498399
467585103
368207430
301945877
627038842
470714194
423078624
422330154
592999500
387453806
589422118
611552825
637492266
507805236
375477881
514865098
345369934
485104537
493320840
593940416
484115591
367396171
570058541
510876815
392263690
519563767
545678954
560394533
314002557
508076877
476498034
325654279
510908295
368594768
417499859
503680853
599432458
443873531
641171151
501542016
337733543
405783359
560341904
443431576
504963522
606724274
537792789
430940151
377461640
378330955
601547932
459692768
331340668
463139072
334762604
615947769
331200875
564283692
467061132
584547642
392922790
500968298
529857968
378932787
554068795
630677019
492209613
479477988
571445599
349285379
412988300
400528574
397004889
504034349
432775359
553282655
463852544
346468632
443237785
339256705
586095237
537428839
529822298
526820567
557334378
295732163
467387297
595446584
394415739
452120942
435416582
431093793
585649154
474877718
587575821
497393175
436776486
501587098
497890675
455188372
607429161
330418592
398962392
453984042
597169398
503700798
557225408
355748267
370314349
367638819
395508286
416668149
567191057
418016797
490275242
333054189
451655432
602597609
435939202
449482353
326454714
435217576
576980204
601058635
592477329
669451570
415558818
462862443
569753623
412626237
608584035
628033268
418912660
470809782
522475149
324932521
640749655
407155966
316934857
579441048
293247367
314082794
635214371
559294017
631506373
583477019
329584648
634859315
501580225
588856777
328674070
480675911
417424827
515528569
537025377
330138212
308999620
16300
132599
527722
605369
608446
827263
1044921
1079342
1169304
1481214
1500641
1542216
1844371
1944017
1966281
2124938
2181237
2325637
2555813
949813580
2626280
2635522
3248944
3275521
3448209
3774213
4481554
5006002
796780650
5155730
5161905
5658934
5765040
6089177
6280410
6642674
6974506
6993248
7208988
7320602
7496972
7905105
7953741
8014140
8146771
8296535
8746013
8831793
8872065
8893285
9111472
9334744
9412649
9448842
9468834
9566141
9635014
9670887
9718877
9830723
9860895
9866140
9895188
9948559
10231136
10305481
10487378
10527430
10647388
10794568
10906994
11024906
11025004
11040780
11096699
11386385
11387266
11588356
11720017
12017143
12159567
12388711
12718365
12819877
12909798
13400602
13789138
13812610
13884157
14036156
14212471
14484437
14506296
14702069
14759055
15062490
15344387
15405529
15494038
15523071
15615116
15748539
15832876
15877655
822758804
15982697
16057381
16082464
16234364
16360496
16471477
16550316
16885543
16932683
17012845
17044203
17162376
17211627
17268572
17336209
17626762
17804811
473932201
18012093
18085627
18303914
18353400
18455494
18784265
19051567
19065191
19423495
19587370
19597691
19600408
19643980
19805958
20262184
20303080
20469218
21205095
21424019
21557114
21799112
22089980
22126700
22215397
22393888
22401688
22552865
22732541
22781642
23003181
23063756
23173980
23504383
23729299
23801952
24646948
24809339
24880663
24972936
25083425
25254093
25648604
25681955
26272891
70588701
26323541
26360526
26564103
26589989
26601435
26845732
26860399
355095088
27057563
27386582
27534320
27947707
28102765
28113858
28373385
28396489
28595346
28998952
29087628
29223234
29287709
29434058
29716572
29726651
29875796
30069857
30122487
30470698
30491374
30506391
30523231
30723004
30946881
30976984
31031963
31048130
31094654
31233709
31290050
31312248
31321009
31471702
31659182
31868567
31881615
31965044
32097546
32145224
32200756
32310015
32330143
32566298
32612309
32666886
33221553
33696509
33781607
33843792
33891642
33973312
270886793
34077365
34123108
34277336
34404171
34427105
99804877
34470491
34619619
34626314
35053286
649302714
35211724
35225551
35606904
35617655
35837697
35852831
35971337
36051050
36123728
36213324
36322413
36600518
36990931
37261571
37418366
37431608
37531692
37585277
37918699
37936614
38090172
38434853
38617923
38690512
38970262
38978703
39067282
39126965
39261472
39278340
39561150
39575102
39690666
39710641
40071221
40148657
40188822
40399796
40471737
40559671
40579681
40687789
40826532
40942510
41007064
41031965
41099242
41253444
41257948
41604431
42035348
42051482
42078655
42320990
42628732
43411619
44035441
44143207
44191234
44192111
44230958
44555600
44582364
44586685
44775958
44976089
45086154
45205088
45234267
45236572
45425935
45835494
46009396
46096880
46251392
46444853
46547786
46569913
46574783
46691989
46763600
46765051
46885592
46901282
47193206
47229552
48125509
48332544
48404890
48476185
48488386
48489207
49110364
49187916
49556952
49564248
49639421
49691841
49813861
50040571
50087296
50121774
50125062
50497379
50503135
50557345
50593628
50670646
50761459
50805246
50985396
51030349
51274336
51282417
51535900
51571152
51580784
51697067
51787999
51797826
51849500
51928027
52125231
52130795
52186343
52216964
537523991
52306387
52454689
52533568
52536615
52612184
52646240
52790745
52811091
52821789
52958082
53029315
53114737
465434761
53130039
53260867
53390297
53455910
53501857
53648143
53764503
54013919
54155055
54440952
54582686
54608523
54628533
54783306
54841308
55066717
55287842
55533804
55816901
55896750
56023467
56301531
56457176
56940665
56970356
57328431
57465223
57480777
57810063
58111844
58265629
58295848
58453450
58670206
58823385
58946436
59029525
59058605
59126676
59201435
59233295
59762437
59946953
60022978
60043518
60089393
60561483
61027357
61037371
61063333
61123729
61153082
61289129
61568568
61573061
61820422
61826089
61905219
61989881
61998094
62464626
62496829
62692219
62930844
63027453
63140009
63297907
63456733
63564536
63573594
63624671
63687240
63702719
63782466
64115465
64268848
64373847
64453708
64487354
64566224
64845229
64896984
65032826
65345962
65438037
65565665
66546225
66686706
67074079
67175624
67435625
67549538
67925208
67940243
67990742
68206922
68292616
68531076
68705960
68724730
68819244
68968256
69064671
69158497
69169926
69189093
69310362
69633786
69708119
70006905
70024448
70031022
70048803
70102887
70145092
70149085
70201809
70274154
70420736
70807563
70984672
70997468
71134629
71258172
71271739
71759453
71760117
71838302
72016908
72113232
72114944
72225919
72551976
72597587
72618149
72699811
72802191
73107961
73134782
73195403
73510289
73545462
73678694
73724804
73865184
73965506
395785773
74204570
74438500
74552510
74574201
74670634
74814195
74920617
74938440
74982696
75063022
75082384
75436574
75491564
75547098
75617656
75664722
75735354
75850410
75853164
75888626
75953401
76100186
76116693
76692031
76779701
76786959
77015668
77264535
77535678
77544445
77718157
77733508
77896134
77931723
78012016
78062804
78178705
78252228
78374393
79280604
79318399
79324346
79590349
79669316
79875007
80038410
80099931
80326505
80358685
80749477
80863248
80914672
80941732
81043658
81227994
81240467
81498559
81656006
81738054
81855960
81981730
82275602
82498847
82580988
82765617
83350488
83355583
83418517
83563147
83753473
83783556
83895321
83976422
84146389
84299519
84355244
84514525
84564442
84817597
84956726
85006559
85342537
85423772
85528314
85672090
85762875
135317676
85906286
86084127
86134407
86145232
86490809
86617451
86656967
86711862
86822192
87010429
87064795
87065770
87361832
87366021
87754308
87923225
87997055
88055957
88215027
88312388
88318228
88349916
88357690
88537110
239333559
88537773
88878384
88945087
89111853
89132226
89234836
89611908
89924388
505736603
90130321
90335314
90435769
90511110
90604521
90907987
90940464
91105562
91132464
91271955
91350740
91390148
91564575
91751264
91789274
91941706
92073143
92351894
92703506
92786291
93000772
93339307
93439149
93718089
93732013
93798511
93814047
93825765
94134805
94213503
94263343
94338234
94523037
94547571
94812033
94863540
95034807
95099703
95356415
95392554
95671887
95723565
96184500
96205744
96322028
96689780
96710117
96812662
97018316
97069922
97304708
97333915
97719188
97828462
97985087
98103212
98117470
98134347
98605358
98620307
98829720
98851110
98967478
99004218
99026030
99145504
99256572
99633687
100004041
100086650
100343438
100434319
100455173
100551938
100563068
100599954
100631027
100636142
100893493
101023689
101036908
101254812
101271697
101475202
101854790
942350971
101866404
101880940
101917455
102138243
102192059
102359722
102464467
102581440
102827616
102847343
102979546
103064302
121378095
103278524
103327837
103568902
103570636
103730285
103796098
104036280
104055395
104057137
104168516
104238190
104386094
104483512
104615164
104745979
104773816
104833997
105202758
105516956
105634683
105678808
105806838
106058805
106132106
106208802
106777225
106793818
107378021
107448010
107650744
107733894
107744077
107748373
107942970
108210844
108336597
108503703
108574263
108725177
109035610
109135251
109415620
109493989
109564628
109821009
109918786
110516358
110629249
383098759
110735271
110832281
111063684
111091130
111121747
111167468
111498723
111512286
111534289
111752791
111820270
111865757
111930446
112546297
112794689
112966606
113474204
113553315
113585786
113597237
113784322
114088547
114130303
114145067
114195100
114508315
114552775
114685089
114760879
114839594
114942107
115072358
115076316
115566916
115731957
115760907
115857072
115887590
115949417
116091403
116403063
116453285
116482130
116536383
116892503
117016086
117339966
117423912
117444570
259024596
117735854
117807360
117920094
117963775
118154291
118905446
118995581
119000815
119094133
119141394
119313848
119316611
119540706
119592326
119760257
120319391
120374476
678636174
120861445
121157439
121849790
122152291
122192828
122441078
122821894
122931136
123229202
123280885
123306261
123313809
123464006
123511736
123517466
123577598
123681337
123733915
123787893
124030274
124199415
124217995
124280657
124409846
124481189
125082351
125444861
125607599
125687035
125847123
125855916
126108750
126429847
126701755
126975192
127033974
127115776
127224825
127273756
127549204
127584302
127729747
127899257
128019486
128143837
128263880
428263303
128353867
128557186
128691417
128910694
128991888
495477718
129075135
129290702
129519673
129636488
129974313
130373776
130520734
130588483
130663415
130743896
131034421
131037844
131228185
131787799
131911282
132049292
132183383
132531348
132700527
133132652
133240349
133344182
133373660
133749218
133768551
133831854
133993415
134103571
134380317
134393671
134423911
134629721
134759917
134873850
134987126
135132245
135251071
135423574
135641560
135681917
135759882
135803463
135896640
136306687
136426214
136462723
136480154
136536068
136822388
136850150
136867085
137095724
137111131
137269593
137498143
137666490
137996286
138091552
138092692
138154438
138244987
138321523
138324560
138393800
138577132
138613337
138824663
138854973
138957080
138987641
139100972
139138966
139143255
139191631
140451939
140696239
140714666
140728765
141044660
141050810
141112466
141116467
141524624
141819374
142079075
142175780
142399437
142428489
142542747
142631581
142962542
143068881
143135841
143275127
143434182
143549374
143982914
144277478
144435678
144456554
144603202
144826562
144859960
145003268
145289199
145538753
145744827
145929224
146191605
146303469
146312783
146324159
146369543
146370055
146524970
146707019
146865246
147010038
147084719
147086915
147189689
147405171
147571417
147859562
148086367
148230655
148291545
148529861
148725234
148815475
148843907
148955368
148988134
149112490
149229018
149398402
149672751
149680272
149775086
149797097
150289816
150705237
151293164
151326158
151895972
151911290
152311114
152382684
152602393
153289677
153419549
153583717
153989032
154732525
156256234
156377702
156883404
157183282
157548187
157849323
157943306
158294811
158343921
158360516
158387248
158416962
158439969
158461109
158703947
159033344
159179738
159288601
159635918
159685383
159910809
160272091
160307973
160583776
160797700
161175005
161358633
161744685
161918353
161973916
162433072
162759610
163002755
163054142
163301435
163320414
163328013
163729652
164027369
164093916
164138108
164960991
164969244
165005277
470228674
165083476
165348721
165397403
165656317
165674225
166039681
166205427
166720839
166753566
166756178
167109578
167163449
167310359
167351532
167371188
167526780
167544766
167842883
168180812
168446532
168644570
168731894
168868261
168924894
169240837
169434952
169481001
169997101
170154075
170176257
170404212
170836146
171024232
171146109
171210064
171524560
171705205
171802326
172075272
172130042
172661896
172865444
172972003
172972970
173286116
173288137
173349333
173445378
173775489
173929242
174392883
174458210
174540550
174690524
174695608
174727166
175020779
175051577
175343139
175398946
641819200
506914892
175496695
175595183
175626708
175679540
175700040
175796238
176161400
176234127
176253066
176415429
176604845
177618197
177743314
177767662
177818965
177827842
177974771
178020439
179982890
180101072
180460937
180767381
180967560
181052661
181199633
181563725
181985269
182256955
182273925
182307623
182491979
182498149
182599616
182745583
182844178
183006177
183531401
183617467
183927487
184151860
184648908
185160364
185271039
185625516
185676816
186130624
186321538
186485474
186492212
186618477
186806824
186853604
187020626
187449313
187450649
187462387
187505616
187686426
188175483
188194842
188392502
188511308
188516749
189055053
189189900
189330877
189600344
189766122
190426175
190616580
190762150
190824274
190884364
190903043
191179640
191525462
191635201
192061891
192140378
192322635
192326821
192526376
192670089
192736477
192891544
192976071
193027751
193181857
193219166
193531348
193845010
193947654
193954291
194028296
194814280
194822736
195233422
195466754
195508481
195751397
195888290
196137062
196251791
196722704
196726064
197031996
197285936
197467560
197668010
197938771
198058068
198233558
198391382
198436911
198450828
198773541
198873878
198918023
199192089
199663336
199820271
199921965
200080783
200164141
311436142
200419936
200463326
200577439
200877331
201036929
201038077
201066556
201140010
201414538
201647319
202159344
202330054
202449436
202872133
203077985
203397216
203442968
203500879
203616461
204049887
204356143
204689590
204870376
205041855
205066762
205834573
206001956
206030826
206079156
206523062
207260626
207297849
208189845
208247984
208643239
208785367
209470499
209780416
209797914
209864708
209882956
209968417
210635161
210693289
210756871
210847238
211053434
211244362
212072385
212235208
212437746
212499014
212580446
213065607
213254045
213286856
213817698
214078573
214091334
214290970
214719565
214899093
215308230
215491007
215533247
215825610
215873871
216035613
216271923
216600524
216678903
216699862
217335223
217907181
217916172
218180946
218278959
218378979
218596212
218944812
219186694
219255115
219349211
219438977
219520253
219889760
220529273
220732967
220950696
221424492
221576951
221686902
221815712
222305673
222635714
222783505
223244544
223310268
223505356
223984955
224151129
224451790
224525699
224663352
225556200
225785503
225828293
225985534
226103701
226170539
226545635
226880762
227053799
227193566
227317494
227373007
227585309
227645750
227918060
228365264
228473270
228563371
228697138
228882420
228944890
229033253
229119304
229134625
229267549
229730122
229971145
230653688
231083908
231187040
231384956
231414578
231866851
231989463
232059612
233163533
233270603
233780627
233827256
233834075
233905766
233990048
234137838
234164838
234414368
234441209
234501466
235139341
235212964
235356561
236522226
236546006
236801609
236806549
236938276
236975848
236992183
237172698
237467305
237814741
238360278
238681092
239248095
239495089
239837264
240037052
240379167
240429791
240694365
240745985
241005932
241149417
241159943
241179040
241207908
241485236
241750002
241811803
241880446
242024994
243242213
243597394
243614824
243836979
243902062
244018219
244313875
244419094
244420034
244595214
244673956
244870742
244945463
245491485
245592024
245910139
246006927
246376582
246516526
246612853
246704172
246957323
247223111
247682215
247910602
248283166
248318799
248579043
249406223
249449361
249508150
250221778
250546810
250719617
856094120
250729785
250915091
251021628
251282990
251450284
251820816
252080387
252544113
252696871
253595266
253797419
254231953
254242449
696298619
254945587
255181966
255184636
255471560
256256587
256493260
256539499
256879398
257111710
257116672
257369237
257577482
258097884
258141801
258254319
258374229
258453646
258793315
258955897
259255164
259408808
395403411
259594566
260077661
260125089
260384726
260387443
260423818
260917505
260980110
261075030
261327793
261723904
263133442
263248815
263276081
263285615
263322524
264088684
264135349
264336675
264365036
264676963
264814732
264857655
265056915
265259227
265331683
265368188
265401482
265529376
265562241
265670942
265739979
266112112
266185261
266242675
266638138
266818598
268278914
268357381
268574179
269700173
269796961
269878210
270807336
270927595
271402091
271543105
272424900
272629374
272740753
272769704
272835679
272838801
272979542
273011312
273060602
273074208
273238783
273406466
273466541
273936895
273947870
274072774
274295021
274569296
274671545
274706788
274864957
274944859
275037816
275418723
275791754
275908114
276413994
276624774
276769302
276883658
277019106
277034498
277307033
277374465
277436109
477925916
277466034
277815099
277838608
277892880
278379621
278420582
278590204
278692524
278940189
279001221
279183258
279311577
279733821
279780247
280589866
280674665
281193154
281343377
281376603
281408324
281719564
281733031
281877159
282065227
282081148
282107667
282557910
282691668
282723419
282814818
282888607
282940285
283096352
283428096
283454291
283490660
283863980
284025319
284336095
284558817
284571584
284969136
284972829
285066292
285386132
285640901
285702604
285890891
285997173
286392991
286602832
286922643
287000314
287211284
287369419
