5000
180824
334558
847230
965148
1149229
1278561
2317166
2425349
2487487
2554121
2680602
2706878
2742646
2767178
2983412
3119196
3135542
3180306
3314060
3682009
3807251
4072897
4382137
4896991
5044896
5492646
5547036
5628102
5845674
5919470
5963509
5971564
6020639
6243603
6501430
6686641
6841550
6993873
7070351
8401597
8403133
8466787
8472904
8487982
8885887
9087002
9148546
9341771
9548687
9704822
10176937
10462335
10515875
10853486
10927148
11012086
11153482
11199672
11201224
11249178
11750298
11761960
11770962
11793596
11851452
11889805
12216306
12267882
12469873
12998383
13051183
13278576
13542381
13608989
13621571
13679840
13717045
13850606
13888271
13978492
14459244
14570928
14645204
14666980
14913230
14960234
15125236
15144939
15251716
15283356
15336473
15380363
15432206
15526004
15547102
15635069
15723031
16012603
16205189
16220472
16242090
16312521
16942305
16950619
16991689
17087868
17134028
17291544
17329907
17568445
17583023
17709457
17841838
18071076
18266977
18411616
18687512
18784020
19115492
19208689
19298842
19343747
19367985
19383004
19386922
19527949
19613921
19687560
19862800
20027496
20034909
20075806
20139821
20213338
20489589
20571958
20668588
21169229
21485250
21504887
21531037
21624060
21788315
22126443
22131601
22206981
22275650
22382243
22914730
23019170
23050070
23121403
23428592
23513787
23568515
23654415
23768665
23820553
24533097
24771467
24936824
25265354
25358649
25437138
25893498
26564275
26566603
26631648
26685678
26805160
26992598
27297246
27353633
27795224
27865269
28050219
28234341
28261687
28665194
28710781
28729953
28995745
29206904
29369652
29692201
29750506
30167849
30226744
30285574
30308074
30314910
30377754
30424640
30427550
30757527
30906970
31371729
31414064
31461937
31777469
31817924
32050225
32289158
32303244
32326158
32415529
32714032
32827071
32966135
33060276
33153614
33187819
33278952
33344941
33375996
33425682
33464504
33557633
33776688
33904807
33980220
34022792
34163931
34180194
34183035
34313565
34370788
34423822
34842402
35113361
35208875
35556932
35588363
35611393
35731886
35807867
35818030
36113208
36533153
36764660
36991823
37311870
37330175
37812024
38317918
38360513
38366253
38391424
39160930
39453538
39566313
39609721
39832416
39925885
39996235
40144116
40317675
40343117
40375239
40496234
40503384
40534530
40969115
41270860
41398578
41753812
41771861
42080051
42134610
42154251
42202445
42324714
42680434
42796971
42884066
43428839
43457866
43825278
43898914
44378124
44448442
44469807
44501658
44928770
45050122
45061422
45210322
45352403
45642408
45812772
45977113
46045435
46057357
46157202
46183840
46629292
46690251
46782844
46843576
46960297
46967130
47055641
47078014
47088104
47142951
47237483
47633850
47759454
48066763
48157372
48266172
48333617
48370089
48471028
48605097
48693109
48731151
48765210
48859144
49071387
49380798
49738860
49817634
49875993
49880201
50299565
50668048
50889098
50949711
51401936
51435822
51510717
51621364
51707214
51962362
51975316
51983221
52246898
52247553
52282989
52582635
52627716
52681080
52944856
53408270
53409007
53410796
53518546
53828150
54027476
54225406
54323352
54324414
54415966
54450866
54622965
54639218
54896495
54968524
55301624
55411559
55417010
55793230
55865803
56251837
56288240
56314491
56648589
56743119
57016079
57020852
57099255
57181900
57203311
57491588
57556780
57655394
57783917
57846722
57994840
58375939
58559932
58670730
58916444
59547415
59570147
59711155
59773569
60165608
60195761
60272934
60418641
60598022
60786015
60802252
60826249
60939145
61054804
61282063
61398681
61526636
61676915
61740200
61804534
62225488
62430728
62585701
62709030
62759350
63012244
63190670
63672636
63833766
63892155
64087288
64158745
64376298
64621789
64775571
64968976
65223572
65522627
65761962
66035390
66294743
66555623
66634771
66719389
66881885
67125485
67267419
67431834
68154948
68173952
68434761
68543448
68640910
68913723
69058592
69242263
69246495
69551436
69705866
69901460
70075228
70134819
70275609
70360209
70522152
70527177
71076849
71095483
71108788
71137568
71175716
71221508
71479748
71639552
71686644
71851504
71861275
71878453
71914100
72300982
72349457
72608755
72756068
72845549
72953305
73763156
73782792
73832973
73918453
74189179
74317867
74516293
74831978
74924047
75050022
75201045
75214266
75312201
75330013
75514895
75600161
75606487
75703330
76180959
76260622
76268035
76345140
76831979
76900514
77127141
77246782
77381339
77383253
77554075
77611118
77880447
77961165
78229374
78564314
78769444
78786371
78995788
79026339
79554485
79611441
79623770
79811627
79985303
80188398
80575133
81002452
81142783
81387749
81532754
81594463
81632323
81773974
82038198
82448837
82606713
82898923
82963539
83214930
83337704
83520968
83644472
83753639
83959103
84129614
84325265
84527237
84589196
84675989
84702173
85147974
85261762
85279537
85349628
85430961
85816763
85882526
86271470
86496373
86652742
87102750
87151112
87206157
87438775
87484487
87527130
87593864
87735270
88107134
88524077
88576367
88598100
88747855
88868526
89038707
89046819
89185758
89735821
89769458
89979841
90044030
90103815
90111432
90490057
90755826
90761260
90902549
90930528
90995392
91089886
91401093
91519490
91520288
91903409
92012854
92117406
92236564
92330916
92386789
92445957
92812043
92913883
93054575
93334698
93536960
93747398
94145000
94205530
94291556
94436875
94462777
94557420
94648640
94856456
95058784
95073962
95339477
95340664
95373314
95470008
95576336
95825432
95892243
96471514
96769713
96973624
96975929
97037810
97117915
97139569
97214426
97217455
97224156
97467798
97490754
97902475
97915231
97975651
98043464
98355547
98604271
98607746
98657559
98753180
99006387
99021223
99147563
99307869
99566319
100396091
100610456
100762282
101076874
101094317
101118614
101133847
101349574
101384168
101507635
101556813
101865472
102069646
102114783
102151466
102418286
102604771
102905281
102940906
102974530
103179849
103209054
103431602
103612376
103619953
103830217
103976057
103994738
104071465
104243991
104259087
104276822
104342284
104362338
104373770
104454822
104455219
104759784
104874644
105203345
105442089
105591887
105627289
105689821
105882132
106173045
106202449
106215444
106253981
106377937
106499204
106643095
106761212
106765118
107099427
107130705
107186993
107247424
107417576
107551522
107604033
107647461
107744564
107816596
107927288
108190217
108201165
108241340
108384898
108548398
108569619
108678185
108776303
108833507
109490169
109818745
109879785
110082818
110201398
110241957
110310881
110620240
110715236
110795562
111092648
111139945
111214471
111317384
111669625
111829631
111941635
111951198
111983412
112196193
112389390
112400788
112409623
112623350
112747489
112776658
112914596
113483148
113597053
113671081
113760897
113917860
114050263
114357791
114396224
114588058
114743199
114986524
115115225
115224644
115373701
115394030
115832154
115984383
116035534
116103874
116262605
116413860
116511732
116753839
116816677
116844085
116969083
117020621
117072595
117407907
117438487
117456509
117937385
117976700
118148842
118220657
118334045
118474964
118532792
118791707
118819126
118990277
119044236
119152144
119231300
119437210
119963125
120054383
120242597
120745078
120840841
121520874
121788697
121798714
121813550
121951993
122448413
122475598
122954584
123142814
123465545
123706585
123865437
124246041
124347518
124473483
124705091
125071895
125095155
125382807
125660621
125774158
662067805
126246411
126319297
126631900
126709474
126724794
126946475
127095412
127431384
127434365
127472462
127618797
127758998
127824378
127890348
128241266
128333275
128599897
128634874
128882617
129093892
129113858
129370338
129375076
129509259
129634081
129825838
129842642
129955837
130138278
130299466
130364761
130412871
130415113
130452837
130545160
130621858
130681994
130723899
130898389
131125900
131182252
131305727
131356688
131489298
131570558
131643162
131839183
131874718
132242595
132301517
132305298
132376632
132377146
132411900
132578654
132777888
132791639
132944168
133059656
133407524
133444003
133494881
133537820
133709307
134000566
134175935
134283422
134321707
134350678
134464153
135227364
135550098
135750505
135879756
136343401
136395511
136568297
136590224
136667269
136967988
137033612
137186806
137392174
137689596
137879829
137904875
138480067
138506315
138603462
138609869
138988563
139019813
139071591
139354095
139571041
139668509
139841812
139957127
140308910
140450200
140641677
140695628
140713192
140830227
140937046
141161599
141231621
141359377
141586280
141829292
141913881
141967893
142261860
142275941
142295769
142340159
142376553
142406021
142477867
142546054
142832866
142920590
142990242
143475435
143550747
143665735
143712136
143761684
144018049
144196080
144392646
144414582
144733788
144999771
145212329
145666766
145884401
145888102
146522594
146643274
146670494
146820063
146867781
146928343
147239556
147447246
147450025
147503508
147656597
147737914
147744790
147771109
148097389
148272247
148313906
148481496
148501654
148504360
148710190
148994457
149151345
149443265
149615377
149896655
149915603
149919374
149937735
150233596
150386092
150415141
150588801
150680483
150685318
151241946
151543979
151650591
151748761
151790383
151792505
151834326
151852692
151959523
152214842
152247976
152720579
152844261
154565141
154662488
155230108
155283384
155329133
155339363
155469862
155520856
155539829
155635853
155650719
155763878
155783448
155907451
155943422
156194456
156387733
156399898
156606463
589961541
157006284
157090341
157319601
157362273
157430282
158135925
158272856
159235665
159322293
159405879
159487028
159550225
159714737
159873721
160195617
160503117
160662222
160702625
161070312
161225397
161369363
161611106
161611635
161655658
161768794
162488910
162569222
162727210
162793550
163020714
163055958
163085574
163109226
163226026
163235982
163325394
163326044
163462951
164235811
164618824
164729412
165116019
165200647
165582594
165732363
166022906
166213533
166564941
166900089
167378511
167514742
167932534
168071505
168126454
168160925
168471341
168511975
168633233
168694555
168753076
168761649
168766693
168828716
168829292
168997325
169209257
169374698
169840672
170036444
170392937
171343577
171537067
171545836
171614054
171730403
172047136
172283211
172843611
172915755
172919521
172955750
173290577
173387428
173778653
173858898
173886889
173946172
174075066
174199628
174426344
174848143
175427801
175448760
175761623
175880323
175993708
176369258
177211183
177402184
177669885
177892234
178325926
178727393
178732827
178787961
178989848
179002609
179127466
180437007
180526619
180758279
180916798
181452177
181548231
181561748
182071178
182267500
182383500
182414534
182417264
182605079
182619692
182627091
182789308
182934942
182941429
182942260
183010821
183407596
183521045
184106156
185007623
185375136
185440966
185797619
185881470
186054226
186104528
186222434
186960047
186983600
187825880
188011382
188159443
188565651
188679681
188698748
189051892
189293387
189774275
189887817
190066678
190192237
190475837
190588424
190846260
191156999
191199948
191300762
191301229
191319560
191448546
191498802
191573818
192380555
192498316
192880118
192904374
193337274
193461611
194041945
194104778
194104990
194573328
194654706
194963275
194985975
195057412
195671798
195773266
195790936
195940348
196191256
196690937
196935529
197356195
197390972
197426940
198153445
198297594
198758098
198817847
198931988
198944669
198947532
199533210
199726088
199834268
200545800
200574180
200618259
200853251
201031093
201341346
201497287
201573166
201600798
201746114
202037016
202255216
202281106
202717142
203045967
203776841
203862188
204097878
204248391
204249950
204615496
204687423
205074522
205128926
205243472
205296109
205332258
205512329
205754213
205855931
205900535
206348834
206458165
206706481
206984777
207194124
207499783
207584104
207763895
207844718
208062808
208192527
208403359
209210739
209287738
209366610
209461341
209885820
210098195
210908056
211046809
211113705
211185882
211726267
212314250
212600958
212610546
212716292
212872961
212915554
213028995
213221830
213534299
213559405
213671676
213672753
213777926
213973359
214161629
214541725
214569539
214900999
215473361
215499075
215589820
215670415
215728844
216048617
216386955
216479632
216568482
216731970
216779496
216823110
217028510
217236518
217267859
217401358
217500678
217635307
217853391
217856855
217894235
217945428
217973353
218069096
218201229
218234167
218499262
218511913
218848461
218871978
218879047
219120226
219416940
219525213
219562506
219620725
219702618
219945267
220008887
220157102
220464689
220572101
220666311
220871467
220941310
221006911
221166353
221503013
221935732
222050556
222727605
223020944
223096320
223153660
223201567
223456816
223470966
223551637
223585172
224143340
224382892
224863127
224993857
225323251
225699622
225908087
226123143
226126197
226399463
226885423
226891499
227433727
227562000
227947018
227991188
228057227
228128934
228542628
228693827
228770893
229587268
229670872
229981414
230177659
231101000
231181007
231214612
231273125
231768645
231845287
231992656
232653981
232716096
232762400
232842747
233029676
233329405
233546454
233696118
234183112
234227628
234311100
234327947
234534336
234582200
234651698
234796334
234827894
234836678
235008162
235280224
235689467
235853631
235856447
235971383
236133370
236266081
236750401
237166010
237188419
237551896
237813542
237845386
237975800
238048674
238282433
238409482
238504608
238696213
238703601
238954931
239182752
239287212
239293326
239358150
239404869
239514088
239641638
239758742
240537633
240871303
241352265
241537780
241604423
241653955
241913707
242114282
242330721
242430205
242444320
242735899
243051103
243066419
243106402
243135138
243154927
243182064
243644402
243659491
243745770
243758269
243873697
244462037
244589433
244622206
245159653
245167916
245206928
245262194
245437250
245518376
245570795
246014017
246074059
246250885
246460164
246703614
246729855
247010947
247209876
247456275
247533500
247593264
247595815
247697361
248565117
248634286
249161305
249242149
249255384
249469218
249716279
249794617
250029738
250155288
250187546
250198644
250484042
250737331
250838735
251017080
251110807
251123736
251339967
251427118
251466956
251994194
252107673
252270913
252428433
252551975
252616910
252845061
252948712
253387531
253405523
253488650
253867726
254569254
254665035
254729600
254982285
255140844
255327880
255449476
255612816
255715195
255772566
255945181
256393435
256524114
256525727
256640072
256900102
256957090
257406130
257546613
258708238
258793480
259049437
259206464
259279766
259280633
259290122
259325833
259520211
259866982
259873908
260032416
260296958
260551390
261059052
261225008
261896850
261969872
262087740
262363901
262390942
262841760
262891586
262912785
263084459
263282715
263708147
263810644
263927403
263972389
264464755
264750418
264859609
264895355
265221065
265585865
265827783
266030143
266193326
266416873
266956556
267414919
268362005
268422297
268694720
268973036
268995562
269480572
269540827
269562273
269639853
269916750
270904629
271308465
271351468
271372468
271520715
271997114
272026639
272047397
272345329
272514088
272520350
272992246
273005486
273089840
273360563
273405966
273696211
273745715
273873530
274056307
274217940
274786690
275148852
275209652
276125800
276279034
276602069
276854606
277208715
277355681
277407088
277912830
277924282
278083240
278213801
278445472
278477507
278632246
278637047
279188357
279744908
279959121
279969096
280657628
280861312
281086794
281173447
281217736
281482861
281902844
281937888
282095760
282253611
282570559
282571921
282581715
282614855
282744904
282946562
282989904
283382063
283621457
283944495
284094920
284317110
284320573
284354235
284382562
284467796
284977601
285039425
285266065
285348362
285584379
285713840
285822101
285995606
286009387
286048485
286288151
286535481
286871226
286901616
286942796
287317682
287325599
287537045
287680703
287742923
288016354
288180122
288487072
288833762
288850289
289108373
289638097
289930998
290018967
290525661
290802642
291102675
291325578
291403642
291531161
292086473
292309472
292366567
292645569
292709840
292711395
292713348
292802000
292852764
293131993
293881279
293988937
294068859
294716786
294835756
294853324
294956069
295003455
295028560
295174772
295249042
295929908
296069735
296649508
297457570
298179130
298398187
298746010
298754794
298770955
298882389
298966112
298974991
298994656
299050334
299612104
299705341
299841197
300376876
300490792
300765899
300805689
301176026
301385743
301396649
301413835
301432102
301535261
301655436
301706988
301795292
302066461
302090377
302110052
302295053
302765631
302973463
303003799
303084589
303130393
303155223
303308090
303423137
303443082
303767538
303773431
304238682
304526086
304595525
304769151
305087070
305123508
305416131
306079526
306111322
306469989
306718533
306890140
307082616
308022951
308035983
308470087
308776520
308887129
308953339
309865339
309953808
309988727
310003595
310469041
310851639
311455601
311460802
311475460
311629426
312100911
312291068
312296084
312302047
312327268
312468421
312874662
313130266
313135424
313320060
313361272
313379603
313732714
313752304
313894545
314027250
314326309
314378645
314421219
315182793
315500576
315587286
315795416
315919185
316456789
316857528
317053423
317112534
317155549
317219853
317287612
317385723
317427165
317777651
317811153
317875544
317980878
318590602
318699727
318820128
319952046
320101198
320455232
320588534
320714072
320757108
320815872
320824323
321134681
321158791
322043962
322083484
322369045
322908779
322933207
322957715
323328312
323396637
323563539
323706885
323743667
324012119
324133158
324271585
324497793
324522198
324638805
324679397
324688746
324900017
325111317
325138576
325746900
325767815
326044676
326225281
326635731
327073436
327625276
327815779
327891073
328115716
328410798
328509462
328739462
328751605
328989616
329022324
329128621
329280486
329378532
329503371
329894421
330381714
330588490
330644307
331421973
331581542
331792950
332050122
332117616
332368446
332404003
332654435
332893086
333350855
333594817
333981164
334128477
334168405
334203935
334728693
335012423
335014668
335068466
335220034
335363953
335463385
335725195
335870531
336215145
336300999
337164500
337177959
337281743
337433073
337446169
337692884
338203016
338312477
338582209
338705479
338717884
339000155
339002899
339063444
339192257
339193560
339523323
339856963
340891395
341276822
341320926
341327817
341897186
341907046
341907840
342244068
342343217
342648044
342763052
342919216
343354832
343591715
344253319
344254909
344560122
344717394
344735415
345742733
345828870
346046715
346407264
346731879
346743526
346756109
347276351
347279309
347437390
347473605
347563007
347686746
347775140
347787645
347950525
348174898
348191230
348583136
349010189
349086679
349188687
349473484
349532728
349605049
349697748
349748301
349804035
350424077
350592633
350776044
350794362
350867390
351170099
351228820
351308930
351348830
351462123
351515327
351569859
351802216
351930618
352180150
352187970
352653790
353180383
353352791
353435027
353647306
353682235
354018389
354089447
354529304
355124864
355275931
355441599
355464663
355762511
356132456
356656343
356944622
357054333
357191364
357470205
357775545
357881385
358022095
358072877
358745342
359188005
359199421
359678152
359733914
359743533
359880353
359925720
359970142
360089341
360157401
360369952
360413953
360627030
361076620
361187948
361635319
362370269
363074703
363219684
363341369
363987728
364185581
364277048
364329517
364356994
364411238
364428144
364574249
364627100
364679151
364787222
364980778
365113627
365116312
365263525
365580143
365659925
365774036
365891847
365954947
365980508
366284057
366493381
366580182
366669747
366839311
367176939
367202135
367427940
367964031
368777245
368796006
368800268
368979130
369111438
369181980
369433118
369523770
369569527
369787871
370060493
370114124
370763093
370767773
370789209
370837566
370868867
370897461
370963409
371006693
371134303
371384994
372082185
372350556
372489730
372719316
372820416
373039949
373508663
373852623
373937578
373937934
374045139
374153919
374203889
374334456
374808818
375196607
375217828
375311737
375897716
376056355
376087911
376134280
376354788
376519284
376854975
376907223
377145932
377613810
377815196
378074258
378211275
378456437
378578692
378617771
378918455
379334068
379347943
379381707
379502237
379594750
379922138
379952060
380124319
380614556
381028381
381556872
381861909
381933239
382036704
382051544
382081667
382197315
382473207
382486419
382555069
382851291
382937531
383024984
383069124
383122726
383541431
384084182
384329227
384341844
384595970
384760078
385234312
385385351
385591935
385596620
385702847
386150791
386334027
386391129
386702494
386708770
386865912
386920690
387060329
387801214
387933600
387955435
387979395
388438421
388456933
388968122
389181139
389249853
389307484
389337505
389636139
389794656
389861043
390030912
390112912
390662914
390813206
390986405
391635682
391939079
391956753
392068873
392381633
392465147
392603600
392666523
392711540
393062474
393153574
393179318
393193652
393218719
393247000
393367773
393433163
393522815
393664610
393802354
393932354
394773061
394937350
395361009
395631748
396163120
396540498
396543339
396824868
397048427
397059668
397349939
397383234
397561236
397721838
398227187
398229692
398520237
398593437
398776643
398922143
399524360
400110534
400116812
400169689
400960336
400977165
401192438
401389595
401585435
401679086
401967510
402475186
402831527
403044373
403406087
403655974
403735178
404180929
404192223
404260252
404285467
404551308
404589104
404720878
404839549
404968059
405527214
405533469
405922051
405994350
406059524
406117403
406432876
406601565
406734762
406804210
406862740
406886098
406980848
407344849
407508595
407744493
407791824
408039235
408051458
408089919
408785417
409029052
409920325
410346199
410408390
410524260
410953026
411001329
411029500
411558649
412110733
412280652
412293650
412303289
412418309
412507985
412644124
412847330
413035795
413476535
414021175
414062724
414327646
414865263
415338875
415674246
417002560
417005591
417054531
417761534
417904754
418745890
418822752
419159603
419355427
419398414
419724613
419798395
420237587
420447884
420539945
420808971
421098508
421128203
421201659
421400590
421939461
422052681
422147705
422199622
422272943
422434453
422477411
422645359
422929271
423112593
423266212
423460796
423500240
423535150
423990344
424230067
424394288
424403592
424481507
425303213
426094432
426145052
426466293
426492751
426785506
426943561
426986513
427170019
427618795
427892754
428773274
428825485
428920509
429723672
430406093
430697637
430781960
430901239
430955087
431107254
431629229
431796352
432148765
432209074
432255564
432276318
432733152
432743893
433110281
433120787
433420960
433509680
433707569
433908910
433922361
433989412
434251922
434852565
435007398
435636479
435663677
435759894
436177974
436272613
436431364
436873979
437037050
437270499
438281804
438392958
438411552
438448830
438555604
438616237
438738814
439637060
439912506
440639505
440692594
440806167
440945016
441086168
441255627
441435432
441574152
441652624
442025904
442134639
442159885
442440872
442787146
442850053
443037442
443220203
443251223
443300716
443387739
443587128
444138923
444265042
444420452
444571445
444599636
444788740
444864081
444882757
444969180
445134505
445154287
445709369
445869362
446060540
446231579
446236691
446501461
446997325
447143960
447301778
447473100
447523567
447747170
447920408
448206934
448456401
448683238
448703041
448884978
449049059
449119611
449665765
449934342
450184898
450239777
450650324
450798335
451139836
451194541
452107309
452252307
452342618
452399415
452458105
452520160
452786681
453062494
453634019
454286838
454332319
455140721
455248106
455978975
456104399
456122163
456345095
456522974
456638151
457161664
457564511
457803802
457944281
458062147
458075843
458466622
458635222
458648549
458879767
459219825
459563812
459574371
459579577
460303660
460762902
460883791
461080664
461340601
461390273
461518588
461530736
461915901
461969288
462531030
462703321
462933725
463387057
463398658
463703387
463806805
464038477
464142703
464237058
464393363
464518004
464763459
464952005
465030505
465232662
465363264
465771043
465887216
465937415
466082973
466462329
467258615
468195307
468308039
468598394
468759131
468916659
469201300
469252507
469475372
469478939
469553565
469643230
469776012
469854055
471106130
471149634
471271783
471305908
471859804
472492266
472617293
472625410
472661645
473124557
473154636
473163543
473331481
473447239
473519687
473601955
473642364
473719217
473863241
473989304
474288767
474399555
474648222
474719148
474923654
475766450
476056550
476074636
476475446
476929397
477741372
477967722
477967913
478112367
478366545
478425777
478542889
478567456
479338113
479402535
479594372
480206730
480357032
480402329
480547208
480717021
480799080
480917822
480964926
481062956
481541536
481612406
481807881
482317493
482899397
482992749
483296952
483545907
483679962
484199191
484320141
484625348
484725603
484769681
484805501
484896845
485576750
485653410
485802023
485805492
485823544
485852043
486284620
486385482
486544824
486642578
486971945
487328132
488124659
488263581
488351795
488399580
488471947
488593371
488965033
488981001
489018941
489045816
489243172
489261969
489405145
489513510
490293292
490296658
491350408
491438965
491585413
491966852
492138257
492218411
492458505
493016313
493022344
493099488
493469551
493916632
494399951
494418795
494562784
494588177
494705368
494776504
495180298
495402326
496098923
496138209
496212835
496364394
496420466
496457702
496550192
497161902
497227334
497317433
497350287
497387143
497458981
497508247
497614242
497827360
498134288
498257806
498371252
498539563
498634917
498964101
499367636
500296988
500389924
500531662
500599055
501122796
501499028
501909639
501991178
502024105
502084335
502148585
503156298
503161331
503182921
503443901
503848089
503903502
504022957
504712789
505227362
505526246
505602931
505682096
505749547
505803727
506168262
506284187
506654754
506673166
506820082
506835822
507219302
507293239
507329981
507827345
507844301
507856400
508051876
508173193
508220812
508319702
508670840
508829101
508854027
509136015
510218519
510752352
511030126
511141841
511385646
511393141
511921596
512275405
512344790
512517762
513215082
513256744
513951640
514310220
514455020
514482325
514782979
515065034
515348939
515424083
515635957
515669541
515739107
515752610
515767900
515770701
515774083
515822991
516246775
516626083
516804491
516853662
517491642
517703697
518354207
519383234
519405641
519425201
519634136
519690487
519761237
520017731
520071165
520135785
520278689
520671108
520678695
520681785
520789595
520805959
520897011
521101028
521471744
521566497
521716774
522112424
522591938
522735282
523709958
523883929
524155475
524260782
524321463
524400998
524617227
524793118
524942076
525025811
525172070
525232005
525553663
526054110
526171835
526325456
526401089
526462145
526668915
527202023
527280605
527361651
527392937
527482031
527505223
527727583
528008687
528188924
528339203
528659956
528707666
528835540
528881618
529049919
529195429
529318572
529601810
529689234
530281721
530331529
530397881
531000458
531116219
531450093
531479581
531480482
531504935
531806971
532112763
532133582
532454876
532625522
532980623
532995503
533489367
533672223
533855280
533953735
534041972
534481530
534530455
534611893
534675667
535029241
535262013
535302980
535840581
535912505
536100235
536681473
537551528
537626609
537866650
538428488
538440880
538556882
538622178
538658416
539077069
539353980
539389410
539884172
539963180
540022006
540358778
540520244
541184213
541474863
541637973
542083615
542123780
542202168
542508385
542567086
543049903
543139711
543219177
543224260
543415651
543526390
543587960
543739690
544014122
544260551
544451434
544531664
544617347
544873323
544970355
545115020
545174358
545315717
545745709
546296000
546453950
546537751
546612543
546877354
547158311
547229131
547372303
547380779
547670946
548132232
548180622
548448102
548657585
548660464
548700718
548991163
549043549
549117063
549365321
549439472
549548444
549699329
550043252
550051177
550214960
550491094
550568746
551279901
551667015
551825375
551864164
551868928
551928561
552121493
552232788
552413774
552492992
552826746
553134321
553188508
553231148
553321197
553612410
553674504
553834509
553891933
553908185
554034140
554329288
554750997
554791890
554961369
555009283
555028281
555033724
555084191
555091641
555173487
555850805
556309430
556974381
557207217
557256034
557362666
558058255
558704943
559047596
559210063
559221257
559328508
559357804
559705551
559956888
559960920
560016676
560253339
560698190
561129326
561542011
561830059
561970963
562167656
562168683
562297276
562408784
562439463
562490433
562497918
563122914
563152826
563749479
563855380
563869692
563931373
564445798
564556880
564576455
564684474
565084790
565505180
565506551
566229275
566424506
566448366
566556399
566558265
566605327
566632200
567062640
567164903
567178004
567419349
567877827
568848134
568895718
569252112
569470005
569973611
570077711
570290061
570432969
570550675
570568275
571214075
571401781
571502649
571583283
572096251
572485385
572519690
573335279
573365792
573455982
573770115
573876067
574011647
575249480
575609612
576151136
576762727
576837466
576915977
577045809
577105510
577220231
577246217
578079714
578186497
579342945
579862138
580116522
580154232
580613788
580643994
580658132
580677245
580890315
581280582
581377715
581459573
581963374
582207265
582292268
582403252
582620366
582641178
583279077
583569608
583648511
583768543
584345178
584528848
584999041
585066707
585253911
585465332
585556249
585585353
585688463
585696692
585717034
586152547
586251758
586881204
586989077
587306243
587558345
587639660
588148008
588364040
589166332
589811667
589824977
589947514
156876991
590656613
590770330
590838890
591069429
591142786
591251076
591338869
591344484
591707367
591747631
592032649
592453945
592461539
592723323
592921955
592934720
593368232
593942777
594057985
594737203
594897189
595235909
595572807
595601867
595748707
595753062
595754340
595775803
596477365
596970317
597444582
597689188
597761066
597977709
598144448
598365574
598614199
598808257
599199631
599227443
599430741
599709428
600159432
600922865
601357591
601645450
601696394
602191105
602221958
602481681
602734935
602840665
602852605
603289893
603367132
603410782
603468149
604142125
604185865
604718228
604901829
604971424
605004685
605037036
605075507
605202601
605722187
606129094
606329761
606522650
606965683
607039656
607300940
607320941
607333635
607659821
608086080
608584775
608738225
608774549
609008940
609168863
609642681
609885014
610113588
610189171
610505691
610549235
610716918
610759652
610803523
611225711
611347523
611428743
611508493
611686024
611808073
611840773
612111214
612506341
612544203
612657872
612790711
612826307
612958443
613247845
613339967
613596250
613950711
613973848
614525384
614645418
614682961
614730376
614778421
614819023
614987028
615352259
615565626
616864111
617890985
618088391
618325502
618367301
619105642
619139779
619301491
619434192
619475451
619524982
619555609
619716331
619990366
620414159
620629462
620977630
621071290
621271080
621451405
621675367
622022952
622501690
622691784
622905659
623269510
623346146
623372055
623690608
623710683
623760155
623904306
623970339
624136951
624245913
624396348
624424864
624465777
624502910
625092279
625235428
625509269
625621961
625674437
626047594
626236206
626336970
626374415
626611443
626819070
626924866
627015983
627054414
627784870
628190200
628544665
628619433
628650797
628653766
628867759
628922823
628967222
629431467
629478682
629590498
629606008
630384285
630774750
630798003
630811318
630848925
630894667
630944584
630986833
631293532
631416447
631475414
631479140
631600303
631752061
632039198
632171079
632613591
632815382
632913207
633206784
633412357
633429732
633467114
633524819
633719716
634301053
634451972
635185461
636250184
636345038
636478893
636558779
636651438
637220923
637258299
637297205
637349774
637447795
637639697
637714309
638070332
638099882
638144040
638326980
638672784
638965354
639182039
639201037
639269639
639456369
639743288
639763478
640194419
640447317
640502590
640713212
641082004
641083019
641673687
641984615
642155201
642301466
642325918
642396190
642473391
642639716
642890625
642891900
643532258
643703912
643762389
644179581
644304877
644913230
645790519
645900062
645932388
646220575
646402282
646455202
646596809
646690841
646704298
646750844
646790160
646907620
646915945
647088276
647205470
647576404
648890073
649002481
649056117
649063876
649426255
649430847
649755484
650043174
650139317
650247230
650475428
651085883
651244158
651268547
651563535
651672796
651933113
652147635
652344538
652435250
652530276
652570784
652590816
652677447
652734472
652759366
652871120
652913681
652963601
654647646
654666021
654942098
655018284
655204455
655323237
655813461
655981756
656062461
656066027
656781564
657019293
657128660
657169341
657620844
657623593
657875469
658232725
658319157
658374895
658649878
658784324
659340440
659342334
659366680
659751350
660046367
660189668
660217516
660299363
660356174
660380728
661078848
661163780
661318887
661595129
661908135
126238673
662083656
662109958
662664640
662858336
663644246
663746947
664171849
664330380
664338920
664349461
664713898
665334424
665739449
665883341
665951097
666020971
666451254
666574673
666744694
666815564
667092064
667159777
667436259
667526061
667600367
667669371
667756683
668097016
668110164
668268908
668480409
668485548
669148667
669251453
669452402
669637919
669658512
669893987
670170946
670300791
670306852
670313265
670651837
670908219
671319822
671491200
671546845
671806152
671889060
671966270
672023608
672537564
673377938
673867280
674182933
674371881
674511013
674646872
674725368
675020999
675031969
675081481
675578349
675618400
675672665
675953290
676046507
676078992
676164654
676196479
676358720
676378197
676577113
676579398
676579921
676686040
677120348
677162907
677175519
677648532
677781327
678106021
678125371
678234851
678291059
678657435
678771592
679185441
679225874
679896272
680020824
680029399
680798516
680835928
681018697
681176784
681422476
681474045
681711663
681764582
681911765
681963560
682212079
682552725
683016768
683292032
683539417
683623020
683708453
683854763
684385267
684464557
684488445
684491661
684805282
684885507
684980231
685036826
685110798
685458913
685511559
685784343
685916457
685945354
686104156
686308105
686509392
686515725
686551633
687010849
687118892
687249875
687311493
687450793
687521958
687694236
687706681
688084853
688831914
688909293
689564936
689868952
689916410
690246787
690809527
691054867
691181888
691247945
691557414
693067424
693385021
693499122
693544002
693686197
693789971
693865666
693934027
694101171
694600899
694992115
695099233
695551424
695780879
695805973
695815246
695948140
696017888
696398600
696475561
696807738
697056929
697114212
697265702
697928437
697975102
698014059
698234350
698525964
698777034
698779116
699145230
699146121
699234094
699480721
699513755
699660775
699771929
699791136
699907567
699997367
700279472
700826229
701542884
701599597
701654608
701871702
701929330
702042494
702059733
702244461
702351137
702462004
702683446
702694601
703268662
703323416
703371552
703581657
703968066
704011981
704257972
704709396
704803008
705011445
705091155
705338594
705631080
705758428
706776536
706867320
706895286
708034797
708163149
708485637
708581974
708607811
709017446
709140806
709166766
709341635
709761695
709950905
710250331
710270416
710297118
710470522
710494733
711113035
711259634
711260229
711661242
711694724
711744334
711770751
711815217
711954252
711975688
712187968
712288719
712318205
712775529
713243121
713297584
713360386
713470686
714585029
714841176
714917709
715136868
715413051
715551558
715609736
715803858
715998892
716317239
716419718
716464374
716978288
717309316
717317366
717355210
718035642
718243319
718659326
718940455
719405540
720015445
720260403
720274030
720335106
720391195
720412625
720456629
720545241
720770949
721150379
721168809
721589653
721593524
721726944
721771211
722080593
722179388
722230836
722648498
722701873
723600266
724057197
724197570
724238498
724315881
724627292
724714197
724890614
725022884
725366560
725533059
725604300
725742986
725821820
725894315
726139986
726572556
726845149
727118185
727284770
727589304
728056306
728630874
728666739
728739335
729253465
729416368
729720569
730241052
730470803
730631751
730768075
730843740
730934433
730986048
731102629
731272353
731639475
731837560
732008012
732158208
732399499
732655193
732771671
732908276
733157450
733216108
733253349
733660583
733876188
733978998
734214808
734278938
734337540
734343992
734382950
734759886
734969974
735046172
735346062
735427839
735857233
735884198
735983357
736094521
736388367
736416168
736705893
736782212
736796950
737049083
737218126
737332977
737628016
738785433
739157187
739399948
739605427
739616144
739631058
740204795
740206386
740524988
740613146
740719415
741254016
741317053
741516640
741538371
742090537
742173301
742494858
743069517
743358412
743444112
744044684
744072671
744285187
744347223
744471424
744598752
745075761
745076946
745136979
745248322
745405496
745585662
745902433
746281925
746705052
746706652
746829488
747011542
747091150
747168262
747546783
747646866
747659501
747711356
748124605
748481379
748607598
748633834
748652317
748726676
749505604
750560616
750692597
750692942
750736032
750885546
750921212
751037869
751187835
751421054
751887379
752136638
752489603
752610799
753167623
753264915
753329358
753565908
753805634
753931110
754233123
754272986
754672202
754734514
755921549
756532619
756650658
756752265
756826058
757815744
757918216
758003145
758089026
758339178
758451362
758538968
758789534
758839747
758841288
759603635
759621012
759704155
760073362
760212973
760310624
760410441
760484596
760571493
760954332
761026511
761248265
761375179
761433175
761678748
761733823
761837864
761862348
762223676
762585534
762945522
763063738
763380659
763548115
763634933
763725784
763868940
764446373
764969436
765074959
765296808
765339203
765447741
765797462
765903877
765974610
766082678
766440829
766777303
766981264
767009931
767147702
767227938
767338509
767360205
767393815
767707607
767816699
767873275
768046298
768271446
768435953
768742092
768970206
769149450
769294365
769326291
769392889
769899148
770110566
770256125
770368797
770394782
770624797
770822966
770979215
771095357
771141812
771155149
771195187
771593752
771849006
772211053
772255557
772783965
772987432
773089405
773246103
773862427
773891586
774112517
774165729
774184510
774492953
774871270
775087712
775529383
775767247
776651723
776696919
776746595
776790201
776794973
776812075
776831376
777302315
777336198
777398024
777500837
777640691
777761825
777838269
777879578
778202446
778609555
778771936
779093114
779194376
779454919
780249776
780307186
780602571
780609397
780711156
780862326
781125680
781567078
781717749
781819332
782114118
782353450
782999723
783023118
783564976
783763254
784018521
784235977
784455925
784603419
784665428
784685459
784820037
785224164
785816806
785998123
786396706
786665044
786724940
787533280
787765387
788229521
788457620
788881573
789172071
789284175
789526037
789578738
789771075
789808245
790281188
790291699
790413924
790636991
790927526
790995772
791223938
791247654
791641939
791752975
791814883
791819851
791967592
792078881
792079833
792085908
792246660
792266808
792291484
793100129
793198750
793690063
793887630
793920681
794160981
794282918
794785168
794863014
794895852
794961945
795393154
795572962
795606019
795769372
796327437
796391950
796441505
796505908
796506192
796554605
796645790
796874850
797079973
797182232
797255572
797947160
798126021
798406224
798703410
798757372
798757702
799108553
799154965
799192030
799490622
799926646
800114931
800374401
800447535
800773667
801349472
801838577
802313313
802569535
802791264
802866824
803037534
803646842
804021704
804135901
804377413
804473802
804577431
804748940
804952967
805195572
805390612
805516203
806063862
806070486
806145311
806166938
806286627
806499052
806510578
806704739
806887713
808118783
808128553
808138671
808590005
808681118
808758995
808782561
808835148
809354468
809488677
809718530
809863436
810253870
810411523
810498187
810839647
811033882
811121422
811502611
811547456
811941630
812271160
812773799
812881804
812925593
813586263
814593153
814746081
814981322
814982515
815562900
815956980
815991225
816186047
816638433
817215362
817479205
817764244
817944410
818277153
818941173
819385765
819516765
819786694
819835896
820126399
820370570
820377650
821066547
821423609
821651362
822030182
822157765
822202461
822364704
822389234
822916459
822951195
823168710
823368756
823569135
823689386
824486408
824527920
824602607
824783882
825236816
825575875
825641534
825675604
825813266
826071493
826156122
826292256
826554394
826697347
826716238
826760107
826847234
827030633
828107097
828239552
828350864
828569136
828680139
828762472
828942296
828984373
829120100
829519849
829521995
829617072
829791407
829818177
829862797
830103093
830647045
830808359
831342230
831590631
831717271
831892187
831898592
832197339
832199756
832202715
832476790
832720621
833046809
833101050
833441360
833442151
833495232
833685894
833764142
834325560
834565232
834636562
834802463
835554427
835677562
836792781
837059640
837234965
837236050
837592921
837664717
838405445
838632383
838911152
838911940
839047369
839249581
839716505
840108688
840630741
840833600
841375351
841532349
841618602
841820637
841830355
841894563
842188859
842697369
842717770
843092757
843169201
843200980
844044574
844049337
844492383
844735187
844748516
845210345
845232717
845697885
845869772
846092777
846825685
846845021
846948563
847035404
847226439
848041707
848113014
848449713
848620714
848883952
848930772
848946521
849284473
849303002
849675759
849995798
850038480
850305184
850416529
850423418
850629561
850708655
850881603
851167501
851347129
852488904
853383758
853444657
853905963
854135581
854465791
854510413
854540307
855010448
855181841
855261733
855468616
855569962
855611001
855724162
855810809
855835700
856041006
856124632
856338540
856426333
856456181
856605133
856758680
857150707
857301352
858063830
858089418
858203843
858239413
858821532
858949379
859053353
859208841
859211525
859438714
859655751
859928951
860062338
860123029
860514975
860582606
860687046
860763288
861508665
861557051
861641930
861949418
862210358
862547296
862648504
862689228
862693420
862940371
863332226
863801569
863871729
863875833
864295224
864825785
864922259
865190930
865525345
865570011
865759512
865813007
865832461
865918023
866004554
866210878
866608864
866825473
867601159
867714991
867775517
868069299
868922541
869072869
869110417
869154673
869250821
869592932
869937281
869977847
870587107
870589791
870657237
870844472
871111098
871333904
871898452
871922234
871953414
872037406
872137868
872340904
872509564
872605813
872801155
872863990
873797796
873846771
873890495
874029012
874400340
874940470
875066538
875111083
875176561
875451316
875490634
875491897
875498346
875956142
876638761
877144393
877214674
877360248
877375910
877741873
877838298
878178104
878270316
878374892
878482061
878734765
880065220
880095924
880252529
880511658
880789925
880913893
881988935
882093551
882138443
882480687
882864398
883001510
883654117
883769283
883897263
884111173
884324589
884338750
884426763
884431962
884721606
885033774
885090163
885239047
885372502
885665581
885806127
886017899
886312333
887165133
887388315
887456461
887660929
887923701
887991998
888409100
888687462
888750731
889005863
889206976
890044817
890228913
890261109
890573998
890662909
890718219
890808986
890876020
891049322
891212162
891456415
891949203
892270840
892415502
892681763
893084505
893104366
893135479
893216246
893363215
893734133
893930592
893949314
894359256
894424150
894812905
894813110
894842214
894956043
895257671
895576171
895778397
895980200
896006938
896334842
896443681
896482871
896509520
896672497
897192208
897281086
897477249
897585166
898318453
898376622
898803262
899006419
899047112
899117799
899235530
899708050
899780381
900093044
900296916
900847853
900966946
901070699
901506183
901594977
901734993
901792749
901995662
902152216
902813705
902865052
903395968
903438877
903452804
903691674
903810511
904468007
904785782
905094484
905142621
905308578
905347315
905566390
905783485
905814174
905959979
906257878
906710073
907175062
907196820
907466529
907944711
908911226
909080609
909151157
909313971
909335073
909702850
910421810
910579794
910961658
911331487
911376425
911434704
911463326
911711541
911865403
912111924
912242990
912763992
912956206
913306705
913419371
913446856
913719252
913967363
914046586
914469407
914473433
914565828
914722262
914897871
915199751
915618287
915650002
915785930
915817997
916358530
916465848
916585353
916849234
916985098
917141281
917497350
918129618
918151647
918912651
918953598
918967781
919133754
919366923
919507013
919514613
919564926
919780603
920430628
920695962
920838070
920879581
920880465
920894808
921495142
921785657
922001383
922115025
922192569
922451682
922549350
922761317
922942944
923075279
923188785
923353196
923675401
924384156
924515847
924534943
924630993
924681629
924911836
925387629
925467142
925541176
925633060
926077268
926167818
926551564
926857659
927065231
927379025
927552027
927604672
927634954
927865808
928063155
928562413
929221569
929413614
929438241
929720768
929786303
930253945
930387123
930733419
930968390
931046154
931079497
931105503
931461998
932196897
932255518
932587244
932642606
932663473
932794041
932861104
932939695
932959753
933006548
933169491
933201653
933434034
933452841
933488316
933609846
934419459
934482991
934485124
934639317
934666772
934781038
934900336
935383756
935732886
935996687
936027031
936242542
936336293
936947515
936994866
937084539
937323378
937443419
937621708
937627713
937705244
937857106
938034813
938151838
938179423
938324978
938489842
938578691
938648360
939155324
939278924
939353602
939411328
939687393
940132122
941260892
941410507
941526357
941597880
941945266
941995819
942091149
942273210
942291441
942400356
943067758
943714979
943909850
943994414
944081074
944230499
944327037
944382675
944636440
945473911
945677045
946159891
946192179
946383545
946652886
946675834
946994033
947266727
947411815
947420501
947555277
947841956
948028797
948152572
948228836
948454603
948932403
949093045
949150467
949469637
949755387
949905767
950051226
950186473
950266597
950788001
950808684
950931564
951000570
951157768
951297903
951428107
951555312
951673980
951763521
951929025
952112155
952193168
952255744
952609882
952807895
952945309
953044240
953139071
953290513
953341922
953415553
953425677
953775131
953816605
953963269
954160098
954271254
954290349
954586406
954761141
954833557
954990802
955182688
955509981
955711446
955855034
955936807
956202721
956222248
956922394
956973706
957084473
957315298
957395154
957500391
957668502
957726893
957855075
958115129
958552174
958801160
958819411
958954209
958969678
959110479
959149555
959163678
959906938
960187747
960258661
960580507
960609446
960885430
961021091
961036918
961123052
961139005
961395968
961405110
961526267
961662644
961739282
961803870
962259172
963350531
963434297
963660415
964275742
964675515
964677881
965432417
966037625
966207712
966407741
966641860
967033454
967386799
967565178
968091864
968182603
968349284
968600810
968753747
968794509
968876696
969048677
969053479
969134631
969187731
969553806
969764952
970012856
970152218
970170689
970270040
970422486
970445718
970540815
971004909
971043864
971074893
971299655
971341106
971501905
971643600
972223900
972478904
972641044
973197651
973273615
973316448
973558794
973581525
973681878
973725079
973797568
973894047
974084352
974268651
974723700
974974692
974975751
975052416
975083989
975333344
976094678
976243325
976397696
976713725
976881006
977246513
977259530
977297674
977386255
977975481
978303052
978502286
978556932
978874629
979531526
979677491
979725197
980112738
980736644
980785703
980805199
980831095
980887994
980940267
980970033
981012389
981018598
981183403
981363325
981392004
981545185
982078376
982158688
982237849
982306560
982315666
982556616
982570839
982616129
982717697
983147892
983385065
983398184
983453855
983709402
983776239
984034819
984167636
984302474
984670288
984759697
984879813
985015229
985316036
985343075
985436374
985521783
985540854
985913704
986084868
986128645
986200561
986329676
986404827
987900264
988446628
988579524
988624542
988646162
989388757
989446941
989836686
990045614
991163161
991222120
991373315
991570026
991674506
991920413
992014192
992280663
992578678
992681710
992931170
993046507
993291207
993331936
993891827
994114221
994276769
994329791
994516796
994519319
994846768
994863389
995579567
996024557
996395352
996421330
996621656
996734504
996825445
996971813
997134392
997501923
997690495
997859180
998098313
998312969
998589418
998620312
998665338
998710955
999697988
999768399
999818041
999915230
