5000
105027
158666
237926
804857087
382105
394425
479919
649975
736065
852480
380343272
1303641
1313391
1374088
38342918
664467045
1854095
1951074
195206802
2215266
2318421
2447370
2539237
2686161
2699760
3110677
3124846
3221142
3289475
3630702
4011274
4249533
4279785
4286592
4391316
4405401
4532086
4933620
5152273
5200463
5297115
5386216
32542457
552484042
6355453
6361542
6652194
6766396
6771556
6812592
24090665
6881456
6998981
7061012
7204972
7226361
7244731
7283286
7285316
7409906
7644082
7692473
7969722
8181345
441659168
8710718
8736102
705955253
8847978
8974312
9195097
9353751
9353918
9458631
90838526
9591779
9705054
9932201
10093973
330743522
82157302
916406127
10390829
10425830
10439150
10635258
10717692
10799574
10894412
10947930
11039397
11314997
11320501
812084928
11434491
11553233
115302189
11796634
11965476
12772341
12948474
13024463
13266350
13449096
13636767
13694841
13719270
14328526
14437442
14597365
15101506
15234019
509345264
15299315
15429702
15970876
16033536
16059411
16216207
839931280
16464403
16603335
16644599
16828724
209022201
16940543
16958536
16974031
17041711
17172483
17421704
17620426
17781569
18096548
18100407
18152901
18658620
18682982
18719898
18755801
18949529
862639615
773636078
24320276
19684310
19770452
19941501
20112300
20127768
20205930
20434160
20484962
20490779
616173562
21074895
21219008
21464858
21543627
21581044
21599582
21695192
21811760
21887972
21994343
22001051
22204985
22299129
22753696
22941384
22965433
161533409
23203308
23404811
23425477
23514051
23586099
23978442
67007024
706036817
24153618
24290292
19199996
945778230
702692802
24607027
24693302
24731890
24791295
24798642
823433181
25147921
25577376
25696281
25833057
481175272
26445552
26518762
26644822
26687519
628472624
973751960
26913882
26975423
625175898
27303052
27440790
27497260
27745599
27822721
27977020
28185440
28325467
248114629
28499578
28572535
28626664
28634282
28837712
474519780
29175631
29263306
29299512
105651698
29387440
29534558
29549176
29586729
42743894
30468900
980160246
30594907
871661889
30709431
30872878
31154335
31318226
536048215
31722740
31879958
31981900
32016772
32083941
32125014
32241128
782572840
32827900
32898296
33221038
33252806
33399682
33724524
33792152
246006795
33885794
33897612
768760386
34520647
34636103
652010182
35050189
35226302
35259047
390478540
35729574
35733577
35743947
35824601
36012385
36129794
36373857
36609943
36654640
36797752
36995917
37117850
37149540
37291101
818731598
37437810
37462857
37531053
37592891
37706000
37727549
37814994
37959900
38096445
38271459
38342705
313541702
38434699
38821263
38904779
39090700
947595251
39150816
39375020
39570414
238185610
39875656
40105986
40412622
40612218
40743928
41138130
41154171
41452451
41722939
41881425
42089189
42176487
42194254
42612609
751067703
43020423
512679348
317875196
43492057
43674229
43899381
43905864
44259826
755639154
44852861
44890617
44999351
45133537
45154814
45208381
45310134
45311445
45321603
455725690
45372584
755154344
45670679
45941318
45996881
46028062
46030420
46083909
46178875
121284195
46522290
46574068
888098942
46689316
47028113
47122004
548132013
47492588
47809473
48193071
48360219
183456932
48573660
48838786
48913318
49251546
49436002
308415903
49571173
49586742
49617124
49881203
49936214
49963470
50027842
50107373
50287372
82450516
50818548
276425964
964570608
50970183
837316922
51086147
51122217
51191965
51328433
51416641
364771722
51673241
51948306
52016005
52028261
52115098
52155079
52363641
52379146
567751858
52998212
53095740
53254403
53438907
53485317
53630071
168582245
53926444
140770112
54498253
54540494
54746971
55003831
55012267
122582112
630042739
56041552
56353852
56393860
945164181
56625292
56932238
612062560
57240254
57713467
57740567
427630730
606897821
133572327
57941683
57958603
58178834
58470551
651557949
58549420
58760156
58781415
803760230
59223708
59755289
60068705
60141285
60476430
130499930
60666067
60913097
61000974
61099437
973421508
530870583
61492026
61590835
202567743
61733035
61860989
62427946
62477302
62589693
62599855
62608154
62639854
62646187
247947528
62804877
300375861
62888352
63344031
63444884
208677063
566811461
63967832
64119707
64163259
64335682
64552873
64696406
64777896
64947646
964670
65694304
65877376
583591845
66686384
66746750
66791005
24015310
67439239
67656447
67670016
67673516
67725968
98060801
68545396
68651672
517272727
68724421
69324810
69364848
226397975
69609452
69686037
69841766
69864300
70008971
124869401
70229586
70317085
70320192
70724483
71024006
417394542
71121988
71142801
71162049
71245519
71402992
71663781
71913105
246724129
72090192
72104662
987390155
72494858
72655795
258406367
72886425
72978286
73103651
73433607
73466354
73481248
73557714
73605193
73962072
74118510
74164128
74234427
214682210
74582053
74955056
74962091
75102455
75231779
75300833
75383532
76124071
76254012
76269882
76434873
76485195
76595984
76683636
179151062
77343761
77847797
77972696
78073712
78707906
78919560
79673516
79794659
79816639
80169628
80247333
80464948
160126332
80669920
471178840
80916420
81366116
81416803
379824014
81861539
82093525
10300359
82301427
82316897
82346596
50782693
82580983
82735326
82821916
83183450
83294146
83333756
83361131
84053070
84106807
84142297
84367133
84547439
84551194
337417123
84617866
84673010
84696430
85552872
85652708
85665794
85690834
85906596
86171711
86268874
86313253
86321057
86435674
86436312
87188306
613300883
87349783
87419939
50877676
87638425
87727882
87963259
451067533
123306870
88551055
88577581
88602177
88637204
89016179
89182876
89319143
89472495
89575516
89628976
89643211
89649509
354610050
89781643
89887332
90014029
90037301
90060802
90258585
90273962
90489155
9567097
91072155
91332474
91576411
91809224
92340951
92418380
92953071
93113910
93212782
93403362
93697750
94132816
94170550
94212283
94247348
94400166
94521951
94714491
94815923
95048433
95164354
95467038
95522847
95553684
95805819
95915189
95991254
96058104
232727848
96596819
96888042
96932224
96977373
96986565
97040594
97106078
97408881
622474842
613275622
98011087
68128875
554029820
98475945
98650532
98677866
98845289
98849974
99325041
99384092
99421515
99651294
112038220
99839409
99878030
99902802
100008383
462844329
100168912
460703517
100460488
100595763
100764675
100768602
100817385
101164113
55677725
101332048
101339088
763331688
312660168
102255509
102567430
102737822
102774479
102824775
102858439
327586839
103679654
103737799
103767501
387873184
104131372
104310011
104322793
105072468
105087263
105101606
105189079
105199234
541526239
105397374
105626339
29356458
105804788
105861527
105988430
105995465
327483814
106400333
106429040
106430118
106747462
106926417
107744854
107842022
524127041
620317948
108229131
108403563
108468311
108557884
284074801
108708850
108749698
108899632
108932336
109229616
109239739
109434084
109436897
109589309
109592575
109974705
109996395
110061040
755974455
110715672
919354576
118253673
415027449
892569709
111430828
733160750
111518483
111587754
130376334
111867569
99724478
112143042
112160709
790313894
113084132
113391615
113433340
113489376
113586084
725347874
113767794
351361431
113902030
114130104
690362870
114377307
114505762
114567240
114607396
395234470
872118127
114832950
114863758
114889702
114903865
114920896
609729105
115034428
115090486
115153725
115161665
115226133
11764814
115659484
115697178
115762378
115789065
115947730
116104499
116405389
116542952
116573588
789215742
116819322
117364628
117522207
826539035
117810867
117822486
111044543
118443976
118514027
118545793
118898847
118958545
118984352
119032824
836694990
384191141
119352302
120069322
120106633
120344961
601501340
120383630
784592266
489948939
121074335
121139953
553449364
121211096
46402773
121336386
121394188
121656444
121727375
122025126
122044157
938253964
122265590
122269308
122311580
495774187
55531463
122708949
992980579
122969266
123021619
88444261
123787278
123818978
123821168
123858903
124009258
124595876
124753506
124821557
124865674
70080607
124940843
125069244
125153721
125419195
125476151
125519703
125671378
125848692
629278928
126082272
126083335
126473576
126793282
771545477
126933693
127077958
574505803
127259626
127513867
127527274
127679363
359106557
127770965
127887956
127951789
128024792
128123721
128341607
128406618
188749238
128559854
128563267
303024543
128687409
128708756
128793413
129013034
888519169
129213060
129278182
129330650
129550834
129669245
130261352
958228802
806150412
599558756
130599406
669623744
130863482
130910719
253537705
596706970
131206072
131293239
338623849
131696983
131858456
132441777
132495756
132517298
132580460
133054336
133210087
133245145
57890982
133590164
133734287
540556959
133803231
133866496
133992937
134320638
756053192
134825103
727026495
135279238
135346887
135358459
881418207
135623250
135659673
135683865
135783155
135820759
135831699
135865257
135984615
136211179
136225627
136365243
194099452
136455067
136851144
136934156
137075006
137346885
137562395
550391009
704113410
434621319
138587421
773616842
138941368
139039529
605667604
258776258
139866449
625396141
140428971
54477513
140783335
140901986
140972777
141128785
141459684
141684618
141729283
141779720
141963277
142416906
142429383
142631827
142702669
142888548
143218928
143388879
143727977
143883701
143925338
144063074
144099232
144101898
144209488
144294067
144465212
144500214
144504059
144655786
144780256
144875561
144983685
145100023
145200019
145358347
145363937
145460138
30701787
145588704
145677288
145680702
145830625
145973314
146007665
146020907
146185191
146384237
146462721
146532719
146663596
146724006
146727619
147585690
148017713
148198004
148428090
148548677
148693815
815218962
149616438
149993387
902779182
150272863
150278180
150381108
150429256
150456570
150652045
150981741
151003678
151330518
151598354
151655251
151738286
151816125
152144896
152411854
152925892
153055125
153164516
153478234
153909244
153968720
98331256
154054446
154100854
154228373
154694066
154721653
835277144
499408166
705006774
155310937
155385589
954052842
155603980
156296346
156300610
156373062
638457883
156827469
157086958
157301475
385151665
157532783
157605499
157752588
255076762
514049303
158615569
159165611
159181647
159706538
80480737
160318104
334512296
160598716
160907573
161340675
267032582
161894390
161906656
161933458
333517392
729421102
162721894
162963197
162969200
163057027
163404770
163707461
164353522
164463545
164568202
164884009
164963617
165093369
241721712
526883164
165188295
165301619
258412006
165657495
166223902
166430393
166606986
166797921
825633998
167627449
167652454
167952560
168133608
10230855
284626858
169232428
169874894
169963778
258189694
170313619
235344847
170607062
170828600
170874924
170974479
171247197
171495238
171544635
171602567
171648805
444609459
172487293
172679287
172711412
172786953
502254303
173555069
290756052
125998989
173889138
173909778
983643888
174857824
174951644
175152476
175753466
175799540
175988067
176213871
176358041
177060765
530126263
5780924
177888003
876945191
178800036
179093300
179123072
77294077
179609944
179686858
179993807
712003012
180398790
894123763
181437588
181613914
181877778
182819876
183092256
183318246
336275561
183464006
183539966
183904740
184741373
184763449
184901473
184907877
185030254
185065746
801660633
185089324
185096399
185317910
51664751
185642628
186592801
186603095
186828741
186848264
186854825
186982602
187075897
187545727
187929182
128503216
188794969
189000272
189858880
190135942
190759426
190926431
191020648
191108010
191545391
191655361
192227261
364773537
192963167
193092081
775088141
304133904
193998976
194015329
136400906
194389387
194580330
194709292
2152737
195233765
195304911
195547621
195575148
195649711
195921469
195938004
196059772
196223245
196690392
196923328
196950063
538150095
197297675
197609204
197851529
197906114
198111522
198233426
198359745
198891974
199051108
199083211
199295429
199387643
199513091
199596799
199603187
199679140
199772301
200129943
200530863
371302859
201300268
201572631
908722052
988913938
201698331
430163804
783572923
203149955
203217779
203551229
203649072
203652109
203661662
203763519
204193007
204419206
204571479
204856274
205708285
206326811
206732515
206822968
206850843
206896853
206956572
207460488
207603912
207684872
208193586
208287608
208311873
208550819
63683271
464443988
208877497
208920994
208938036
16931442
209171948
818695100
209681196
209741919
209757204
209771159
209789893
210318584
210323652
210666189
619180939
211230217
770462209
319964145
211719877
211874464
211881732
211954256
212054452
212056489
211417533
212339805
212471930
212491532
212673125
212754180
212755631
509752739
213581595
213656532
772275860
832699193
213980919
214156668
214447023
74566393
215294646
215854604
216242264
216511640
217198984
217218284
217293940
217635859
217726568
217815081
217869852
217880348
218226102
218390536
218394941
387743979
218645962
219009510
219009745
219101882
219119404
764157480
219628251
220176057
220176837
220770099
221080480
221586731
221901412
221915175
222107157
534362802
223229649
223259442
223361586
223476397
224257841
224332935
224374976
224411557
224898644
225000440
225026954
225118841
225346455
225449372
225938038
225986340
226003427
69506435
226454525
226993485
227003742
227269923
227576245
227996092
228000237
556352804
228305888
228753655
228791154
229613882
229731059
229755434
229804002
230163994
230248337
230425842
230681989
230928492
230970348
231033232
231174765
231197761
231531932
231607415
232074551
96491488
233366020
233662122
233733261
233938763
233980591
234035625
234040283
234087711
234091482
234107978
234808818
234834663
234834777
234921211
235307371
235314218
170420740
235679396
564971437
236268205
236313829
458122038
236699224
537342331
237109789
237178214
237483290
237716042
237949149
238029113
238041602
238144098
721088964
238267271
238544920
238714057
238764345
239039126
630068936
239170353
239422629
602728217
239764378
239897307
239971646
240046692
240317283
240395439
240549086
240816788
240896357
241239379
241281648
165136145
242122259
242403263
242444512
242478859
840060930
242698388
242824704
242876909
242951441
242955668
243311420
459442257
243458843
243567727
710711385
243988620
244343491
244483465
773941761
244978594
245284579
245334881
553228063
942556881
33793435
246604428
246621676
72051934
246837194
907681296
247042167
247193938
372894740
247805203
247882602
62665797
247990147
28372721
248306225
248425681
248433440
248442617
249008675
545304101
249638852
249872427
249899984
250144918
250150896
250277047
250314765
250411122
250506669
250882716
250897622
606673646
261316483
251993120
252188176
252206891
252282278
252304373
252355323
252714721
252771302
252954348
253268921
253273485
253447874
583084615
253692440
253915683
254075711
254242379
254283370
254458400
254512509
254699735
440050479
254992366
856747811
255153081
255218057
255241213
255648634
256280647
256321407
256355987
256371734
947342497
256421427
256604738
256685115
256850143
256950703
257309021
741720845
258145389
170229678
72784096
165551521
877455486
258634442
258709458
139622101
258956952
259371748
259562358
259581878
259864531
260029593
260030690
260171235
260491708
260496971
260534107
251837800
261388843
261948995
262246597
262442192
262742990
262787741
262803940
262883904
262897938
263051731
263376064
263483376
263640642
263653988
431635513
264396535
264774989
264985084
265410991
400600388
265697768
265711441
265718403
265897432
265946988
265993051
266010033
266601772
266602072
266900486
23200009
267397525
267418571
267426670
267535066
736151674
267554401
267596849
268135679
268309684
269030846
269991003
270496289
270963950
271057290
271294151
271850284
272009957
272233541
272329769
272795881
273079903
273180725
421714980
273437185
273490905
274008040
274497791
274691509
274711974
274871412
274891086
275469820
275847339
276029596
276203104
852321112
87607067
276686262
276757857
276814484
277460940
277471310
277985646
277985767
278370455
278727042
279089118
279213897
279299966
279373844
945765509
280060384
280381832
280420950
280526318
280670270
280723074
280849583
483973080
281665669
281774904
282006503
329593164
283264638
283932953
108649247
284366239
870450457
53709387
320113500
285000292
285193430
285307485
285890880
285982324
286043106
286088725
286293092
286322870
286868921
927041697
287131528
228109703
287228255
287288886
287388762
287578233
480662590
287921079
478260531
288389179
288674775
288841785
289081255
289647585
289706217
289741840
289784363
289817855
629994060
825201805
289949648
833202250
290217427
290400011
290571862
173867661
291890872
292185882
593995545
292653815
292769455
293905597
294531956
122044924
295003555
295174919
295336031
295559691
295642397
295999721
588058571
296469768
296515315
296778707
296931984
297340427
297437270
297788300
297993586
298008239
298046374
298197293
298327093
298446323
298656300
458918951
299820903
299848698
300212021
300303479
62852015
300513302
791600638
301261018
302017691
120648820
128669750
424554303
303447839
303843834
303900378
193826612
304162929
304177757
491353158
304715149
304828219
304902324
305063463
305260251
305521771
305811835
306540870
306681894
307377314
307489618
307512675
307875498
308266146
49493483
308609463
308619357
308699891
308820734
949614205
309063562
309086511
309166979
309222946
309343715
955117049
309650241
309697101
309777121
310430401
310448767
310679698
311012181
311064060
311737958
312111584
312400724
312436384
312558831
102139248
313016541
313468166
674673902
313595832
313810367
313819977
313955526
314227089
314323724
314892124
315030940
437746906
315427140
315902344
316080543
316363486
316448403
317130921
317248366
317293509
317691665
317703789
317714081
317733806
317758704
811504744
318027645
318223893
318431165
318508643
924383215
319466254
319643881
212102341
320076739
284784818
320125280
320260284
320414472
320474090
321139466
321286041
321731616
321960369
322366406
322431254
322908374
323094079
323255242
323260724
323592303
324164077
324214562
324544400
324848691
325631031
325696417
325760240
325956701
983688166
326195736
326435060
326727397
326759898
327368294
106211733
327490868
327537716
103059058
327870723
328267517
328582880
328668260
329189768
329274479
489341455
329940853
530673131
330026642
330125297
330202302
330352857
330396658
330553743
330729554
168458043
330774792
330953985
331008171
331046311
332234573
332514078
332520378
332876805
332943394
868797478
333333645
162080378
333612255
333768855
333775972
334096120
160558026
334688752
335095641
335802421
335825458
649553055
335943571
999566306
336627408
928586697
336934497
337151408
416061198
84580520
337475063
338044886
131464395
338867354
339148646
339270008
339401232
339493652
339626902
581987070
339693671
737650091
340031253
340241868
340339687
340822369
341281416
455639347
341294009
341367261
341383854
342005886
342325652
342551670
342639795
342666931
343042062
343376507
343687358
644282119
343973619
343996506
344262735
344277160
344352340
345159604
345906914
440862759
346227002
346271477
346277844
346456749
346740452
339666550
347392395
347559811
412882305
347969941
348161813
348272727
349329571
349475414
350254491
350382864
350630048
350652312
350856602
351166209
351213250
417086096
113855520
351362695
352039063
352119082
352287498
352462825
352535446
89773473
354832770
354974416
355168134
355219809
355265699
355475121
355539311
355708218
356112762
356160376
356327673
616711783
356523079
356963576
357497639
357601055
582507110
357792012
358165417
358413359
358477546
358534553
358628407
358632156
358796701
358879688
127755491
359536804
459273538
624128646
915227784
360123027
360150539
481462733
360503160
361018388
361153302
361269227
361506214
361689742
361760824
447505288
362189525
362537417
795969212
362764841
363097331
942667342
363590457
363627871
363665758
449398433
364575726
185398230
192325797
365699174
365714511
365837180
366231634
366299783
502501428
366342322
366510685
367336749
367483429
367747848
368097423
368270891
368379868
368655504
611136694
369616417
369697950
370258020
370403483
668083948
370407233
370987364
547220890
371321510
371390617
371396242
371508035
371651729
371662109
372748641
372794351
247596753
372988015
373490558
373615780
373803770
373976243
374034639
514682558
375112227
375407779
375498333
375762062
376060440
376217708
376256286
376402288
376431388
376444468
376458566
376641461
376823841
376918544
377180739
377195145
377601828
377671765
378066429
378184986
378234988
378249032
378339969
821236689
378613529
378745653
378745767
379514086
379713408
379734230
81859577
379825949
380020619
380226070
380233908
762744010
380448962
380672525
381037307
381041216
939420246
381624394
381848793
382210927
421511874
382433300
382829729
383489654
907167926
383703444
383707877
384168392
384184914
119312617
384349606
384382589
384420772
384773476
384990702
157479596
385512528
385594959
385636922
385938015
386549459
386693687
386949246
387513123
988454065
103829366
388260990
388334381
388498036
388761935
389127538
814782787
389227476
389338189
390268283
390398966
35371568
390589653
390599291
424585251
390977830
391304140
391326592
391455264
391486928
391628738
391752845
391867029
391977223
392176731
392371913
392393236
392531120
392718951
392723488
393006282
393191026
393208771
393588053
393901872
394477863
395009346
395132618
395153442
114671829
395330982
395365385
395920654
396138381
396276624
396933420
397935429
398020245
398220295
398608094
398729975
398799448
399196692
399222182
399509881
399675474
399689644
604315817
400596269
265535108
400701603
400947702
401109191
401148058
401371114
401589790
401709280
401873121
402192869
402410438
402450905
402494231
402842870
403308030
403497534
403672205
403824427
404072696
404158601
404495549
404779612
404819280
404883868
405083031
405272804
406074131
406374939
406408880
406572552
406613088
406684811
406879673
406922883
406976339
407082863
407221504
407608379
407930119
408254777
409165451
409599902
409656627
410168853
410283447
410579715
410796131
947217888
411223834
411339430
61707134
411460226
411967168
412229993
412529256
347877247
413010145
413207506
413529997
413776791
414065220
472985421
414109399
414382891
414490214
414558574
900731105
414645306
414646587
111387860
415206943
415256343
415335064
415342085
415432775
415458568
415578097
415698579
415990991
337340933
416169767
416891654
417077072
351314905
71031720
417679950
417727209
417891020
418175363
418261077
747299943
418476405
418613255
418794832
418973424
419034400
419162727
419627873
420157789
420280245
421064352
421104453
514142005
421340680
382221004
421666390
444524277
421796053
421941493
422483253
422581541
422798314
423388811
423518916
423942786
424063861
424196936
424286009
424327355
303040240
390688770
424806392
424990914
425392860
425785996
426520792
426552741
501628750
427015525
666463852
427043414
427152277
427548675
57788641
428138826
428141422
428158304
428266962
428319203
428422900
428585014
428774974
428893192
429212491
429366506
676162099
429711773
430083610
202155055
431262383
263782184
431828525
431884836
432292724
432338208
432406190
432433598
433152246
433319107
433549858
433572699
433846192
434234012
434501810
434563188
138561535
881098372
434912010
435121723
435323527
435877964
704552065
436159013
436491697
436553420
437228100
437498320
437665882
315151480
437998191
438125068
438233940
438368166
438941016
439057425
439407587
439703884
739550045
439957880
254907301
440276135
440557626
346175489
440876557
441427800
441488473
441634181
8684315
441773397
442212922
442841870
443342687
443602204
444288487
444290209
273389496
172432958
445613762
445629702
445721512
446045887
446143550
446470893
446513501
446577934
446638228
446693760
446982211
446995665
447308063
447366739
447382160
447496618
361882904
447686279
447703794
448240830
448598839
448643076
448945520
448959968
363707304
805059636
450048919
450125903
450169714
450218731
450392845
451058068
88035489
451214676
451634693
451795847
451831816
451941012
452208604
452223572
452345417
452412168
452506400
452690598
453253082
453470442
759211258
454425253
926305686
454689047
455013982
455079764
455424285
455444570
455630065
341281985
45337992
456914411
456919234
870741916
457309255
457574423
458028136
236578424
946722405
458423809
458649151
458801042
818157945
458936988
359607197
459433252
799746711
459449151
459831798
459843118
460343112
100387913
460791745
461208560
461445913
894262225
461740917
461818901
743743803
100026339
463006633
463141691
463290343
463727458
463751094
463928527
464119883
464201372
208771490
464803340
464856798
465383491
465700135
466433534
466614850
466747379
466818718
466833167
467278057
467631446
719881727
467668836
467776864
468033866
468165014
468980830
469076448
992596420
469399228
469778409
470389696
470445724
80733964
471188235
471562467
471861747
471898200
472184380
472196913
472234759
472915104
414078773
473116325
473327440
473820239
28957089
475011105
475276739
475385028
475423288
475799977
475829109
475909077
476606947
476621133
649018062
477174956
477381374
478013429
478073983
478099576
864404829
478221907
478251090
288310112
478520054
478951946
478976327
138918347
479449991
479465735
480028268
652402325
480377277
514595601
287614288
26089935
481353196
360408743
481691253
481993942
482277815
482477584
482712658
482806119
482818969
482878460
482965354
482982174
483596223
483852683
281099973
483999171
484033411
484124974
779967803
484998735
484998894
485416941
495743445
486030590
486996343
487775242
488632091
489071125
806845023
504850539
489577887
489780793
120848122
490078067
490147097
491127097
491313572
491320180
821554706
491629250
848125501
491780936
492495534
492709016
493163732
493242978
493381902
493483735
638021548
494898283
495270709
485747798
122523309
676445880
496078741
496121669
666773153
497169668
497282789
497521931
497701788
497775568
629904768
498289460
498334506
498436080
498766834
499341471
661159715
499708155
499813121
499849901
500639609
500657878
500741906
500767063
957072021
501185165
426645358
501913985
502088453
173043120
366310461
502667206
502752805
502846321
502970858
503011570
504332423
884173865
504932275
504969328
505085889
505465563
505903845
505944775
505970195
969351268
506376764
506441257
506950858
507053240
507112713
507142960
507488180
507557681
507815059
836913934
508572090
508681314
509116212
509219010
114924600
509336467
15240342
509488903
509526686
213379481
509754701
510092660
510461363
510644353
510832453
510929156
510987368
512425939
512429012
512439015
512454255
512508026
43150523
512683987
512801493
790632593
513441444
513668030
513699256
513765419
158571893
514078640
421192537
514592961
480608272
374593139
514821027
514978798
514987065
515073244
515257983
515340490
710899663
515790302
515881763
516186450
516193657
516476555
516509147
516549244
516983594
517181011
68714944
518103229
518658648
518677415
518714726
518782585
518801719
519034272
519319996
519537374
519956509
520598191
520626084
520700248
520843272
521133722
521249870
521381800
521705272
521991301
522094543
522637828
522645838
522935617
523039622
523331912
523373156
523515135
523752473
581993835
107863344
524290207
524429418
524452966
524598994
524666382
525203271
525444368
525622419
525734586
525957041
526302078
526403524
526713277
165162018
526899541
526950426
527310784
527352319
527389551
528023671
528535074
528843046
528894502
529155813
529547817
529726455
177104583
530450358
329961497
645549849
740561888
530815098
530828453
61362480
531216014
531255705
531757561
531859415
584302984
532187351
532200930
535200296
533047395
533049553
533091079
533826314
534052983
628226442
551631060
534451313
534579300
534692703
535144975
532755655
535276986
912378823
536110265
536287824
536438637
537043682
537085501
537240450
537255012
236986064
538089671
197251586
538250026
538768444
538810802
539528056
615588712
539772914
539989631
540152659
540157611
133796323
540720437
105368208
541621640
718449656
541994331
542356018
542604884
543062618
543227822
543672981
543699773
543702340
842883579
544072677
544077275
544209270
544241108
659851195
544508232
544659522
544736233
544769693
544860722
249564523
545493745
545588058
545719533
545790028
546202285
546213669
546232435
546379007
546493950
546493972
546971575
546984239
782355761
547291405
547298458
547393054
547414411
547765241
245810398
548299444
548413178
548629952
548634762
548834786
549004590
549189300
659551069
549788799
812294160
137835702
550459802
550710251
550852734
550925073
551053558
534437423
551819041
551841221
552007148
552324264
552330969
552357116
552422593
6152583
552688168
553130521
47379484
553321113
121148798
553483494
553500033
553834466
154032779
554095648
554327146
554328057
630938818
555163249
555173117
555181494
555308902
555562493
555567138
777130588
555704301
287141793
556354625
556759065
557081253
557790677
558134527
558267877
559001607
559140727
559202956
559227429
559249715
559421094
559449380
559971984
560184089
560876784
561127799
561152964
561212640
561378251
562051445
562086941
562727487
563028135
563174663
563257804
563258732
563301320
563325388
563382312
563444871
563512397
563679554
563749692
874063221
563876264
564156970
564197642
564225526
564611353
564661073
564763996
991948793
565258446
565577284
565794687
566236439
937070221
566945971
567080737
567195086
567221044
52495037
567767415
567888729
568013028
568134976
568222788
603605105
569109811
569314591
569634748
570715533
570874567
571032784
571100054
571736686
580092138
755767796
572794900
572956588
573012743
573155469
986676980
573649604
573720291
573765531
574013282
574021538
541703822
574246730
574456225
574472592
127121714
574945266
997242532
575281507
575366125
575698532
576089990
576313285
576373783
577008043
577268529
577846695
577872051
758104213
578017363
760700315
578502805
578739935
578797133
579029646
579081504
579123300
579456796
579498085
579771758
579775641
579942113
580062525
571863413
580148059
580250935
580262169
580337889
580410486
580823832
581001218
581175252
581205643
581276993
581332513
581600672
614858576
347076444
523900646
357630927
582574005
582919834
583071628
636078204
583253696
583262899
583435805
66098897
583639082
531870660
584694211
584714375
584883240
584993805
585110363
585393884
585610929
585685297
585884381
585927953
586079936
586098813
586252540
611949237
586421361
586503501
586738816
587689541
587956401
296387237
588096032
588352858
588618532
654877816
589153123
589215368
589349587
589573837
589595486
589640353
590232794
590298551
590465500
590871251
591004735
591270991
591826411
592356934
592676797
592929026
593582205
717009632
594240926
594274980
594919777
595159275
595190383
595257346
636745235
595448984
595505191
595583566
595967633
595990949
596453631
596693713
131202025
596849776
597006967
597872623
598135073
598243687
598628643
598887110
599004056
599298307
599344518
60630143
599629841
599967305
600069024
814376236
600294421
600328688
600665360
600815891
601010160
601117026
601385839
120369628
601556896
601885859
602410438
602532046
964361452
568773014
603684978
603839233
604751163
770526589
802107206
604128612
605027288
605594345
605598672
605615489
139464728
605697403
606562491
606605539
61198135
57822319
806554190
607037312
607110349
607165904
607238663
607406708
607549174
607738593
607794005
608272784
608389823
608859855
609366194
609485560
609569121
609680408
509322082
610659043
610675092
611134967
369562547
611172878
611859653
611902170
611932688
586333169
57156240
612077944
612086069
612097346
97901055
87268286
613600204
613898593
613939801
614468964
581866578
615097589
900240539
615948983
616039716
616128920
20709046
616205026
616465178
616579630
616601934
616619464
356363364
616785162
616842089
617091409
617149551
617209368
617278140
617570447
617777282
687292275
618265390
618818394
727468972
619190761
619455206
619599365
619815757
620017970
620110422
108132033
620518765
620549975
620551314
621010826
621084550
621214028
621289246
621421491
621572099
621754206
621896735
622194602
622254256
622338951
97804892
622586040
622686823
622743371
622835071
631118931
812966881
623009189
623179378
713462667
623437968
623831658
359788968
624978983
26993671
625306970
657947971
625992510
626753319
669783248
626847851
627102473
628033077
628086091
222509642
185083245
628422130
26799412
629205206
629213807
173875037
721954533
629518419
629686498
629700915
497918654
663325095
289853663
630016219
101183233
239086361
630688951
630768974
554791975
631017079
622908916
631569414
631964434
631973385
632100668
632377828
632967132
633199815
633242814
633242975
633286775
986568152
633547059
634096629
362707382
635223533
635284612
635312546
635573982
635661928
912948750
636103995
595428308
637397545
637719781
937326371
493797063
156535965
895518296
638658644
638845789
639576751
639884322
640234352
640527293
640537588
640849374
239750770
641625901
641870056
936392525
642499811
642504914
642821233
643090213
792106818
643602144
643806556
343692307
645193357
530726989
645796744
645924237
646410114
646454073
646934398
647196392
647653017
691545785
649179310
649472493
335832328
649555816
649604464
649785806
651146264
651183114
651495269
651517333
58533479
651750682
34655733
652308640
480331004
652869935
653269411
479344780
653675010
653767243
653784846
654490001
654625348
714859127
654886123
655279248
655342028
655558766
655622786
655631291
655709539
655741150
655811856
656059292
656150647
656489931
657529484
657569450
657782490
657786434
657789158
657947545
139966285
658824233
659346579
549714866
684154965
659744674
389148030
544383023
659883791
659963032
660016809
660039116
768272838
660281983
660434262
660732543
660906927
661012098
154941068
661204851
661559631
661715631
662094629
662173837
662578291
662601511
736714254
629959100
663616452
664011537
664130420
664252714
774294398
664315312
664395335
1717192
665509717
665526475
665767857
666140756
666152595
427039621
666743335
495813348
666866246
666890845
667849398
370404545
668424459
668966425
669434562
904214714
669576056
130602330
626790703
670566216
670971073
671766215
671827101
925508048
672385123
672724533
672984482
673086992
673193537
872874715
673833947
674570432
1498114
674687787
675011879
675062687
678556971
429548050
676336579
676400537
496855038
677324419
797594396
677835959
677949658
735458919
678645231
678737829
678825684
935221702
679013355
679144380
679215414
679393313
679401388
679473427
679676708
150109444
680266446
680448424
681007999
681055374
681070491
681182039
681258243
681605656
682049809
682478635
682486866
682498550
683548494
683761892
684017722
684135837
659565070
684760360
685267226
685601347
685635257
563827240
830364843
686232772
686388317
686794455
618156869
687505496
687566713
687826517
688251995
784293953
689938708
690024522
690035255
114234539
690509672
690831727
690860421
691027211
691374797
477015120
691622227
691851768
916034608
692731080
692931339
693017642
693097489
693125969
693255936
693557394
693798818
694187721
694272878
694292716
694773525
694776502
695392155
695469962
695479152
695518093
695996690
696116224
696619172
697000272
697092924
697156129
697342993
211391926
698161249
698228120
698504502
698510588
698674810
699004394
699232930
699335850
699421898
699434100
699648107
699718891
700246896
700268375
700946433
701001579
701176380
701205048
701302297
701327527
701335371
702176411
702183092
861079845
702265827
702371088
702530973
702553973
24488146
702946502
703391289
703432066
704772484
703882387
138315193
704191353
435905256
704640910
704744240
703755045
704908009
704996741
155045470
705136465
705305806
705396457
705433857
8776470
6872662
706069743
706703887
706749110
706903823
707096845
707202728
707396527
707723741
707834226
708743367
709034456
709230449
709898004
710358421
243811007
515783005
710979788
711129804
711239156
711283740
711362584
711504918
711716989
180236872
713001119
713020602
713129836
713163917
713393123
623289960
713715140
713896793
714092986
714248418
714428046
588983901
715415138
715559748
715578329
715636039
715835917
716069240
716981353
292588028
717184675
733652558
717786499
574207738
718605009
718894364
719108137
719217783
719532053
719744660
467655319
720044229
720348526
720904488
902992775
39714978
721209421
721455057
721676248
721694637
721774415
629432686
722249751
722254369
722524520
722756605
722885478
722937346
723010927
723527914
723901238
724419969
724480683
724511582
724914044
725192168
725286752
113646741
725388865
725478971
726051881
726071195
726807640
726889983
134899835
727239100
727283801
210688894
727554762
727604686
727659587
727723351
728697206
728864090
728917842
728999882
729229863
729231598
162420947
729445863
729524614
730015858
730489283
730567786
730701868
730864053
731027683
731465975
731480078
732350543
732844810
733106742
884036172
717298205
733912466
733971029
734013549
734224914
734799446
735218371
735337496
675876904
999350634
735829796
735975939
267542706
736169211
736302964
736331231
873438742
663118801
736911537
737088087
737332558
737366834
339957290
737956936
738162903
738192878
738239731
738618446
738833770
738858579
738938796
739070669
739358054
439866948
740492541
740499223
740518208
530732431
740682655
740882212
741068273
741273516
741362556
741714069
257765408
741751034
741868673
742490752
742760942
743154503
743196013
743233242
743569041
461968707
743866558
897168650
744399822
744446742
745442011
745449446
746420467
746537249
761395881
746793461
746832937
747109680
418472095
747607434
749018468
749137578
749378069
749904776
749959281
750196380
750561294
750675690
29782631
751405945
751712753
751993727
752166122
752167322
896351261
753045730
753094209
753194718
753691727
753722349
753788051
753862124
754114270
754326521
754401364
754917776
754989737
45643634
933426450
755553797
44824888
114735189
755964206
110260185
134428643
971933038
756135316
756284831
756503693
757071759
757106166
757180474
757258356
757638864
577957331
758833215
759034123
759152454
135442912
846041948
759556140
759560111
759977299
760385074
578151040
760714256
760724319
760744742
760832944
761212688
746661900
761543792
761554949
843658867
761870173
762622402
762685144
65009250
762876100
762884743
762998293
763004528
763082186
763147171
763201879
102126849
763891490
763990690
808848699
764067986
764111105
219463753
764310262
764560693
764794546
764824975
764977428
765213804
765419745
766041110
767106166
767122645
767448869
768109261
660146459
768641469
768668201
34023692
768949181
769441445
770029199
770436078
697448864
400466017
771536638
126931061
771569871
771758823
771805595
932986971
213672262
772540489
772545931
772608022
772781713
772943140
773142999
773504973
773530498
773595185
653535906
19133789
878733577
774144636
774151746
664313446
193788776
775096411
775174883
775791656
776331742
776488428
776661166
776876236
777125444
555573010
777355115
777473525
777628228
778283041
778470388
778642391
778744254
779262052
779762588
779855681
484475894
780074567
780383801
781206456
781375501
781410996
782200771
782274372
826509872
200819944
177393842
782606341
782908603
783043159
783432721
411415401
783892469
783893734
783912566
784075425
784222065
689853347
784458629
302558671
784836836
784943015
785200752
785481828
786152623
786603282
786873835
786979092
817382471
788379124
788459404
788594192
788720206
789071406
789102622
116603431
789540960
789873141
789939642
112525543
790390278
512926144
790715610
791067852
791567278
301057568
972322771
643376695
792212761
793147560
810481742
879203746
793829642
793914798
794392131
794486756
979014618
795081985
795484760
795685564
795706210
795870249
634346447
796302505
796534206
796868527
797446853
797461340
797516985
677669286
798160834
798290310
798488039
798636665
798898553
799600693
243347134
800598580
800614887
800874092
803959166
628288667
801799174
832131600
604720762
802322384
802751062
802818964
803214937
803278955
803369642
58860823
803790242
803918392
801228132
804142229
804144906
804282411
804353579
804607671
804608247
804715905
804735236
274735
449639280
805244348
805593417
805885607
111713985
806323851
806442762
806523597
607001302
806575837
806683997
489207182
806965832
807081762
807214925
807243546
807389946
807596151
808503392
808566276
808646160
764036038
808974865
808993134
809176383
809201869
809479711
810433612
793539590
810662299
811315207
43373858
811638726
811989079
812025081
893665965
11332422
812101310
812129498
550347059
812392047
812619451
622936496
812997558
813163166
813379219
813507993
814075151
815286544
814456705
814692418
659833934
149295184
815273526
600255655
815869188
816095707
816346686
816940675
817370245
787980794
817512093
299205194
818414766
818504810
818529252
209200957
37392140
818736746
818973481
818994410
819017106
819174873
819565484
819775428
819968844
820054861
820147340
820262828
820836255
378595790
821274361
821374343
869209699
821513165
304519299
822211940
822401861
822489686
906279609
822598445
822967985
885904603
823000964
823274194
25042691
823619716
823754575
824166758
824198397
824206204
824565871
825070018
289876448
825288968
825296240
825413154
167020860
825854372
825954290
826096022
782280887
117804427
826641166
826722149
827229137
827373334
827447233
827494436
827773533
827914192
828192481
828323975
828404937
828626012
828980295
829123051
829634428
830047499
974816333
830454561
830941751
831344004
831500854
831560389
831574660
832037399
832054238
832074377
801885829
832543310
832615747
213936820
832923420
832995536
290057868
833227878
833424225
833664579
833667560
833830148
833964128
905669253
834131978
834569963
834587525
154859897
835296308
835666747
835743367
835908852
119089450
836713716
836724230
836851610
508553208
837142411
837161497
51085446
837406250
837465572
837620666
837648068
919208119
838520042
838949536
839272566
16360845
839957403
242531992
840421184
840435326
841448207
841482958
841752502
841868345
841881945
842014929
842039077
842209349
842520529
543702392
842990075
843017036
843037946
761856429
843887123
843895952
844095913
844231784
844319335
844341768
844445429
844490331
844551057
844635444
844748858
844791665
845603169
845738485
845822400
846034649
453886597
846123672
846277840
846651345
846892440
846898848
846996253
847034074
847085386
847292672
847463427
847675314
848068047
491686898
998189183
848876899
849002372
849221172
849339653
849390294
849477178
849804262
850066636
850073651
850115597
850300370
850332308
850662576
850669750
850751626
850799003
850814175
850901101
851387573
851442492
851961877
852118398
852183176
276246067
852905729
852970190
853305354
853470800
854469455
854706457
854995009
855559233
855686176
856030582
856064633
856088917
977815927
158549118
857185661
857543155
857635719
857654003
858623072
859353722
860008662
860208919
860445184
860454868
860612983
860637565
860688870
860753538
860899445
860912203
702245400
861130571
861289514
861619689
861648824
861699897
861702588
861719476
862069271
19098100
862702028
863466351
864230342
478221212
864519064
864830371
865208363
865389803
865405451
865788651
866013028
866196074
866526594
867402490
867455823
867729898
867903678
868099120
868165351
868279945
868295693
868348771
868505112
868724655
333132337
869183469
821408988
869249511
869264755
869601819
869766750
869827930
870071669
870074135
284409254
457142028
870942247
871043582
871486635
871525050
871638721
145563212
871664113
871695508
871927663
871929725
572380092
897423345
872571452
872610927
872733663
872854797
673380192
872917855
736399401
873466556
873543962
873561601
873606845
873840734
873983566
685675167
874147621
874230597
874996975
875528994
875702413
876117824
876374943
876616236
876619371
876685404
876731543
178561398
877082408
877159250
877368581
258584008
877768646
878386610
244736874
878822590
879027131
793722653
879356328
879466273
879486663
879650342
879803961
879819124
879827157
879856638
880293337
880720574
434647445
759196589
881678011
881774587
881849912
881945622
882213208
882427303
882567126
882743789
882819374
883818464
883935602
111490953
884129697
282204299
884383573
884408358
884434154
884911837
884922742
884963309
885510179
885534151
822975714
886426619
886803341
887062870
887376641
887392231
887437803
887440371
887573756
887605556
887700808
887778597
46636856
888120135
888160704
888242029
888481259
129163705
888849610
888876139
889241127
889428032
889567421
889664921
889952395
890245473
890875527
891023087
891124086
891131768
891286889
891917175
892057079
892269058
892464808
892568650
111427382
892601428
892665546
893211030
893391613
893532396
812065596
181134538
461648742
894331389
894656834
894887513
895018865
895433078
638491782
895640794
896268069
752208493
744010372
897173069
897181764
897381911
872137031
897644675
898014570
898043856
898187514
898440592
898692465
898926518
899065753
899102124
924135510
539601212
900346613
900694026
414634257
900926503
900958169
901003090
901551198
901885684
902240518
902266154
902536588
902646030
680179120
902877446
720952650
903060770
903144960
903419973
903544218
903870231
903947331
904077823
669476069
904409720
904524119
905154763
833977265
905810453
906153527
822569560
906847394
907052944
907054915
383492341
907232648
907267201
907283035
907416249
907440320
907531924
907566814
907650034
247009775
907944736
908140614
908458390
201613364
908972750
909085444
909346549
909701964
909988076
910213076
910263381
910293135
910483426
911164594
911188624
911661587
911746543
911778852
31505064
912675359
912729195
130986583
913454050
913551514
913678228
914233009
914340341
914978424
915205813
359931580
915255143
915285386
915458125
915543866
915929922
692390831
916133337
916222706
916359896
916384868
10380150
916587469
916692495
916802326
918108096
918393660
838291244
919306573
919318110
919325611
110805916
919445363
919451093
919681005
920486261
920589256
920920049
921080247
922271981
922970766
923028938
923177632
923288009
923448498
923665974
923727914
923800194
900206436
924153733
924162475
319104352
978288147
924502658
672057868
925992112
926157225
454531265
926345211
287042221
927052960
927191458
927294499
927458389
927603839
927630864
928078213
928248880
928323602
928452941
928453337
336881109
929018520
929162337
929356525
929451917
929726488
929904762
929980788
930220932
930244353
930352024
930403528
930504823
930706949
931771502
932000482
932265258
932666015
771933688
933079903
933125260
933361350
755171183
933996706
934141783
934518277
934887117
679002652
935635113
935639477
935822041
935880805
642184932
936591954
924454974
937112886
637794473
937692790
938152500
938184529
294941105
945306498
381604332
939684155
939718073
939781178
939790564
940026102
940036989
940084307
940577256
940718388
940781367
941245729
941539383
941731241
942166437
942369645
942400512
942546408
245885497
942630532
363144544
942925201
943366471
943438690
943455322
943698899
944099364
944920151
945068835
945130242
945132017
56418678
938876093
945635247
279839015
24368387
945962963
458321219
411008995
256394098
947370579
39127873
947667841
948281368
948981069
949451282
308965650
949651604
950904594
951148029
951216411
951456421
951538578
951650833
951759275
951907656
952118508
952251865
952503859
952778087
953028717
953067460
953255118
953449449
953578928
953802718
155445223
954123148
954288752
954370320
954717860
954802751
309492424
955153898
955314949
955552874
956013061
956019725
956044765
956140317
956454612
956893492
956901236
957039055
501101522
957470939
957891827
958148572
958209417
130349046
958534749
958849086
959680109
960074082
960507823
961115626
961288983
961392848
961410920
961588625
961666856
962409461
962472258
962663716
962667922
962670153
963069912
963355028
963682137
964043928
964162833
964216786
641183566
964400383
964513869
50902336
964888001
964982978
965034308
965543830
965566190
965720231
966036273
966389791
966486324
966595127
966768434
967312848
967363387
967534992
967572081
967894015
967976870
968176164
968366929
968756763
968999440
969002751
969078685
969169991
505989533
969889687
970096092
970107183
970315039
970336330
970529706
970844838
971649924
756119436
972008696
972124021
972277461
791840105
972459380
972826435
972918140
973060868
973097121
973301820
251195210
973467073
973647246
26854031
974654277
974669935
974673618
685688131
974888068
975548604
976045687
976281714
991908362
977552251
856115366
977974661
978090285
63860570
978428612
978784516
795066376
979399308
30573462
980413626
980573448
980854779
981152785
981301412
981396575
981484859
981586265
981924374
982897498
982909823
983294248
983483177
983500786
174141063
326044530
984129218
984403803
984588295
984970607
985070032
985376415
985437057
985723486
986223038
986320460
986372424
986375690
986411543
633382090
986595814
573468709
987074970
987108588
987243812
987364457
72346936
987430847
987520388
987983601
988349431
988430290
218427260
988638320
988672841
988777925
201633655
989313934
989692858
989897162
989937430
990445848
990587405
976859933
235998452
992240561
992264707
992347147
992484184
469135865
992781972
122928792
993316036
993578303
993843740
993989681
994105126
995259821
995848492
996094632
996317332
996808978
997086289
997231505
574948265
997686381
997833167
997855753
848587520
998451615
998692709
998812921
999174540
735677580
999475825
48465526
999608826
999644495
999684908
999799309
999922392
