5000
999906852
100204250
781681902
820646493
998368065
176066456
997999666
997648416
997272635
997162835
997094816
996616426
996233654
996122027
995948349
995709706
995032643
994941608
994935744
994565273
994295544
994025110
993981214
993900656
874138203
993692486
993570033
993216428
387117277
992790623
992614508
111260300
992394622
153155411
991805276
991776157
252285900
991571191
991392177
991388776
991313341
990924381
476015277
424450662
990174549
989930773
989455906
989418317
459927459
989307938
988821811
431103768
614409767
180898387
145494556
987627879
987230309
986293037
986187324
986077893
985193288
984907895
984561932
316801474
984471815
984366801
657204144
984008890
983863252
350428531
983448150
983371309
983349845
983232682
983172840
983068905
983058302
983057744
982824950
982824715
982411895
982037588
566256297
981740451
981341903
981076838
980688015
980656196
980561158
980198877
980023606
979724056
977554835
209489824
976519368
976466292
976288917
975507572
975500370
975282195
975229014
975170757
793760255
975011393
553948014
974941605
77702215
974198597
973994229
973796477
973640773
972919625
972896409
972762963
436319412
972209953
972018690
430097237
971585745
971361620
470983907
799765103
970875348
970757397
970757209
115694493
970649389
970541544
970402090
969879830
969759862
969744583
969542755
969411463
969411363
969290220
969192970
875170
969068093
968867740
967846913
967439291
967248116
966642050
966488852
966402705
966184257
966176929
624877332
965547086
965307487
965243189
964980980
964897563
964618873
177808243
964287713
964080761
964032062
963825728
492404032
963761388
963722533
963204091
962943517
109919730
962812696
962644160
962594220
765760273
962480729
962455031
961968269
667631455
961334463
961045119
960941959
960624949
960025613
960024517
959881753
959672462
959155102
959145650
959143803
958907409
958880619
958739803
958194788
957989353
530122052
957457970
957174997
956945385
956900710
956872826
925660866
956348911
956066669
955916338
955821824
955794065
955532844
955456471
955312143
954931653
954860348
954802529
954472454
954355656
954267596
954219306
941724560
953714849
953552894
935353009
953134096
953064948
4981456
952359923
952069069
951881938
951804260
951311241
951174491
950989697
950669590
950301835
949746413
949719407
949155419
949130938
949017680
948932349
724690381
948645983
948570291
948507053
503287626
948279360
948086279
948031334
947945677
947876657
947110724
946570440
946224632
945843537
945093580
944852914
191274010
944751726
944551584
944485315
944442215
944312988
943298646
413563437
367404297
942512637
41228690
942065273
941983319
941768299
953737125
941563190
941376143
152289118
941018503
940628361
940543901
736866502
940088660
939842117
745877362
939235507
939160520
425407765
371436400
938847909
290659839
937861826
937018782
937007122
936939306
936723519
936407782
936226669
936154556
56239731
935973986
935578857
983779132
354761098
935184337
210031569
934090551
933952539
933950614
933690029
933236112
932287335
560475593
931032731
930782089
930551387
919453874
930073632
882273293
929888759
761757313
866623576
929412808
313789075
929138743
928963893
928854219
107462754
928469149
928401598
927948168
927835290
927610736
927524903
926613241
926493098
926287794
925969653
956460456
925624821
925463787
925241197
924693883
924439976
924341442
924091005
924064552
923803740
923061277
922712594
922665065
922598699
922513972
922333125
921463167
598973482
921405438
921048584
920956056
920695281
920257321
920137365
920064654
919864180
919767832
919763849
919508378
930364315
919447231
919263668
270682820
918930448
918899406
918571819
882130109
918483474
918314436
390027326
918243646
404510318
917763548
917647951
917636224
386015023
917239207
917236535
917136341
916938286
916735297
916381987
916368239
915840280
915748804
915580943
915498924
915467863
915264450
914924739
914652555
914604114
914468967
914013389
913705039
913537912
913445896
913344304
716765436
913169251
912766616
912677677
912624767
912546662
912323445
911841477
911517247
911342406
911322351
911281856
911151989
911006768
910686117
910588628
910237260
910185692
909558395
909526145
909362125
909339290
909187565
333189634
907893395
907285950
907056452
906959577
906840564
651701286
906475468
906466387
906268162
906149096
905957493
905817672
905495244
905471500
905287391
905229330
905032341
904444123
904216102
904076210
335469512
903965294
903307462
78595607
902618268
777893685
633233119
902077592
901714547
10290879
901305551
901241795
901117508
72034200
900912445
900830300
900826209
900663142
900296574
900112021
900099313
899998282
899876841
899471749
899285003
392424754
898413993
898153743
897995715
897892656
897721958
897713742
897626282
897402788
896913161
896644977
896493916
896089525
895896457
895692855
895663574
895525663
895235839
895204380
894957386
894942078
894833246
894833027
894741825
502618780
894030458
667026705
169223920
306519857
857602368
892239680
892229927
892073507
892011314
892010094
861136519
890888078
890856023
890701933
890483803
890306549
970709598
889242456
888611617
284254777
888017911
887959200
475949204
887591147
297798252
887244841
887038685
887000704
886950280
886640111
886490258
886250311
886221556
380035498
886112528
885947528
885459348
884320146
883981885
883787771
883507648
883427872
883186345
882733810
882354150
882276048
929937347
882185819
882151965
680884774
882104641
881711832
881566201
881471336
881147932
880950462
880708404
879691569
126147303
879390644
879114285
878917448
878427393
877578066
877526348
877524062
877382293
877086799
876970684
876967101
876886679
875930882
875895766
544614224
875797171
875459191
875199530
875158228
778027669
874959953
874662270
874359491
434718666
874129424
874106874
118273372
873795559
873459442
873311438
581718247
873130018
872984423
872905608
872836518
872806481
872492365
872040429
871738172
871517051
507783320
870762905
870697053
870658701
870441347
870142405
869944512
202863058
869684657
869517697
869474478
869347145
716504
869168952
868883154
868613947
867926067
867053116
866902641
866793290
866687711
929678868
866596111
866302970
866135920
865972770
865605895
478531049
864534409
864280213
863985964
863702651
863375540
22914187
862864271
862807869
862800585
862236508
862206705
715403157
891333886
861037709
860900397
860721212
24374233
860309938
860076165
859709292
859316946
859250254
849123947
859092070
858949616
858940205
858885708
83267279
858367099
858275410
858084332
857884553
892570781
856310074
446251684
855980667
855664442
855569857
855454345
854872286
854412638
493850533
854260161
677803762
854046318
549364831
853908850
853809581
853720327
853436978
853379671
546525491
853297361
853143471
853117857
853052299
852971976
852472941
852320201
80063922
217145091
851837137
851829835
555911236
851735080
851387737
851159111
127482986
634859833
850615958
850376251
850117691
849753981
849412610
849371542
849314887
849293662
849237365
849164273
859174536
848572359
848534537
848386067
848154473
848091017
847898825
206979977
847863859
847556165
322837098
847118765
111393651
846967911
846371894
846179320
370525308
846023355
845924091
845763915
53619517
844510042
844386266
844376414
200696214
844220607
843827355
843483893
26715299
842433251
758361542
842155956
842013137
842006655
433190412
841637150
841579582
841444915
841331748
460209907
841187168
731326290
484252165
840314039
840223467
840060803
838571693
838323947
838150376
837542480
837522145
837357950
837253162
836691422
836490403
16562256
836144268
836141849
835949635
835714182
835612371
835525771
834608506
680106601
152238550
834397927
834313321
833786142
833728436
833596403
833342363
832995003
832968614
832783134
832773709
832278630
832118917
831896914
831712050
578582446
10502693
830984992
998245253
830737765
153566320
830303112
830179029
214313950
829988600
757035221
47695572
125200793
197185205
828841766
828764538
828656772
828306173
828303700
827992212
827675151
826929678
826885317
826862252
826861440
826807097
826724376
826662564
826148712
825639125
825006126
824691838
528595326
824280204
824278034
823250765
822938947
822587633
822578238
263812152
822504697
822054784
821778044
821538924
323697392
821183558
821177773
820905472
820893661
820782546
392697635
820615339
820207347
820182470
820078244
820012458
819999796
819658973
819557238
819421368
819065018
769231197
818505569
760960558
735009648
817994760
817941434
817688883
817508985
607373094
817392173
817303359
816884375
816639048
816487390
816156159
816129806
816020632
815942040
815812596
815706574
815680255
815665038
815458351
814997734
814947953
814915057
814818183
584985631
814716306
814662208
814478733
814465702
814396087
814178249
813913293
813811884
813777214
813767340
813730737
812909457
812896611
812608716
812339458
812199701
812018013
811989131
811987721
388990319
811446191
811302210
810899354
359935922
810675477
810657385
810366739
810270374
382405285
809906268
808976182
808374487
808329091
808233170
808198916
807824059
807305809
99984561
806669336
806312046
806039787
805553504
805551306
805162836
805052639
805033638
804774972
804726842
804704196
80185132
804219858
804112231
804092983
803397982
27114216
803342222
802320535
516246932
801240466
801227759
643032682
801004509
800909870
322943237
497018987
644762113
800067286
799787115
971272799
799670789
799273146
799159477
799131475
799067540
798864252
798491415
798260784
798014443
797993016
797747770
797618991
797357719
388185884
796097928
796061265
795793714
795357548
625604133
795080739
794806596
794344725
794332142
794258979
794068742
793815027
975137770
793705971
761621002
133916050
620757318
793105893
793082319
793025546
792862405
699184312
792582417
792534998
792332601
791957534
791952410
791376901
791193183
790889923
790664866
790563712
790331176
789959121
789683338
288479461
789305571
789235842
789129247
788940864
788641124
143117675
787802854
787706530
787135586
787091239
786942882
786458417
785830398
620531389
785195502
784977876
784846375
784607299
784491779
784379009
784214857
784115223
285378382
783877396
783824189
783488279
782929260
316065472
782724341
75825526
782284119
782168983
782081862
781737018
998951599
781389641
781348559
781304961
781292236
781106777
291286953
780377230
780263855
779879902
779517179
779355503
779301495
779283018
779175385
778685806
594654182
778359337
66345609
778132498
778121543
875123368
902602621
771909881
777734095
728448564
620023468
777170322
777107562
776982326
776789595
776544706
776415699
776397179
776298921
776231258
776152845
414687422
775257731
774960923
774790020
774574885
774514009
657264160
774337886
774197423
773837485
54627940
772621324
772471880
772463966
772408265
777821822
771777982
133227225
771624943
771611579
633656668
771222813
771059040
770963780
770962942
483573998
87762201
770451213
770290827
769785021
769497781
769469971
769395801
769272780
818790671
769223067
768835213
768639209
768447046
768056718
767954196
554907760
767367005
767303870
423410687
767019668
766907598
766711750
766242011
522093568
765186446
765003622
764828933
764764667
764458066
764436947
764001741
763874688
763777979
763735527
763488120
763404469
144319861
762219713
762055711
929810642
793415037
761428289
594540260
818276186
760830832
760585529
760485561
592187544
710230656
759850223
759680553
759594744
194698126
759071102
864582187
758797643
758622366
842357711
758165078
757658841
757634907
757505811
757492389
757111113
829981177
756613686
756433983
778323712
756384672
756024836
755602761
755265958
755141869
505586471
754803304
754776085
754683510
225681081
543551380
754277146
753431512
753356405
753312130
752683735
752543002
752501340
752390924
752291451
752279661
752000457
751985744
751815425
751799306
751439363
206799775
750382233
750203944
750025514
749754994
749748851
749576489
51049597
749070978
749047454
748827378
748671782
748664854
748638844
748043177
747805065
747343313
746885619
746823343
746769802
746724632
746441971
332796605
939674207
745828877
745762163
745721841
744969629
744898507
774390729
744022492
744021127
743937533
743862657
743783219
743590715
743516331
743217104
742919550
706537867
742816379
742376025
740310759
740046040
603318343
261504232
739192271
738961417
295093118
738539660
738471085
738393662
738226807
738030038
737945828
737197345
736930419
940401735
736651959
736207329
736095978
735346297
735182652
735120414
818118028
734796869
734404568
734200298
733630053
733536490
733302153
732603058
732214070
731869894
731785784
731708394
731607578
840420952
731218403
730533701
730236267
730000876
729848970
729441663
729199277
777661053
728389518
728284440
728166984
728044286
728020631
727815846
727734828
727606434
727574973
726981437
726622433
726463386
726189228
726011472
475885235
725140826
948878604
724658582
723702543
365412182
723628030
723596772
723525544
723513629
723276583
723271827
722949764
722759606
722105579
722035495
721875743
434143601
720676566
620201620
720650756
720537144
720422924
719726527
719371621
719319320
192231103
718927284
718346373
718293682
718283180
717820524
717687793
717500307
717489444
717378129
716956138
913302900
706185747
716271374
716030812
861759219
715385801
714554313
714345932
714196632
714092078
714016233
713393554
713365815
713095973
712827755
712809458
712649886
711257343
711057485
710963304
710937439
759981134
710100746
709896436
709691742
709553793
709165669
709062712
708635964
708381846
708201096
708164193
708077888
707863480
529536296
707404905
404080012
707280407
706971989
706807381
706609836
742821649
716595640
706154057
705384204
705256093
705214141
705198254
705171632
704909640
704635763
704525949
704207678
703955875
703611336
702996681
702919539
328660793
702744416
702653546
702596330
702378585
701672806
701368013
701293430
701153108
700859075
700824456
700665307
234785415
700332212
700261699
101238543
700146247
211277663
699745564
699489845
699327245
699326544
51349143
792843709
88113949
698774462
697933072
697709853
697594788
696876531
361557330
695895635
695454751
693882137
693354478
693226289
830963028
224723720
692601239
692513133
692447900
691141314
690977032
690227714
689981246
689958975
612889077
689466269
688991114
688990504
688942033
688786748
688208226
688180145
687994604
687857840
687681823
687562848
687159848
687104165
687069144
686939985
686890856
686761291
686178804
686114940
685774324
450828252
269621285
684416253
684009236
683763546
168565782
683498442
683449704
683342827
683132217
682796195
682613993
682569319
175583666
793154413
682362636
682275592
682076148
681863902
681765044
681583889
681565730
681323217
681151689
220575085
681097342
681063226
529123560
80366356
680116726
40544138
679762782
679635007
679616544
679580734
679502698
679461627
679312375
678558450
678413774
678335262
678230196
678118312
678051457
677944742
854202768
677272998
677140147
676836448
676724868
676680668
676416502
846113555
676404131
676323890
675964168
675896587
675255443
675214864
675155735
675115695
675098303
674892861
674579732
674427409
674366616
674277016
674231314
674205111
673813618
672908754
672770492
672731821
672504541
672342405
671737011
670975795
670812926
670597827
670385967
670283086
670259934
670191299
669953526
669815961
669474420
669303805
668749768
668685811
668366701
668175093
667768889
667688728
667644192
961413838
893654442
666590495
666558885
666350775
666250586
666020963
665504540
665299940
665013991
664756046
664649903
646528502
664107082
664079864
664050495
663876624
663637151
663529027
663521333
662980247
662918014
662841408
662541847
662126402
661852119
661820339
661754865
661719024
661712429
661607472
225609324
661460921
661363832
333068948
660464687
660058886
660001008
659887233
658828262
658740931
658670266
117680859
368538135
657948914
458789262
657671304
657431737
657318068
657267748
744340182
288162418
657182285
656889355
656869165
656748817
656671857
656508967
656416258
656360745
656332144
656006945
655604287
655376932
611272149
655255009
655102646
655055799
655050726
654580014
654571103
654174029
654029962
653994123
653902791
653875600
653791148
653715658
653537190
653387684
652286756
536329802
652107439
651958971
906802644
651443430
651217230
407158118
650235234
649995272
649796317
649701876
124696189
649554946
649540418
649191942
648766547
648666437
648455782
648419476
648109255
648080157
647816665
647713687
647473921
647155488
647027380
85793003
6825597
664580911
646463294
577040851
646135468
645919512
645820314
645652110
645502967
645467641
645461591
645386849
645211440
800201226
644585736
585029212
644470087
644024725
643996694
643375942
801122270
643000763
642978760
642938653
642931202
642780418
642568286
642539270
642323523
642284993
642128859
642079260
642019312
641788476
641556197
641448877
641189518
641054243
398282875
640149080
640126201
640067175
639707461
639607542
638638973
638434814
638421782
638219233
637988065
637908304
637903923
637875479
637755502
70384535
32556995
637111783
636862521
636632831
636088809
636006678
635406730
635209988
850634337
85137545
634781897
634764278
634747959
634727508
634616049
634348126
634213172
634071814
633862650
771528850
633317415
902441025
633082077
921441386
632988050
632371011
632169958
32447691
632120496
631757246
631753265
631186882
630717410
630384194
630263138
629920275
460339438
629340797
629192232
628906908
628551141
628514540
628405864
628395699
628262743
568770833
627599504
137361205
625804633
795297492
7746935
625216324
625191125
625166968
625071243
624927645
966085428
624267369
624126070
623824139
539142112
623608365
622965204
622823297
622696394
621970928
621327553
621228606
621148793
620947667
620865995
793126166
620693328
284865536
620520148
720651626
620135375
777355396
619931093
619787428
619327694
619177014
619156610
294126534
618694823
80962162
114788521
618471143
618411762
618345369
618185978
617885648
617575292
617356669
617208470
617079373
616789872
616546315
616136943
149209186
615721819
15054171
615486899
615007949
614997530
614805202
646431077
614699592
614565288
614557677
988640288
614142471
614022228
613747611
65430762
612934758
612913433
689681348
612074302
612037416
611904553
459061787
611700922
611378240
655349547
611118658
35380612
610867380
610752884
610750860
610553574
610137932
609930406
609545849
609096452
608508768
608296323
608206101
607711609
607648909
607436947
817412608
607240081
607092969
606705537
606281294
165333989
606111177
605930107
605850822
605597043
605385040
605296756
604919927
604886927
4283195
604711645
604696514
604317313
34025368
603725654
740022216
602717332
602514967
601635756
601574712
601450958
600907726
600500715
600314037
600289471
600218118
599559499
33725518
599047173
632993337
598835765
598521569
598150952
597799428
215158182
597257179
597219561
596948599
596622859
596396098
529037978
26021763
595900294
595831968
595475079
595425891
595225057
595065476
594662671
778556584
760999149
594336423
593778305
157865176
593707113
593561344
592598199
146695981
592266962
760022392
307108495
592091393
591916496
591515534
591378159
591348541
590986520
590900010
590876918
590643014
590092885
589834479
589809536
589330681
589325392
589112668
589098819
589050187
588914880
587438166
587271965
239674624
586316670
586263558
585697007
585319274
585247644
644482284
814789472
584913297
584437682
584396242
584311499
583822025
583774149
539825977
583711091
583049411
582219209
582039793
581988116
581774281
581752945
63082636
581681829
179279183
581442906
122458125
394164450
579991381
352269305
579192212
92985655
578615058
202391010
578041756
577716285
577573662
577148453
614705366
576601128
576184976
307603049
576099453
576029134
575777596
575642428
575636949
100276386
575550449
575502035
574932912
574876214
574747171
574568526
574513782
574076102
573917927
573397253
573336993
573189390
572900434
538119140
572587314
572437898
571982839
12239919
894660995
571799945
571747401
571230658
570892142
568904001
627600379
568508947
405176963
568188139
567952689
567680263
831338176
458461908
567356690
566857575
566354358
566348913
566313992
981832295
565317836
565164513
565106274
565000535
564900167
564657224
564640971
564341898
564001179
563524286
563395439
563350928
563102368
562829863
562618256
562351384
342657555
562111359
562095245
562043840
561650078
561635937
561210722
560708072
931526661
560282516
560011896
451661745
559943546
559273708
559026462
243940553
558087592
558038113
557681281
999651255
557282814
556831715
556221614
556072733
555948348
210191194
555625479
555458887
81328682
767378683
323959639
975009652
406762452
553417715
553278642
553143156
41256503
552584484
552559217
552463539
434826635
551915741
551752986
551205551
551124788
550861610
550825571
550748936
550710304
550581276
550384075
16243322
549778487
549584756
853923543
548985379
105789033
548284353
548038920
547266469
547165616
547042404
547011818
547011209
853363454
545938804
545820653
545718705
545677246
544901811
544889422
544758914
544664452
148177772
430710709
543838158
754497112
402495111
542914740
542735823
542392047
542345787
542012727
541975582
541636640
541356312
229291287
540577452
539837890
583744805
240787170
539263773
623613367
538984879
538429300
489981665
572843613
537952538
537357776
537156671
342956547
536971680
536332835
652244964
536293462
535734713
535700623
535539529
535495927
535318866
535184357
534930194
534420858
534036776
534011446
533562181
533515422
532912543
532763714
532670775
466989145
532587757
532364898
532206915
532072573
531510233
531498880
531124694
530968471
530855685
530675001
530486607
176229071
530131602
425950906
707739190
478545215
529501695
529456503
529425651
529399096
529289364
918564597
596394543
528973236
528836453
459191218
528748389
528599400
191922762
528338076
528292732
132427087
527672250
527583364
260411401
527150061
527089896
526709093
526572355
526282553
526080047
525965788
525767588
525749058
525690696
525045156
524910353
524534610
524301653
524190666
109565389
524132332
523958333
523956293
523535447
523367832
523103721
522948043
522553258
522548543
522457648
522120830
962506211
522006188
521504356
521489641
521331984
521183862
521170756
520639631
520558807
520264762
519321553
518773104
518089277
518076468
517910032
517905423
359882577
517177004
517134618
517028034
516552609
516269618
477413808
516115733
516079360
515775595
515740888
515279170
514539708
514433135
251419061
513939920
513392710
322273656
513014018
512834744
512759603
512559741
512541476
512363874
88330294
511941450
344648625
510721816
510713225
510669178
510662227
510377708
510338938
510274728
510102871
509891304
509769018
509663776
509464209
509436742
509391184
509311096
509299334
128287
508928235
508902123
508752278
508356532
508305001
508108937
870881067
507436939
506785861
506611005
506396937
506083654
506039765
754850075
505474088
505181277
504913399
504394027
503603278
503368129
948458277
502653820
571910868
502562183
501890492
501400032
325061357
500522009
500272543
500205792
500159647
499901732
450574802
499775946
499591854
499478661
499435770
499111739
498849761
498803591
498518583
212168642
497835452
497637047
376175970
497025353
800472216
496516018
496509536
496497368
496347917
496254777
495544077
495200823
495175395
494150727
494120448
494065505
493941812
493941007
854320981
493657342
493617126
492835768
492644521
492627624
492611017
492460895
963774564
402455876
492032527
297806119
491616000
491520007
491411590
491350997
491302233
490407374
490234104
490036924
538154208
489726151
489599434
489131673
470109222
488951133
488553878
488543744
487665787
487574532
487494916
487439760
487406422
487388198
420135212
486224518
486115152
485888582
485598434
485217324
485056020
484980976
484781990
484766745
484736029
58826357
840336523
483984923
483955140
483668097
770849445
483353465
483016599
482426670
482157983
482144670
482026639
481933879
409870436
481132198
480364289
480255203
480111575
479692477
586615263
479581998
479000229
529532986
758904634
478494586
476961947
478038946
477986351
802138644
637572504
476949721
297284744
476119766
476021661
990749818
887668712
725357657
475509155
358446121
231458790
475076582
474955843
474750485
474745382
474675726
474280064
474228371
474003871
473636533
473307960
473252877
472790437
188762684
472737338
472606335
472594124
472251076
472148380
471819862
471009892
971302353
470699825
611809685
470560200
470278033
470128679
489018201
470054118
469953713
469941113
469717328
469646467
192407614
467462478
467053450
467037285
467001728
532617374
466787398
466786090
466781389
466586146
466291569
465765080
465710313
465698081
465323577
465195925
464992475
463806360
463795924
463411622
567429138
463037523
462913587
462756075
462419467
461008450
460745735
460717230
460554437
460361959
629458107
460326589
460220782
421785435
194208435
661077132
459671562
459656022
459386530
459248252
528817120
470693149
458984286
458834896
458796340
903013461
458668698
458464098
567419770
458280571
458147719
457701354
457005732
456936130
456931739
456886389
456732018
456332340
45782204
456097988
455879814
455428135
455252176
455069171
272823110
454499286
454449945
454305875
454237606
453978488
453905008
453867575
3016522
453744056
453724514
71195618
453216379
453183386
452029133
452010086
451944432
560002232
451585660
451241558
451070802
450946390
685600367
450583327
499776885
450405730
450389587
450307750
450114420
450061523
449391457
449361156
449200856
449179175
449060280
448997262
448959554
448724288
448674507
448170331
447958675
447930708
447831459
160284924
447601312
447316436
26520152
446517535
446282811
856277143
446150727
445964991
445736951
119350909
445639836
444664790
444232424
443989441
443668374
443590022
443390592
443272181
442695148
442062901
441919883
61367163
441283947
441230019
417614595
441143813
441012457
440971361
440959297
440849901
440582442
440490329
440411789
440397180
440178209
438360124
439248968
439088363
439010004
438982004
438936135
438826709
438709505
438703866
438527922
440106083
438067987
437612261
437531686
436938805
436909669
436569393
436518059
204863842
436290233
436032558
435841451
435664846
435561286
430248422
435158579
435126139
434844804
552083439
434740465
993728339
434457726
434356124
434271678
721125893
433702323
433687262
433517662
102066430
433099161
88702456
432305968
432103008
431992328
431302691
431221888
988660736
875848809
430439393
430426445
435448894
971688522
430083857
430076788
429994639
428664961
428589452
428431500
428410504
428385032
428208001
428204955
428193136
427243622
427233731
426170966
166918836
957742847
425825994
425636979
425531534
425496535
938928311
425406904
425138780
424945436
424935167
424889259
990622076
423999132
423926509
423668847
423560655
767173666
423316704
423050508
422925806
422708597
422478983
422245298
422133358
841258624
421731010
421710483
421146399
420832777
420596768
420536716
486363132
141265949
419762503
419340502
419215116
419090158
418454500
418001704
417902605
417799971
417792988
441222827
417568239
417449274
417223093
126893839
417152340
416845052
416309887
415942938
415738763
415730984
415568143
415440506
414981150
414815870
775644683
63165054
281413687
414259437
414072314
413835590
413636961
943169599
413441219
413088176
413055214
412677434
245701183
412641912
412520625
412332096
412331426
412301217
412241301
411907955
411545625
411373350
411183343
411166281
410947075
410192237
481456223
409770331
409699777
409695013
409427555
408767379
408663665
408574793
407855186
407406009
104140751
407298969
650367196
10833372
407061033
406775908
553451328
405935892
405213509
405197654
568414224
405172155
405104469
404792878
918238189
404241748
707397554
403692890
403294014
403062640
403019794
543109694
402493633
492304449
402311033
64692882
401762294
401724376
401281177
400631548
400288017
400134549
399792144
398786945
398622675
398427135
181737100
640582704
398175275
398103954
397619479
397163277
396979270
396882925
396727210
396126904
395941874
395872809
395577273
395376246
394581873
580612634
393795762
393743714
393671906
393632174
393515172
998492324
392685080
392588427
898949143
392371762
392327802
392316985
392030464
392001305
390854520
390818651
390674264
390301274
918244483
389791048
389628060
132930800
389107165
811835761
388967763
388943415
388896566
388312861
796187845
388077051
387776037
387607586
387570545
387238680
993065342
387023723
386913392
386866225
386789607
386739352
128834179
386241420
917586548
385851572
15465585
385489635
385413519
385356564
890281765
384657777
384252361
383845892
383637498
383633848
383437125
383312897
382846352
382558014
382547212
382541156
810134962
382250676
381664932
381369770
380716133
380598245
380253619
380241087
886136600
380024813
379925748
379712105
379430122
379280740
379107560
378776220
378680072
378484398
378310753
377928027
377911881
377779258
377461238
377431090
377408019
376856970
2522237
91947904
497420227
375965437
375921669
270966223
375702352
375689947
375570255
375289633
374919653
374728337
374530644
373954159
373617031
373441970
373399144
373260424
373077870
373009342
372594931
372550246
371841425
348405012
236284082
371391209
371301736
371225990
513035055
371069671
370950722
370764344
370742247
676408086
370455655
370143511
369967313
369909420
369394761
368762456
368729681
368727298
368640009
616030638
658046458
368443993
368008805
367989033
367965663
367891262
367635796
367440162
942686367
366966521
366950033
366823178
366601020
67429421
365782149
365699827
723697601
365326016
365321851
364755723
364723277
364675204
364589247
364449259
364439914
364331093
364270853
364084634
363882900
363135533
362960299
362814269
362512704
362468016
362343661
362250098
964436501
362043927
361918233
315645484
319222070
361493199
361269855
360813553
360626092
360624450
360328572
360032289
810784513
517588259
359685713
359680557
359292612
359285578
359268425
359137987
358783052
358684403
358553170
475435595
358114592
358013686
357433591
357020685
356899663
356687656
355930499
935241500
355563733
355517875
355121592
354997039
354966939
354938980
355580007
354637871
354392430
354225867
354090128
353809237
353390895
352410135
579305710
352144787
351385837
350736565
350529133
350451473
67908496
350147578
350089230
349945051
349739163
349599677
349412755
348896319
348887868
348850977
32901127
348425916
550171205
348119965
347669390
347378972
347217891
347087978
346560938
346308571
346054453
345910166
345786097
345756038
345287844
345209974
345146303
345075355
344859208
344761491
344739442
510775433
344157573
344068380
344022938
32934546
343748886
343667116
343558377
343425190
343068571
537075766
562225783
342063014
342035291
342022344
341853756
266271577
341781934
341417302
341376275
341302476
341205441
341129734
340589504
340122320
339438456
339381460
339250518
339143703
338741452
338693740
338420684
338403410
338078319
337374327
337373353
336916260
336886404
336853680
873153561
336388696
336184238
22944177
335504176
166706646
334549604
334408820
55456863
333493126
178761001
333306142
333251742
907921256
333126172
989375537
333043797
333033574
746215498
332610821
330987128
329929762
329880029
166548588
329657936
329602434
702873466
328516846
327721778
327695208
327680129
327460048
326577405
326111748
221038618
325608703
500906096
324984969
554138997
323954561
323949873
323791051
323774605
323760056
821413160
323327335
323009100
323005782
800674126
847399910
322739030
322468225
322324543
322274911
371202531
321726177
321684450
321638513
321473409
320652915
320646785
320208341
320135509
320107931
320074750
319252412
319225067
361536827
319176017
229037080
318325498
73109921
317816980
317451540
317388542
317380615
317374911
317373655
317217985
32752734
316230485
316161139
782789068
316026827
315970198
315798010
696683501
315592595
315569683
315521303
315463554
315450438
314885759
314838944
314825456
314438287
314344894
314010601
929242983
313722199
313021084
312279870
312213993
312169986
311900125
311288104
311281256
310897778
310732932
211284337
310203639
309725963
309604136
309545093
309369036
293453066
308986863
308800804
308732218
308687189
308296970
308151206
308058600
307916995
307826214
307636662
576158852
307125361
256613006
306835579
306578161
41865830
306500660
306103758
305844093
305605614
304893551
304743099
304601177
304391401
303861604
303494801
238484184
69757171
302380464
302377966
302023074
301891187
301880276
301574598
301467131
301237035
301228684
301176732
300714590
300582334
300330361
300113000
300101425
299814358
299736824
298849620
298665554
297851333
123989007
887316494
34425047
297219420
297040432
297021226
295906869
2165224
295761088
295627479
738777706
295013923
295000882
294947573
294932182
294713410
294649633
618796043
293606142
309114678
135141452
292923605
292892385
292426016
45303575
292150370
292147685
292133833
292020695
291889156
291877597
952779096
291375778
781054686
291285375
290930679
290915257
938576007
290448132
290037674
289433676
289361910
289252755
289163190
288574678
789321018
288406302
288385464
984365069
287562724
286914124
286913896
286582717
286485125
286423988
286365940
285569860
285502649
580852099
285369302
285231047
454595121
284909922
785526534
284529743
284435938
888236303
283918416
283689900
283654401
447634183
282968339
282791355
282488187
282429321
282426629
274317234
282190833
281947398
281910363
266974215
281515288
414390937
280827744
280722248
280332058
280252449
280108646
280055932
279418273
278974009
278911698
103385651
278739689
278434617
278415237
269983029
278177860
278176173
278145178
277820100
277483444
277152974
277102792
276689399
276371921
276310246
276144382
275982019
275833166
275825544
275788331
275630542
275102068
274949407
274595102
274548344
282252173
274303254
274253205
274248433
274155783
274131898
273757400
273657069
273264322
273240338
273103014
272891834
285056224
272807599
272649172
272638201
271706427
271537718
271463608
375842774
270922786
52138405
270788770
919070347
215472054
270476933
270308672
270145115
270118682
270080216
278349302
269739742
105742357
91359105
268937040
268850453
268837265
268282194
267957844
267942738
267857313
267718158
267688901
267610156
267354355
267298421
267053762
267045716
281634001
266972103
266927966
266580791
341805902
265834748
265631231
265559642
264706626
85378820
264531595
264337340
264309120
264297035
264286210
69533577
11147135
263607442
263240908
263197686
263104375
149380070
262896952
262543470
262511679
262429441
262298754
262287251
261811426
261711366
739451739
261207826
261116505
28563313
261053293
527423410
260228049
260062539
260003792
259901759
259413069
259303741
259202338
258246772
264002789
592155781
256474274
58412013
256417316
362057295
256092012
255728037
255722344
255250558
255189830
255083484
254726342
254316536
254166445
254068019
253724983
253243630
252764405
70251058
252519839
252374493
991672659
252185565
252036023
251958953
251465283
514056461
251406074
251240295
250885612
250684699
249815099
249745427
249459605
249414202
249077625
248822823
248815147
248544044
70699160
248009124
247793842
247779242
247644770
247244303
246983807
246755337
246699654
246348790
246260244
246140014
245979353
412648829
41249126
244506406
244394855
244330454
244312787
244278483
244215129
244201666
244054346
558882179
243809423
243122101
242489642
242415863
242279904
242148323
241888986
241302125
146324616
539603013
240718480
240607632
239825599
479611389
239268585
239066782
238830310
238561727
303333902
238017716
237603937
236721046
236368479
236358986
371414604
236238457
236180762
236108271
236001712
98213959
235246008
235036564
234792955
700435015
234604339
234480636
234412634
233595746
233212378
233058987
167315948
232443735
232076370
232066716
232006962
231967627
231709134
231695407
475421987
230935012
230184482
230124436
230083170
229929328
229561860
229439950
229298657
541052674
229051073
318818568
228296778
27075568
227900645
227694635
227563445
227495394
227120610
227037246
226813246
226702076
226666888
226652912
225952155
754650627
661461327
225397005
283165335
224796129
224785989
224741789
692622046
224393187
224046267
223963998
223700917
143893136
222703269
222527788
222444391
222400594
221656431
326111043
221006789
220878438
220839663
220686951
681127292
220300953
220238521
219813685
219726387
49961444
219271890
219226044
219154701
649648427
218568741
218479235
217275986
851898720
217087307
217061199
217016790
217005073
216950932
216704374
216567735
216164266
216131501
215703299
215523083
718967470
215458506
597714133
215044079
214676452
214539472
214503904
214405016
830085585
214071883
213887901
213670694
212542297
130337839
211450951
211443318
211388051
310239045
699801884
210917822
210904772
210825306
210701436
210346854
79587231
934689639
209634104
209611186
209557047
209550173
209522126
977506792
208855114
208824385
208816593
208697487
208570433
208425639
207603908
847869951
751214528
206687294
206210783
205879465
205201326
204929763
972507284
204842622
204422188
204241907
178386434
203941930
203730382
203614233
203490090
203444029
202905881
869834305
202838733
202692719
202612864
202457155
202413925
463372055
202221168
202176614
201644317
201547215
151511276
201508673
201176894
200827632
200773272
844362153
200648656
200633751
200115832
199979830
113526765
197504616
197332965
829725480
196929867
196867729
50047321
196693770
196583385
196142070
195991311
195594306
195321756
137151283
194949257
759308391
459964755
194152271
193868104
193803381
193753088
193160658
192799041
192694314
192617602
192563023
192447524
469064472
192323035
48011357
192045924
160629292
191605620
944844045
190883067
190776773
190457204
190249861
189643770
189287541
189249080
189159048
189023715
472759010
188443142
188404522
188089467
188018090
144512552
187457145
187412114
186369531
186155979
185626616
185446608
184888876
184806595
184530310
684724669
184512093
184468874
184298298
183793882
183604826
182832753
182685461
182356498
182278790
182202276
181926278
181852626
398367971
181594265
181401027
988437639
180717659
180706093
180458486
179719423
179366585
581525192
178889478
333481088
53832137
177857652
177822273
256108306
177318176
177243646
176789383
176585904
176443733
176393881
176372310
176314903
530309474
176218401
693108602
175900912
175767217
175732833
682564238
175511505
175295253
174981736
174709053
174695517
174379554
174374668
173764326
173748244
173110328
172997298
172441550
172241646
172016857
171425505
171204641
170814753
170454255
169638137
169523863
169235415
893271238
168771915
168770436
683549669
168491424
168438456
168271426
168227941
168106589
167982811
167720153
167532338
167469266
232706478
167046249
426041673
904040809
166628209
329736530
166144792
165960698
165872520
606273963
165107910
164924149
164735638
164551913
164160902
164133367
163716862
163415891
163401348
163319388
163189026
162483997
162432799
162270186
162197573
162128996
161422249
161388201
161359876
160976480
160800692
376278961
160318812
225239919
159986637
159477489
159279445
159060632
158992161
158780786
158529165
158470773
158430153
158339264
157940736
593748111
157856213
157839409
157773330
157766744
157713872
157262294
157097077
157096382
432490376
156950459
156785575
155951229
155842770
155518671
154574840
154338506
154208616
154019521
153881623
153788742
830634271
153554976
153241329
992258405
152965014
152334692
152309513
941201915
152281268
834533474
152197821
152124869
152005488
151848614
151617674
201524584
151371516
151036680
150981209
150803351
150792070
150485014
262905869
149319716
368636285
149140090
149062580
148727467
148506242
148384196
148383010
544645581
148149098
148041473
147941099
147483039
147370780
147001942
592534370
146559136
146525629
146416143
241162964
146310984
146216256
145929895
145865185
987911691
144933899
144576271
187460394
113456014
144405248
144338270
762618458
144299582
144214700
144161008
70440039
143918007
223258188
143807855
143779811
143776380
143693836
143560460
143554287
143416364
143216419
787824780
143091097
142938852
142682026
142640556
142634188
142557621
142545641
142485272
142398698
141591764
141581486
141515825
141498428
419813831
141203419
141118323
141057271
140762826
140197665
139933040
139265095
139169827
138987863
138898242
138781882
138777036
138522671
138384410
138336139
138164324
138070366
138050554
626342019
194951171
136959197
136953994
136907573
136894689
136874618
136836065
136587892
136476462
136272052
136081263
135460552
135366435
293260130
135089690
134802471
134778300
134767910
134513527
134371411
134271344
134205342
134167896
134119952
682499114
133821774
133756832
133296138
771634574
132956555
389536896
132899835
132789191
132696237
456249826
528226300
132271645
132191496
132061255
131885527
131678136
131502171
131461900
131428585
131277003
131122216
131049717
130897645
130870061
130435899
498113782
130292690
15415339
129645257
129568667
129511209
129183126
129000185
386294646
128778111
128744026
128562978
128443727
128247011
128232282
128216627
128151211
850995326
127447474
127276638
417178300
126778718
749389440
126704209
126350166
126212313
879594158
126083852
125924713
125647103
125357497
829818937
124947005
218715131
124650708
124420093
124388462
124090882
124042582
491747657
123900745
123587035
123448670
123174878
123071348
122987174
122938768
122829985
122804753
122729783
122711841
783951306
122203162
122157524
121887590
121503522
121419807
121274182
121158947
121091310
120812663
120096477
119880219
119434093
113391804
119109697
118955428
118828205
118755574
118740587
118584605
873944229
118185819
118063052
118009070
658577178
117415478
117366383
117315352
117270097
116991791
116985945
116787181
116495691
116467303
116299262
116258698
116238967
116218390
116066567
115810603
384663549
115599915
115511549
115433444
115406432
115049445
114992657
114844359
618550293
114516173
114480068
114461283
114391380
114039552
114033641
113886924
42077977
113820051
113724063
113643414
198750612
144431484
445730935
113339150
113135116
112954566
112774489
112147369
111962844
111941337
82542052
111418318
847024428
111303125
992432944
111126598
111013138
110956492
110898996
110519325
103995663
110088978
962897762
109906308
109882271
109779432
524152901
109451605
109410600
109386193
12415632
109135851
108985558
108956127
108943159
108853868
108769257
108631949
108555756
108311823
108023364
107899256
107850549
107629819
107605286
107541787
107521855
107463448
928579758
107423368
107398917
107373947
107326626
106641459
106289102
106248869
106206754
26101337
106043642
106005162
105935295
105930720
3943275
548812268
184513894
105693876
105475829
105333455
105168575
105145951
105085642
104711564
104447532
104262225
104148726
407332760
104127013
104125764
110424365
103869966
103832339
103634371
103627730
103415376
103394495
103386622
278803440
103260487
103249862
103154062
103091192
102683111
102538423
102400617
841755757
102040317
101927133
101850554
101610427
101569550
101538304
101485491
101420286
101238948
700157109
100842731
100622224
100520547
575621402
557558542
100191625
100047001
806783942
99876356
99466585
99365902
58437256
98937238
98933073
98588825
270634476
98490417
98311622
98249540
98233256
235559993
476694264
97917773
97386629
97185126
97160601
97102442
96799726
96608709
96369933
95807943
95754996
95731943
95691665
95629064
95548409
95409290
95177306
95034234
94973062
94945376
94939735
94684829
94655924
94615775
94237152
94213802
94122196
93647239
28339548
93556065
93462634
93155748
578885773
92904274
92831544
92818136
92766821
92766561
92609571
92418253
92229506
92147643
92009990
91992235
824341255
698787761
91220869
91041818
91015982
90939975
90360276
90189995
90068819
90065521
89926411
89695944
89659503
89629021
953174637
89393090
89332525
89324752
89090059
156972809
88691193
88463570
88362985
105824132
88322666
269108501
62310861
87719341
41503182
87417401
87399524
87383940
87280770
87153989
86810941
86023307
85985205
85793881
646892728
85784017
85712287
85664015
85577367
85570867
85514350
85466650
48910195
264622460
85350469
85335783
85245915
85239247
634824763
85059057
85057871
84911153
84888417
84849871
84608875
68534861
84410958
84389332
84115334
83925013
858690867
83215494
82757396
82690737
82688568
111440264
82209214
81858586
81679414
81616256
81454542
81392892
555267278
618564131
80769818
80737600
80605661
80488855
680779610
80347801
80317563
80313348
804484184
80133116
851970718
79881605
851771162
79263412
79157168
78889387
893175733
78821479
78734479
657929279
78573789
78037856
77929113
77869017
414543444
77565214
77554450
77017269
76119389
76052221
75931712
782516011
75796946
75632751
75198131
75158668
74575707
69636250
73807637
73712519
73126116
318164579
72910053
72889593
72639419
72601968
72206556
900957662
72005735
71970494
71932565
71728425
843288935
71691409
71472928
453328034
70964723
70736347
248095490
70552533
144138658
478351757
70375467
70322579
252716254
70021125
69999022
69951666
302911288
73813539
69607656
256898537
69379207
69028154
68940351
84493332
68433968
68429763
68091093
89585458
67859734
67763321
67573827
366435317
66981109
66445247
756417670
66224117
66176177
65942848
613431948
65187390
65104323
65083243
65037360
64874792
64860404
64842472
401927565
64612186
64392261
376543988
63519598
63514441
63322106
974223920
63085428
336524365
62888655
62650324
770461426
62303187
62087810
61946344
61698474
61524922
61510480
441781482
61160681
61142091
61021089
61018802
60874212
60804064
60801976
60795878
60795652
60770696
60613045
59948550
59906702
59689374
59642227
59490621
59463725
59408871
59304554
59220934
59180366
59034490
58949646
484633042
48707453
98977641
256443699
57896943
57770194
57634133
57623922
57332515
57293007
57275695
57069807
52315043
56932473
56837860
56828269
56721563
56499421
56433657
56362804
56279039
936069193
55564916
55554913
55492356
334108513
772947739
54505595
54429627
54345931
54168342
54032091
53877565
204032076
845293876
53447455
53370808
53009782
52931750
52872001
52805990
52704933
52569018
52554978
56985692
52253206
52181763
270827862
51883740
51410646
699206688
51178543
126705303
51036404
50847428
50739184
50598963
50574360
50474737
50248825
196859386
50036198
219518113
49828621
49782591
49507806
49330394
85412270
48800540
58522650
48677660
48296752
48222730
48216403
48139616
48075220
48042580
98490601
47982012
47978024
47959603
47935426
47912585
47825395
47745422
829962236
47456493
47453939
47449433
47379339
47371844
47368429
47298565
47168245
47109129
46960967
46841452
46740260
46443015
46410481
46311275
46005216
132648549
45775251
45770096
45636643
45454130
292371376
45248966
45075210
45035869
44874774
44734246
44448771
44211802
44049024
43994171
43573164
43515193
42749918
42734429
113886447
78848400
41795893
41755089
87482526
41406448
41385691
41327202
552633987
245193683
41233392
942377394
41190142
40674172
834596272
40449909
40286764
40200620
40012286
39558276
39364569
39329426
39096868
38944138
38677182
38387887
38337383
37813606
37735904
37671876
37337241
36650897
36555557
36417203
36121205
35955207
35897533
35751536
35669311
35490790
35399032
611081620
34871289
34656981
34560893
34460547
97976884
34409558
34330891
34254559
34087172
603819153
34004919
33964121
33727019
599283271
33399204
33330188
33232646
32969716
343783944
348701341
32833492
32810466
984517155
637203168
32475875
632154031
32339065
32112235
31740524
31739838
31604837
31559244
31320565
31241191
31009464
30833331
30289016
30101951
30079402
29906256
29685499
29581266
29495773
29486329
29464095
29460706
29363626
29357986
29356241
28747546
28694401
261072204
28517586
28509961
28481552
28441445
28361469
93593673
27958526
27843155
27758799
27413263
27398895
27320209
27249002
27141965
803369388
27107741
228158102
26798783
26789629
71727505
26583196
447153912
26434588
26354651
26354088
106201934
24171583
26004473
25925008
25893325
25886301
25715132
25649594
25546131
25353592
25341598
25254829
25224746
25204526
25021199
24813295
24753007
24640139
24573040
24568509
24500114
24432166
860348866
24214921
596077967
24119135
23522332
23404093
23182577
23082360
335567825
863221974
22846986
22341306
22330245
22286278
22266246
22014477
21942194
21599945
21178366
21052993
20844686
20719137
20517724
20371081
20268291
20137397
20109081
20046959
19676853
19591970
19356392
19229635
19216910
19113425
19082212
19030800
18816225
18759331
18090346
17823132
17563488
17489297
17456661
17268001
17001745
16732209
16724409
16590697
836311338
16557608
16465327
16246245
938873527
15823197
15714013
385513088
129724014
15319485
15251590
615666837
15029914
15009202
14939453
14433597
14408896
14339051
14283889
14150434
14147837
14137107
13995756
13782412
13677845
13609714
13487982
13257849
13212968
13132955
12957013
12900890
12659474
12654594
109160900
12339043
12267420
571943207
12060188
11914194
11767620
11739518
11543989
11471548
11418016
11280592
822578091
10841324
407070971
10719411
10574156
831120372
10371567
10366665
901629562
10217794
9775519
9732304
9504629
8456753
8330079
8183023
8105503
8095432
7933751
7841967
7829678
625406567
7596286
7284817
7241878
7146775
7086860
646785218
6626899
6626213
6208185
6045595
5818913
5756734
5558008
5154772
5074827
5054276
291701397
4939559
4908298
4907597
4861582
4438818
4421545
604829509
4041391
512161770
3279657
3175665
453808049
2901328
2900264
2885990
63871479
2507310
2432353
295812064
1786160
1443902
1171044
969082249
874730
869318599
600014
438579
314550
198314
175246
508997934
