5000
468554720
324857520
435531988
196337400
468981435
469367162
469374796
470418828
470916085
471012605
471199618
471859721
472811960
472815586
472928949
38687044
472949831
473202089
473389803
41043694
473844904
474233824
58676196
125566698
474246597
474399564
79268525
474497850
475034105
475340161
271492434
198370944
477136400
478043948
51305891
478059737
479850023
480610721
480713025
480868299
480977833
481115430
481410455
481808478
481894902
4682587
482037605
482148911
482283290
482860509
482887264
483039985
483601013
483691045
18373236
484053296
484294390
484659507
259576045
484744928
484869911
484939837
485782951
486151356
486917871
487531912
488086022
488882269
489036340
489316612
490566106
209680715
490695493
490918139
491184810
491198900
491457272
491938253
404052836
492353497
492384558
492524279
492753477
492961432
459801258
433306132
493136820
53200686
493368782
493797653
6670307
86101838
397310796
493853867
494094359
262393953
494336277
494392794
379196605
494649411
495026672
495316423
495628868
495744303
495770893
496056816
496375275
496589306
497604690
498638018
498764982
498776163
296550606
499133629
499281325
330315419
499543619
462812546
500461305
500634143
500787228
501031198
335998478
501031403
501269666
135074877
502266251
502620974
22737146
502810537
502919180
321907343
87199615
504222341
504330558
505056986
505205830
505631093
505802029
505854780
505966068
506154930
506191515
507115771
48231970
507521573
168667025
507875469
133322113
508644196
34297013
509394794
509682559
417998835
510416226
511033484
505145175
389981719
511482009
511545176
511590006
474880693
511891551
512119652
512555905
512794522
512937255
341314667
513217567
513360912
37136059
513668984
513697706
513960209
298951516
121857073
514766182
514985733
515161401
172973125
515556385
515823497
516047193
516050123
34335220
516298348
516461767
325864544
6262127
516609576
518518660
518536093
518864390
518878293
519840650
466061274
520406762
287306739
516588879
520539389
521042304
521232654
521348236
155246578
521457013
521761183
522123735
294314328
522342256
122205869
522423920
522582452
522839950
523321021
264975976
511814575
523447379
523539860
523549963
523633393
18784622
524164221
524607020
75265450
525098883
525577785
525668829
525745237
162806718
526397150
526467877
526973292
134032158
527174227
94926488
527412102
527495635
527897748
528515254
528747645
529478634
529523525
529880513
138399923
530017435
530248301
258911577
531059279
531138236
531942350
532773059
532921195
533155514
534336174
534389827
110639815
519912616
220826749
536379304
536916898
300040736
537104800
537316961
537711121
538108054
538309733
538398080
538466548
538509919
61787023
538868588
539498052
539524065
539714462
123762236
67309312
57298775
540124703
540781311
541438484
7228998
105279390
542392517
315901475
268267880
145277517
542438970
542552076
157439120
543217207
543535711
543634715
543691148
543719472
44586
545084594
545114489
545177104
545510593
303524835
545686012
546386222
546574739
131090468
547288373
547325245
547417112
54479592
547452157
547570460
548061966
548643519
203334521
548936019
549119720
549211030
459772952
551160248
18973457
551225508
551503923
438549878
366544811
551826353
552126812
552335537
552491576
209156112
552501529
552570744
553324508
554515275
554672014
297869858
458418453
554968031
554995467
555268891
542373243
46263031
555571254
100388027
555680028
555785370
458882776
555863554
556351442
276787911
468691750
556625128
557975995
215368143
558130923
275212960
188392312
558747048
475149694
559433776
559930702
560517196
560614269
560763448
561256723
561667847
28214230
562241055
562358431
562822670
563025075
374650696
563082689
563291126
563550177
563601682
563642671
84405080
563704791
564294612
564709825
564764617
564802859
565055003
565191649
449549385
565932730
566768481
566867224
567012594
96081984
567480214
567482559
567515156
568329107
568334583
568777081
568859591
568887764
568989057
569107888
569107921
569294708
569401037
569707493
570128091
570314254
56451213
570920964
571764101
571855655
571875334
572105490
298669081
572350666
45602632
572755905
573124520
463227150
573561412
573673809
202752673
468297154
573944133
573979190
574878138
359457585
575773242
414068253
576492231
26383711
491970244
576880873
577834250
577883259
578184075
208944317
578254324
578532681
578570053
521031871
56516553
578772849
579431245
580092162
251660793
580385837
580911052
581551513
581638481
582109475
582390802
583129788
583245154
122166907
583358676
583701995
584529258
584673822
4701006
584998921
12488412
585201379
585381835
585502534
367720715
91806084
586881430
333741818
587431987
588886676
275333556
320960729
543534004
354932091
589392403
589527449
589705228
589923802
590372833
590888605
590930487
590976355
591022121
591045797
393870615
592277757
592346157
436573317
147175104
592792858
593057808
484373603
593343252
593343615
593508518
594070061
213409457
594637394
594739972
47156426
595154051
595355806
595553175
255164272
595985286
480153034
210186336
596605821
572804991
596798864
63163375
597018712
310157482
597591105
597755691
249601365
597858626
385128654
333405480
598137266
598332617
598652334
480947444
599032629
599066463
599501311
600004074
600178418
600513112
600579828
600638561
600937076
600975647
93062688
228854527
601545208
602265217
512957847
596258646
301966927
602685918
602905793
602986684
603801590
603870471
604188186
604351353
604396651
604903677
241781768
605145469
605377868
252065852
379905644
319648728
606079147
606952100
607120232
607195835
607924132
607929348
608229531
94257421
609361671
609378967
610039821
610920916
611724642
611960730
186774060
612089829
612468316
612701960
612769550
43384062
612824832
610525993
612848628
115472047
464836322
613077864
291260800
43677894
613240684
613579301
613797275
615463421
346176636
615835825
615906269
601223772
616003210
616225981
280117898
616312653
552606874
616489992
498185277
616655903
34384991
150043086
616925623
617272989
617302581
617330240
150579047
124088417
617814527
618160241
618162198
618307273
618410321
618476094
618555923
618852986
619039850
619313940
619508604
85377936
619527033
619625641
519290630
619711748
557949136
619893097
619991169
562778499
620045764
620562561
609822430
151072737
575328289
70582062
620642705
62613576
620823348
620928537
620932907
620973682
621286015
621370338
23199150
144482887
621558899
564139012
107960560
621899779
621954332
623073014
623115608
623366564
624070189
488054129
624235746
624622711
624746414
624963382
188948514
625851021
626193951
626359300
131866572
626409142
626912350
627261394
526918670
627532539
628686449
628971887
220453240
629633205
630238180
630280072
630442823
630577134
6513081
630755647
631093947
631097337
346860872
631295789
631843090
631889588
342500529
624989979
257831802
633150398
633270127
633447110
224762427
634243984
137012676
634816709
635432595
635451662
635511511
635708744
635722330
129370683
635829449
636488476
636647191
637619267
638063857
638292340
638531663
94024672
638915925
638936062
638950863
639149902
641224861
641307421
641438386
641449445
641464017
642011323
642527460
642529657
642820300
643050054
643147607
643257319
643456635
643595094
168544045
643990405
13354490
644029030
644394918
540804923
644451560
644640559
644691584
644779564
158883849
645260439
645304349
645921496
286355825
405911357
646215840
283027511
53367558
646491947
646603548
646686975
646906126
646977360
647328050
366693022
647413055
647421552
647429042
233864893
647699077
647822708
648382912
648438616
648468704
458855269
49382606
461134093
648819124
648877903
192195205
649077131
649125062
649156499
649373890
509842166
649791837
21566405
650509576
650604366
462352099
650785885
651255135
331942979
652285576
421697421
652388712
652498972
652576130
653076282
653145225
653175813
653364128
476996264
653703361
653947043
513157810
654568839
654727804
655527997
639339514
655697115
656148855
656224621
656502838
78739982
656804478
549445552
657613396
658272289
658310283
658365595
658421300
658445888
200846150
658860030
109670630
528933416
659470239
49999402
659673982
659683203
659713714
4303771
659925932
660750429
661084311
661423281
661443252
661560044
661622521
661739536
662125449
152940285
662302239
662571099
662848678
20785734
663016392
663509972
73676939
663539024
92426174
663611336
145739821
664148877
665898728
666091482
297878362
666429882
667103332
667187742
667338224
30478981
667503598
452067451
667793735
668449261
657840685
455660253
448538352
669082456
669165216
669861013
670346953
670676757
670882246
671583834
672185068
238700042
672223114
251794312
672673283
673754233
673798107
673994260
674124069
28526539
130318657
331956292
675945767
676035173
170030280
462624887
676048988
676617024
677139166
618311377
363639819
677665863
99825829
677933186
55651751
678000030
678918293
184842788
147636955
679183530
679265091
302420097
679446756
679481968
331421638
679827370
358507512
346918716
680300298
667769455
681200706
681371210
572636387
681411267
26627372
299026808
681457671
682965601
103405623
602171861
682972757
683597293
68077601
581583420
683899637
549649952
369825095
684401213
379130187
684677333
684703930
684850510
685228606
686477587
686558170
686560444
686657922
686805961
687400609
687448667
687528637
687631728
237202214
532912281
688126493
688409281
689195351
689420548
389135799
689597740
454800930
689921855
111750605
689962327
691211910
691488892
691572461
691732786
446536961
691934487
692061546
692225802
63743302
692457316
692560728
692653057
692790074
359220120
693034748
693069220
31607783
556937028
255739609
693474632
693996682
694000661
694450231
516785372
694500286
694503393
56856075
586672723
103242626
695552894
266266819
696737902
696776546
697088645
697957957
698581559
86471376
698597062
34754466
698615032
419405413
437918854
81674419
699140472
337359929
699275005
699439617
33362227
130384669
700272969
255709632
700362893
700397109
700749044
360192214
701525827
701551480
701571578
701579723
702069313
703267807
703493981
703865406
583255407
662960297
603945574
704209490
704279796
704714251
21361104
134155694
704971567
279023547
704993855
72100037
705079680
705292686
705556594
705564564
530248392
705711463
705823051
705973032
705974867
706470706
706807391
132181474
707070052
55317485
230800897
707358876
75020685
707402617
707408029
114072640
707514918
185376607
63083811
450336972
290170847
275739156
708892720
709505514
709836694
710440217
710871966
310494415
710882225
710882388
712259578
712738851
626890838
712815533
712817481
712876914
382401884
713024755
645187813
713139927
713639518
313443977
392750946
714198862
714458093
714918409
714962666
715595079
716096072
272038730
66065124
12535093
199468601
716307571
716729467
711668512
717122547
717149405
344652943
647226495
717203898
329950236
717606961
717779871
555500258
577816487
717965469
718265489
17261309
612189928
718823001
719100296
12515610
719559241
307799386
394243099
720819327
721493943
515339935
13266729
721793000
722068161
539938308
722137649
541020373
273671152
722192997
722465571
723046814
723401434
723455010
368598931
524734372
724198485
203298610
724232213
326229905
725212331
725271291
725346922
725357587
725367989
725441761
725804552
725932670
726386442
254142071
27557443
726605263
727627736
727631791
210601955
727641963
727826244
728347680
728425484
728559163
728710082
728728772
574483635
728771761
728883242
55337628
427173654
441569453
729053809
710482873
156496728
381131380
312958636
729283651
729605802
608681106
729707579
729749327
730138135
73248109
557170022
730382472
486856753
659113661
412683807
250205398
730755883
568940708
732105634
732324678
732563185
392538592
392093220
732613499
732673316
732775643
733066954
458302265
733610743
733949694
733956711
211071926
386115512
734084730
734110399
192440113
734426109
734790220
196582715
18368253
735804781
736092620
54229566
317611907
736347799
736373371
736753208
736798130
644421902
308152708
498983089
737247968
739027928
382671236
740411833
5643785
740964026
741569172
741894650
742482948
743074434
743082194
743550546
744125951
517397122
601404240
744190124
633769525
150586963
163222419
745062285
745812904
253736860
745900536
746479854
747078253
739692045
748195631
38918662
707111878
748850371
748896927
749053799
749607461
272715071
749707781
750031304
39613142
750113875
750346428
750635931
750753588
535308274
751233551
751374287
207936219
751559164
751836689
752244950
366825702
752436121
229944926
752512812
330028498
752753284
752914233
195502859
753661426
754026482
754143077
754956706
383281846
755506198
755730162
756170205
756437468
756510985
756740425
757317584
757388728
131977895
340815522
757417751
757621001
758370872
758449380
758737859
759148916
185345325
759316388
759643393
759684445
759912920
759997615
616179973
199371487
760234122
760349764
760577054
760957771
761264180
761566311
761597934
762079799
398182783
762782073
764137896
764461046
764671513
41690333
724610563
764871642
765063779
765107394
765346682
765484292
765880043
613752199
721527575
303814926
185914094
76046178
767563124
769293495
769582499
769582592
770095250
770644715
316477600
771558048
771751740
213119033
182539932
772196057
772785219
772813191
772988813
773127003
773158693
773432080
326807571
773770963
554869746
773926667
774705159
775024695
775046144
775530122
653970767
775588324
775644324
19144014
775657698
137505896
776153184
56521751
777148731
738884967
639277766
777574901
777688660
194966002
12312987
777873902
778171441
778217956
778276946
739977524
522443678
778937570
779530566
300547685
218183861
779926554
594863257
35834308
779986662
780078278
550920589
780235922
142408441
780378994
780447155
780542648
780777299
780996372
220787853
781420725
312440975
781455783
781703748
781892593
781918257
782130558
782296663
782574206
783039533
525610331
783446805
103930879
128718393
783508263
783516558
1272190
163736362
783595347
783874114
784039536
762172290
784052060
784255619
497601676
784396984
631894730
785007608
785123119
785262329
785563858
785591773
225582650
785677290
785876753
786247967
541535157
539391294
786498622
90898875
786615789
737574473
786852112
786862882
787065779
173908770
787239321
399767070
197190124
788107767
530053492
789083295
789145217
790283401
790285442
649713451
72606562
790318765
240186582
357128308
790737653
790995365
791164449
791175376
792005851
792041891
575811424
792181963
792327556
792692751
792951996
792980472
409189556
793155891
335639241
793549526
137369833
238550749
793723288
793824379
794043781
184747171
794254861
794418694
794592867
794987270
795011085
322381147
795714796
796443836
633407926
796831043
65886293
504226750
219211453
797058943
373232223
260779629
797294647
797505461
619742753
797674513
791545598
798068660
798667316
53078787
798833232
798858779
799572007
799575401
602272519
800025869
15271088
37433199
85607472
800110759
800485201
800877487
801274348
801459088
801462417
700225303
801560064
254598608
801845989
802244434
802937872
802996989
803332443
734307615
803487720
552427954
803505155
803633760
593447564
804980893
805026599
805608584
436477111
805966406
806618463
602497773
495368895
807129759
807358746
240473142
349286730
534817880
351856887
117039576
807967711
9160045
807997743
808315711
808347967
808675248
808738378
236435295
809249202
46893591
809628998
72674222
624562588
810156518
810287261
811398766
238959098
787515223
574737351
133709690
811522334
811841123
437099583
812054913
812312725
813292880
369483118
814371631
814383359
814467654
775777878
274413778
508642056
814521420
496781651
815256559
815399462
815587931
816308470
816669740
817051440
817133140
818579275
819084606
674098553
713849856
819348192
819536202
819619566
652185266
217805235
237062029
820265545
820413885
820437030
785439185
820550118
820719909
820993940
820999307
821410844
821531903
821925298
822038387
822354267
822410554
823281962
823359890
495262729
823474187
823564282
823571949
467400319
509951435
823966027
52989886
764928916
824012276
103410306
824411517
519433376
31774790
825334319
526891376
107402737
627732168
825897044
825961785
826474848
22865487
434870978
826750294
826769526
826790098
826814989
827184531
827218378
827677203
827762811
827803941
828351019
828401729
480791263
828911333
829114552
829377483
1328646
829404009
517369664
830014797
798783228
830301062
830551458
142831807
434771479
300624038
291815268
60769035
783574092
213694204
126044463
831489342
831634974
172113989
831831929
283748487
831965379
186025520
4832318
832605511
832686744
833442200
833481059
834001609
834061803
834130942
281752060
834267867
834670727
835302284
431893591
835456560
835541353
835629040
835646843
836374742
836883313
837155302
449265043
838061027
838347204
838446613
839874746
840051692
410346382
840694805
840901143
682645339
504079900
841782879
841896718
842159095
842244918
842308007
842445155
843127334
843215883
66145967
843402128
843492596
684570659
843983037
844299432
350966687
844775815
845120703
56353778
845436566
355274523
845860027
846028127
846180645
846302426
153257662
846876503
847173770
847375606
847530311
753393893
847687407
847795361
847809921
771182658
848531836
848821642
848907167
849136825
850008784
656579683
850268151
850417547
850914073
851252099
203882811
105853468
801628780
152763185
18420335
851411457
851497666
556551187
851643893
852422854
852440665
142431222
853616060
180280079
854093882
854733040
123718336
855152267
855367177
91215761
507302810
855424973
738450599
855525021
10724591
379269633
855867442
855978083
855998919
856726493
339513967
856858414
856885195
857084994
857740488
859083568
859165963
859400448
859724864
859860283
861094046
63985632
861209656
861317021
862412437
862627648
765227987
828491753
862757610
862770465
863676434
612806570
864213498
866223588
776279298
761369589
8932078
807921913
868005511
868013989
833980086
724068349
186229022
868281947
56944997
613317699
868298652
868554814
868782528
868998873
455250948
869655558
870064827
640294361
871216118
213423489
751131292
872283399
872311784
872400967
872748996
873251340
59064962
873344149
873412769
429283757
873435788
873702201
874009074
693186427
874107211
191740210
874767021
874927926
606801296
875280535
875308837
875903803
875928859
623370069
876016960
876492500
551215281
876585657
876757452
877081191
648479983
877127740
716139783
878345551
879157208
879272215
879326687
250359052
879442484
879936713
26174879
793327717
880328373
880387450
880435074
880778757
881223741
798565766
7599176
881418943
881851657
882119746
882226469
882240352
882364504
419748236
882697584
713941456
883161536
883199443
831239631
852589705
883514132
106203646
397811419
883543462
743658989
883617249
520466253
884285204
884635245
884768391
885063461
65137345
885303837
885348622
124635989
575436073
886069103
886410458
540283933
820458094
258847104
397823343
76681161
886490795
886670611
886681744
886941818
331356432
887138569
887667407
887673243
113380002
118050007
888069175
864429923
888476528
888669984
718504890
346021719
889886760
890196603
890309640
891092994
891694307
892059526
517083971
892150748
160042493
92091082
893493192
893702509
894258127
314944713
800059015
36771306
894526446
894748034
895180517
572253954
730661183
895209701
130640938
895433724
895502823
896200451
896253478
896295363
896485105
897184765
406474163
61976041
98966562
875509789
897282206
897294944
687986049
882906278
897387015
68192064
897662621
898344375
898644338
898723257
545639985
23629370
450137793
360492657
899210076
899288825
899431396
899463484
900053120
900454723
901347379
797959218
651810225
901729341
28801206
902035684
902085630
902295295
902423370
902642566
903019266
903288188
349000258
903637151
757752766
903841250
903938149
904106359
904441170
194486271
905500688
897002956
345581751
134625849
905516388
305135482
433287355
906174540
286486141
740668093
906348140
906742748
906806464
907308710
106249220
907377317
907467190
858469734
907674706
908086211
908156129
908199091
426170670
908544413
889816258
908595559
908630017
908886270
908929349
49226890
771513498
108202583
909042656
909620519
910186213
910701054
58732251
910894488
911496735
586746642
912044189
493023813
695163133
912332997
912455124
562437927
775001734
574723048
912564566
912637740
913042040
913188691
285042365
913409721
913678889
913733824
913922327
914242922
547013671
20127025
915192998
915464405
30982201
916476664
916499017
916672876
916901806
911644192
751506310
917320164
917618930
268970585
917796170
369151442
82154929
918008086
918009048
34326648
918404632
919331052
19280502
919712080
919729592
920501915
920606034
921221850
921350007
18481436
921520105
922000582
922184455
906220831
204830539
922682594
153372011
922909636
105200249
143789474
923872855
925009416
925182578
63642013
925417259
745875685
616816955
926081639
926193890
926784249
927319750
251525641
810091459
928007797
928150166
928582131
929022802
597884414
929051804
929332770
929359783
929850388
930330253
930392331
930448959
931100122
931316775
932116190
300882995
932562049
933587425
933740559
933969835
934039937
934283335
809329414
44188901
934359853
934854322
934932873
935087441
935157228
322371748
935782492
493093869
936985662
529843561
936996908
937029901
937360313
148498378
186183260
937713701
937799622
937895869
290620788
938644113
939115426
145227988
939239376
939443624
939449584
939667938
753761971
940239396
940255428
940382052
875201282
932257953
940893202
940977772
96702031
941424697
796981337
317677358
941919668
942420906
943187163
943422000
564093640
943774558
943869649
944041310
944112693
944146220
944395011
811489423
944677186
944754134
944782776
945099764
945158628
945394329
853473009
945417870
945971395
946003048
485190103
946296092
946299253
330497789
270571532
947118612
642039888
947198104
947471174
947490492
11524563
38494845
948766365
948901441
949250359
949365127
81122674
736970631
949395368
949800161
950379311
518843603
678469610
950818014
533639103
950938172
951376752
489443397
951583611
667063284
952108537
952116447
111918825
652423813
952452894
36992142
952918401
92117851
953263895
953289258
288749371
261526309
953694514
193554942
954240683
923673498
352537639
954494727
954524046
954560837
955133658
955280272
765966139
908472831
955543392
955741705
955751200
955802751
83195550
956107551
956118148
956350172
956669447
720996158
956873724
957054641
120844467
957059189
957404547
320022946
957466247
661648711
957690254
139712467
958044250
509487880
958068475
733606832
61504859
459307646
580342412
156843415
161352446
958423245
468398257
18221473
958651175
946532683
48800899
576208051
958689807
958716880
958844416
349447175
291436109
958849316
958988938
75271561
959441298
960134299
262992814
921213176
111204149
58393293
960319958
338007958
960497657
960822059
961187953
721105659
20531297
961926016
962282627
962328445
390776793
962803052
962889148
963037688
963102436
963230070
884860160
963432674
227041646
963798755
964218030
179988590
964538331
964894420
964906526
965069718
965375827
31015972
593241289
965769054
514604086
965801203
203136809
359498096
393601627
965995672
966083306
966110727
624395672
966646785
966660874
967126481
78128486
967230189
227352111
125039562
968004721
968359497
968637596
968699526
837758446
385470727
969510965
969893573
81897826
970011768
970135382
231376075
970602889
429679483
152988170
348243140
970861624
971475806
47959005
971613021
114941523
972138683
972416738
42776217
475264225
164316357
54866107
173371497
972994909
406881267
973006624
973087296
504063067
973135208
364657536
973442045
595980101
973711804
963197948
973720001
974052612
903214568
44990925
974438521
364611578
974930616
974993119
425225245
214176792
301397145
975437562
162472760
975644051
958192422
975938039
976072997
976212090
280395882
976652826
976826883
976978811
542759896
97360263
977634231
978165129
978950331
979142142
979885343
813321013
373293414
980287757
980623323
957330506
38692317
847563057
981577231
981753871
982130977
289642669
982228738
982726506
497257010
982908219
983329224
983583381
983627833
949384653
583872700
983804706
135253457
984104229
246011083
984920107
345475268
354120633
985122789
63633512
767343696
985793908
986204990
986272755
986320051
512799066
986368469
686238120
986476433
815384797
20380435
93027026
986849033
987035157
987092795
987677834
987727406
187351153
988063138
988293373
988428543
988748795
989339950
609936391
990179794
615515292
990312953
257879567
819113542
990403208
990678377
991408831
991558706
441987948
291818785
991892075
424483204
597935425
778980537
992222289
992342793
204261059
992650878
993083841
993086696
993533798
993568016
918515091
993794050
72515970
993921932
993926321
464756544
993987455
994112686
994604928
994675498
995747441
407657114
995798964
83380500
996026793
634361261
691891384
562878358
875604501
996198589
996207504
996276383
996423326
996972588
71349758
997162188
997390757
264013274
892238599
997417201
998012525
998245691
998359772
107478375
719680960
95028299
313671741
998604377
574407094
59530030
454356797
998879116
999159023
40777
172329717
549001092
811818036
486408
754388
794474
943501
1126293
361904560
1191742
1308340
197069080
1310085
1349248
677659135
1446037
1526867
1553770
33696862
1759192
144838751
1937800
2001992
461282336
2223881
2297303
2338139
174996426
2568061
28301478
37551333
2586280
91335994
2790767
10961940
2793711
461958848
807546751
566829920
2801834
3043731
241263754
3206245
64407557
3539005
574479930
3632287
430327863
257968440
3975246
4142657
4294188
4428102
4673055
685859186
668783052
11705851
4856137
5091357
5110003
596533663
5112937
956289497
5262846
5294224
790546780
5328712
465859672
5348847
969152447
28593242
5627337
154372074
689460987
970712955
315896550
901378063
130417692
6740620
6839573
7320438
141012421
789612691
21435238
7427343
7465660
7497009
7549788
7609370
7708163
8045332
242690154
8438774
203144902
93767966
8520713
8836566
9516904
9550080
107591672
506669938
9650362
997193795
9671130
9672368
9797059
9937706
109763601
10033697
10470187
465816462
745061139
10485974
10550069
10661690
10710427
135710884
10861305
10909423
484726298
169053481
994998145
876110916
196658026
222227182
11052500
11160946
810635132
172768623
11673503
11704478
469402447
190447804
357656999
984981318
11765340
105927098
16867967
228872725
959581277
11776334
718763523
894512094
11949918
12223802
12249585
12287126
455963376
60714858
929118457
12587074
12734481
12818830
681313500
12875378
13187226
174644506
13629950
102635622
864754157
376408456
13766212
13837820
14097688
14141310
14623489
880302523
409363366
14626198
14959487
15039747
545488454
909039675
15055901
401286806
16034398
16206462
16071687
807499111
16089090
16091094
16132348
16792487
249820946
16840124
16858091
16863193
16866590
17379537
17500912
17983113
164204506
18005256
249318501
819801836
730548436
18032175
345631546
18306902
760021713
18465673
18500363
196620678
18876358
376432880
246596340
892652542
413653008
465423979
682493196
698934032
218239692
764521584
19450611
19695499
19773361
19944048
125671132
19983306
992143183
20128266
20163049
20211293
306361976
20563577
20873863
505180078
21068228
21311717
21380618
770057915
424591530
373055082
449679972
21794867
96204963
21974157
21982467
703650983
517617449
208652791
430510033
22001908
22401164
22889903
23500085
904271675
481775442
700344770
24399067
24423380
24552146
24625280
24828401
25240271
25511895
25669913
26058922
26108177
26182350
443885661
280035283
26320925
26394512
26498301
901257928
26612595
26640352
26661188
283786327
112507689
920580774
26705307
547148608
341523453
387689301
26874766
27069165
967221215
27682630
27885886
36219601
27952928
28145159
28265567
28374491
28456402
533195179
28488390
443105293
651203004
345098326
28600526
28693160
54187620
425636129
183510755
28985312
29044192
29448127
29648430
29695136
29963296
30247794
30368883
30437749
30529913
30622821
688838618
30642016
30796390
963745867
822909893
972504408
183567820
31002585
31162181
31232770
31300978
31407569
593885949
31604480
726468492
31711382
31846766
32283151
32302963
32464576
32972121
33049253
33467670
660074033
33763903
33765630
34217699
452282378
429446669
942735954
296261514
112516217
34415731
34663301
34746952
35348242
354806212
35596141
35659317
36031114
36271467
36554982
36688423
476002627
37075829
747295400
841171330
37152664
37515718
989740027
37570987
564130977
490210774
37671626
37962475
137543465
38014047
63883537
38325327
38434423
798084682
38534602
194168680
433417738
769470394
38880000
39030647
827982001
654475703
39323062
39397421
39526163
47056908
39944050
158964888
40168753
40426363
40694163
41259457
41532972
41659147
42369510
42553774
404812820
195192161
873517745
42612004
42694678
393729763
42950459
43339060
951506672
930634823
43603855
44031181
44108590
44148427
44668954
44842507
44883283
697823010
44899554
45357453
45526307
45560179
56915626
292157096
286679078
46250034
46393309
46424632
46668345
46780450
46879971
441135706
47270691
47325934
47389563
47529706
47661270
47719454
47731369
47822317
48183171
48269783
129012654
374885669
48325027
48392724
48440177
48688850
314372074
49225441
77794948
49709392
629495437
49971686
49984111
49992550
638846025
735211456
50046951
50213589
135734057
947060024
50240453
559180767
50395073
809368657
50505700
50623045
50796566
50807896
51207569
212856919
616547661
51353268
51471075
51733974
646925096
58618156
51887999
52478005
52983624
53004278
53006638
995427696
947682770
947794711
686267399
53378665
53497517
53505789
855822301
53521378
53844653
54085181
54100962
54111719
54182123
866475255
695075027
804818678
54546984
54586332
54598191
54816479
54938593
173763518
890455130
822188826
55039539
292858186
102426227
55766605
56187981
56232513
56242650
61913254
56518246
56991679
57229179
58001640
58550190
58720548
58891952
58898150
484548331
59180422
344283725
75494064
59269522
60326188
61378617
869409813
61599325
61661838
402641497
61712501
61853291
844075813
62191709
62955104
62997797
588777728
63488296
63590268
203301432
63778293
63786986
64011818
64113732
64238211
588313186
64268276
377030337
64389715
64581786
382963159
64591869
64920476
573037022
809446690
64943596
64971253
65076366
65220407
65611269
294350389
577746102
65630729
131762046
65742688
754385250
749749647
462890478
325209508
533827727
361063598
739309152
66200336
66682629
874947134
67294623
681340591
67512624
67748562
67981645
970347856
68122093
269234047
68348111
68614619
68839632
68896713
69219527
69387814
287084550
69425938
69490527
155642227
69783496
70064395
70092086
70499617
70812127
295876232
71236215
72131123
128188550
72361661
781831256
288209391
642938105
72671787
73004852
537186797
357692499
73800721
74069617
74159786
966164978
74436092
245339293
74816559
75229670
75367813
76025898
76042722
76136588
76173153
607678786
76881373
76941549
77745957
336725467
78610100
78989064
78993468
97427579
234435563
79046941
79208605
135463637
79484699
337274484
79579531
335749190
79748848
79750518
168902921
130994723
464826928
80151821
80192874
731518923
80226169
80247264
730314389
80555809
80699782
80837000
80852373
81124053
81247805
81266860
650834423
81341447
81360182
81379712
81555638
398146431
81685644
81801211
582623830
662418218
82102041
382586244
82142064
120798412
82196751
82452439
82721550
83028186
83098430
212522687
83382329
986848960
83811411
218305048
84022434
84094982
433637182
84452744
84764012
84847780
84895404
84924861
625375776
295587232
84964634
85092877
85532794
572479269
85646430
85961399
86254519
626421824
86269506
86466980
86812310
87068847
87163699
87627057
959222497
87645592
87898398
88370622
204452491
88456726
89573068
89636929
90037306
951812580
90073273
90094258
90100579
90411427
90417735
90436213
90473803
90850841
286718550
90915470
91025721
91179926
893079083
315742551
559122413
949447595
91435290
91474643
523976913
91483793
91561669
123132687
91945388
108445023
534679541
350489923
92140924
92193110
667855345
926888809
92580696
92863085
504766652
558761135
282668609
598213782
93070156
93219964
93244987
93250728
94041120
585023718
94108582
94159321
652054227
510239460
422216797
94463922
94605822
99887633
95063929
855090114
95298020
95546496
96029466
96080677
168092401
293280124
96180436
96478883
846627664
96511934
96520786
97123534
984244290
99970016
97778397
483549192
98041520
98192527
98354699
98711398
98723795
98902990
451807216
98939392
282686942
975224665
704148577
99181369
99487232
99669765
99692591
658110194
989304333
100238262
100286365
100334633
760744738
100386402
521085018
100578466
100907229
603954429
100927690
100981271
752610286
101247764
101410527
205335618
101496666
101642148
101911888
101998299
353712364
102522342
102746243
102763427
102967477
103147807
719048141
103158247
103615208
429178277
103653465
641367845
104097110
104580750
105160493
105221233
657904512
105423633
105554603
806901147
105810187
106137123
106170022
107228708
107263405
507589195
594751518
107348962
175979914
366475019
637836055
108094969
107615622
107916433
640775056
948201916
108809449
108812757
108821035
108873076
109483018
615352741
428438245
109540122
109621365
109656986
832324972
109917228
110175428
110588721
631716047
110798762
111001855
333450694
111341131
111382220
111599657
655172292
111800052
111865258
112047462
112376702
848806232
112522076
515808826
112548010
113218903
358896951
113381413
113569795
113747891
522398400
114117560
114281473
114427674
114903150
346434483
115189427
115279113
115595128
115674258
115674940
115837031
115954238
116224552
675826960
117401691
117532891
473414154
714725797
142682418
118674353
118708753
119484240
119575082
119657194
489193143
119831634
119873660
120101167
120693293
804083111
128602843
120707869
620489860
120989304
121047815
121075181
985637201
121137651
121186062
121396386
121411718
121561760
587277820
121671583
434396947
121746781
122018620
122040071
362866200
122043635
202168006
587475094
122294504
122744328
279759887
123000643
947717907
123242313
123255613
270960397
620026375
124320448
124622078
709782295
794410190
124667374
125264962
125423723
125505967
297293492
126223036
126310986
126452381
598537695
126594541
127135746
126668046
126917578
676061142
127184230
127311385
127362040
127384921
127936945
655683619
128073475
841862718
128106380
128110696
128145858
155349840
128146227
675727426
128321447
128390881
128591689
452966570
128671239
128818996
129389045
129419083
129528495
129628310
129634668
129702071
130018133
269504958
130715808
130856159
297702950
131839821
958379829
591594135
132104534
132419635
881646551
479193338
862943210
132431370
132872036
133013025
133049312
133229035
133338583
133531554
133574554
133641930
710511698
921935198
133734908
133752041
133833737
133986453
134110884
805668351
571627350
338566452
134490538
134639232
134822179
139060827
135425424
135706494
225497714
260806809
620607064
195034247
136136741
136416223
366237739
136556519
136749251
137182031
137225903
862438400
137248778
142426358
137809978
355123918
138017128
787237165
138047303
683825319
138330998
250114100
138423263
138604863
138738328
138876362
880001043
139211875
693506082
795060900
139248012
139288788
139294298
139493285
139549022
139714571
139772189
139842953
140296662
140301516
140369960
141244635
141398593
141408262
141590855
141842825
142204553
975193762
142468154
224154028
142498344
142572919
272788830
142590239
690575613
142867154
143075062
635983309
232807860
482139180
634576726
201755481
143296661
327880702
143352669
143504825
143522624
143747323
457954701
143758000
143869045
144043040
144066414
346496015
336666442
144155142
144158603
144467905
960212421
144531552
144899062
145254507
928816346
145502058
145520980
145838079
146014156
146061319
915142490
146438779
146545098
146987869
747245368
967144993
147013414
147167213
147376906
707767424
994759071
700330372
147650913
147674275
147823732
381459492
518313397
148126005
148215871
445802675
148671052
149008191
768815714
149880407
149939398
150239847
150352036
150578916
476375582
150609621
150708539
150783494
293972256
596330247
150791151
151486044
315470683
152204816
152222532
752203750
152695781
152838505
153025141
338354962
153088664
387705190
258200461
153639500
153666657
318691334
153927932
154201663
154458751
154735264
154746439
154772984
154785594
260753244
154894659
231371963
155274090
155404082
155639356
156081399
463945924
172659270
443194758
156627492
334208979
156980557
157731230
157942036
819215050
158336484
888317343
158558031
158900977
876054892
473149000
159711616
159874113
159976784
608733101
160348440
473753544
348886457
160740665
160747807
160825562
982751006
161313997
161918533
162070221
162805276
365699409
312993617
163119304
348737105
163309218
163446832
163731866
921086824
918071418
165612389
166240974
166813402
167205687
167381128
681404596
167541404
167588430
167590633
871680717
908097266
167917481
889539927
168587694
168863298
168901216
168951621
169124411
169451328
169550486
923780485
170145035
170676318
412609810
768701009
211880073
170832355
171158600
171305264
171917080
171930484
790666201
172009515
172139475
441938836
172368308
172642575
819246006
173079667
173247360
173290760
678996592
521750670
173682612
353792559
173773665
173812243
174086500
174344738
918481154
174864142
175259018
176453860
176598081
176736659
176809112
176957179
177626828
272286041
177769951
179481738
359399567
757398849
995917263
179530663
179627217
364730905
213756258
179794707
179962155
969913755
179970363
180601150
499512700
450062621
181417738
181450905
182092432
909703860
182431478
182981319
183419766
183577678
183652730
893939713
658446916
184582634
185294663
185419844
185462091
779855634
185600171
657645760
186150763
604089954
186178646
487904927
789227140
186547683
186987622
990874657
188327939
188351236
188453626
188643475
631604825
189192161
189225894
189579707
189664986
189726817
190072105
295075817
952468071
190433514
955016289
413224607
190682556
191630683
191750581
191758069
409412259
191782013
191865641
191976567
192017767
675338924
558800309
192384006
192589831
192734621
192891307
193138811
194455006
194611126
195191857
195453343
253224906
196222195
402585496
196392805
302482683
197459250
197755024
198787567
248736111
199004419
553174061
199150335
199414117
199550701
586316882
200101346
201138304
201269304
632171582
201740011
944452452
882959805
202448750
202810749
203177989
693497841
203422510
203459109
692417142
204037779
204558087
328607715
205411811
205493474
674129904
205988990
206122838
207337167
207619244
208160714
208681693
875552779
209074920
209135077
677129200
659758652
209202263
209649527
260081805
209921631
886353656
960674705
210336320
210436177
210776426
211726609
534297703
749979987
211974333
744869404
212217571
881333345
213075903
213269045
865959592
940828750
802709461
366408603
213436364
213557895
213558610
823665201
811324261
214218031
214262705
214496062
872466381
215050457
216778182
903688789
217388116
217550267
217576907
680667802
217787739
993938051
217812634
217919293
638527470
217998659
218192095
713895182
961688872
872060362
916187378
218435118
218520349
218637795
219092525
219685396
219983007
780217762
220236866
220338785
246660229
220342836
897302765
220582806
220762135
957430756
335785958
221034109
221402787
221874202
222270881
222344608
222659061
223224000
957658373
244899479
224806561
225270930
358566428
225440588
391576151
225787804
344521579
225835725
225864224
226895323
228027129
876360620
228044994
229051461
229159765
229502655
878268126
229561645
229738643
229784974
839580987
229803759
260520174
230047188
482194737
230464355
231410262
677927021
231552291
231936491
416697572
232726608
920241423
233159558
233538162
233699428
560082163
586676209
660501618
234104094
234421498
234510974
576869612
234628109
975794530
234801808
235202660
235725610
236750259
236792452
237361081
237501743
237702378
237726213
699794055
748012368
240513190
291922012
240585057
699618879
240893866
241816351
242146440
242396942
753962737
729223267
243159804
539771536
243565652
243622361
243777738
243891368
243898366
243996580
244033633
244119320
244273765
244367287
683713027
244476028
244648593
244991004
245358333
245468993
245918050
246242117
246514584
284408462
247360088
247612963
247787117
247915478
248319796
340783702
398994515
249181152
249698306
307019514
250088062
250261133
250423798
250452823
250711409
250829128
251213909
251419280
680236042
251784605
252001719
252418284
252521665
598853029
252610568
253302879
253972530
254174613
254663092
880607075
255160890
255946985
370616772
256139410
256198398
256433079
256585328
256749901
256866307
257579395
967768683
257634601
535659205
257899876
257932711
953239983
258474455
259151931
644201308
259326144
386248291
266475647
259801201
260043616
738077951
260270514
260752631
261054279
261390778
261807184
262840949
263069917
263541861
263642906
263659302
264060280
773060993
264401729
823556473
264638632
265284209
265319662
901825492
265339164
265456434
266039828
266245962
899177644
266865809
268280686
268524122
268546808
268916891
268998739
994342625
886471848
269270985
269467810
269906932
269922014
269954266
269999777
270043505
270123273
271699228
271706759
271791125
271863935
599770234
272002744
991948621
684305829
272585577
272586189
806465542
272723793
742665897
273910670
273975221
274030534
274592671
274867478
275151994
487351145
275274869
643781404
633048854
340420728
538401488
275387651
275420060
275446642
700904478
275586650
693673108
275786366
275927831
276060888
277013507
843771756
277115201
278203963
278415134
278661066
278743497
807067219
278824182
278840561
814805873
301702362
309740535
279791543
706955714
280804973
281020516
281704127
281832118
281879914
282162212
282244572
282334456
282545539
905750794
282589419
282603925
575084457
282716280
282744544
282926350
282961204
489356556
283239389
861536000
711936115
283247443
283580921
560471573
743793946
284132661
284155869
284592262
284804344
285486794
286022601
313459547
286383515
687621805
287122760
598680404
699709965
608723279
287534877
665554331
926030493
289700612
289825191
290217691
290461306
290585624
290614622
290994327
595734144
519177571
796898663
291354273
292102222
291390150
292165594
292279512
717661015
293068636
293131962
293355524
998239463
293648751
294146348
767230175
426535783
294722140
295151322
295365909
487889284
296364682
296392278
296437435
766978990
296445768
483868751
651278395
452394320
296921587
995785521
718545645
479179819
297138093
297252886
297319676
297573370
703757746
819791742
297633255
789674567
977246891
297834605
297887174
297923202
297975914
298265630
348843594
298774762
603902487
789482684
299457147
299569944
300092594
300095528
300281235
300291433
300434316
300490269
300513521
647033011
465387976
300730533
301185656
301413915
969780605
301564885
435227172
301624470
834665039
302357478
302436989
328220980
302859808
841985354
835779551
302928845
303806189
303815796
808231244
303832107
303881810
541940095
304216162
305074392
305455261
305795801
578702006
306356650
306563741
306876812
851608342
665597341
307828901
436397404
308066980
353037918
308121074
308151248
308520951
309399464
309533094
309878718
309985906
310168224
763646459
669744602
310211730
802491960
310355021
310484145
310504970
310903061
311003415
732198854
311752811
312225584
312315480
312518551
312871393
312897911
924965064
673099718
314000691
402144014
396811686
440583563
314385307
314494788
824886237
752871737
314951700
315659088
960369836
315841628
316581143
797546016
317413398
780341709
343172014
383335780
318328752
318534385
318562871
765844325
318624460
318792321
318892189
319174664
319180303
471112968
979746081
320163569
320575227
397864569
983787213
346993487
915005466
322421390
322452024
322592588
996118671
893445248
322691026
323092513
324010095
324708745
968519209
324958117
325351953
325895622
705067133
992184209
326406827
455173482
326909261
327119428
389743926
327131201
327335901
327487975
327726412
327892511
328029124
329842293
546431279
330732673
331209536
331244850
331249455
704953019
331561973
788392797
331566568
497612140
332151266
332174219
332201917
332362698
332407596
332606772
332611708
332673215
824900072
479523263
698241925
333630780
334190526
334820611
335066807
335554102
805840057
335665410
336914681
337373033
337846383
338318343
338453420
338462478
393803299
694931090
972601593
338881874
338920722
939219335
339185298
339353608
340158153
340724424
340860636
341049719
341107163
341322996
341392974
341409500
342005084
342273711
342490175
342566782
400019358
343854325
518937402
344781615
825502992
345160564
345291332
345297182
695393656
955825987
345651674
950680167
345714768
345821181
346140354
597280241
346517085
346590657
872625608
346725938
822034871
405124202
347095203
347364733
384984700
347688617
348217652
348823090
754363711
349066508
349342618
708723157
349347810
671868565
762151516
349990587
350031801
774778328
350062316
350841007
350964195
351593391
351829566
352149959
352459029
352535872
352609504
698621878
944020983
353889369
353891688
464845252
353948938
354110509
354460089
947743835
354925329
468793458
355641972
356098168
356257754
356303323
356480157
413959496
357014643
771977380
357710110
357820911
358023845
830883849
358253219
358271195
359050827
733799834
713732393
359319004
624044405
359458812
779300060
359512597
359680236
359725832
360499757
361413090
519382159
361624794
361765234
507473744
361955021
362225471
362501075
363207957
927552999
364305792
570885441
995567867
365482525
365621975
366304646
366836187
366880710
367112716
367124463
367521431
367934864
368408347
368461096
597179545
368602478
368646495
368676796
369412864
369769481
561190839
370358716
370869217
371164470
371538663
371578231
402146182
371936330
372067896
372130528
896012399
372259639
660634390
372344388
372374344
372670854
620680731
372929134
545198761
647464084
480951526
373196138
680877069
680720777
373818677
373957134
374732181
374856047
374871441
375028014
375213143
375290132
375526308
375891525
375912758
376431563
376984011
923230836
948597641
377347007
377800034
378953859
379650489
379787667
380069535
380527793
380736705
381669480
382082110
382149288
382159523
382746629
725688102
724461309
437921086
383590512
981791727
384262960
384762787
384920794
385752604
386034320
387465575
594845008
387940989
388398744
389542663
389565559
858746411
390186639
390525778
390727518
390914558
390984761
391154669
391172486
392271224
660303885
392373037
392511711
393316716
514905067
393500130
393558096
393559459
393584749
831460432
394184974
468920091
825512493
844029798
394857503
394932362
395428486
395480220
511787369
395731037
396183288
644568871
396280665
714790491
396768830
520305288
397500120
668723387
972791172
398650919
399619121
399757265
862014980
400163395
400184757
400851669
844501280
576186117
401047752
784387273
401133484
401195121
699840082
401423131
401522537
401613793
401738033
402148110
621404056
402491462
402561382
456630571
404237583
404363202
977306808
404495754
404963112
405167002
405469037
405528742
405918936
406126092
406590151
406691982
406839810
406947044
407398977
408550880
409138037
409286129
803441361
712230356
411366159
745428049
409414804
409581061
410016087
410621593
579757128
410989324
667272376
411432254
411950798
412025381
412453161
413123481
697225301
599464743
780470778
413334440
413400486
413652569
413865549
413993467
414392110
415034844
415159067
415278704
415330695
415602350
536962150
415675959
415800151
415938624
416061811
416106621
416122991
416123764
849598006
416304482
452452591
416325639
720368511
416498350
416967450
579963380
417077197
417723340
417948265
417994738
951698301
418126955
418196172
418416161
418802581
418868924
418917249
419058676
419142654
419733683
686207358
419850850
419904028
423259418
420840623
421505798
671956888
421614953
762508341
421645426
946358408
422436292
423177176
423239736
597558003
424287105
424436242
424440640
558094584
653010084
424757729
424854986
425162908
877824208
425811358
426596585
426636379
426844938
427390844
427978829
428002931
428434179
474463101
894841148
428988745
429473969
429492190
430821379
432662793
433624003
969561082
433714185
433854534
433990755
434220837
643649788
741554631
970801536
501927009
434514021
434588435
747515662
434642459
434642802
465928941
434933460
434950669
435212373
435393579
435484868
484662066
436841570
437279745
437652128
437850192
437896878
438458267
778318625
439472748
440696301
693362464
440754327
441201253
441778438
580643794
441958077
441989915
442058569
442092142
858605335
443153196
443292466
443439174
444977199
445508879
476771046
445621900
445960088
446401844
866360950
894642058
446636820
446809584
446809736
446939861
963356990
447484688
538846096
447909057
447929296
448205782
940159863
449392023
872897826
449595339
449679937
449785653
486018742
451073487
451867141
956144603
452959420
867354159
452985020
453040962
453142524
453252930
453844579
454177099
454589631
455787610
456296174
456969442
457234164
457855863
458248865
458667458
579784556
962587619
458830431
459230319
826326021
459930383
460146326
460256241
460405295
460643537
824788497
866140862
460907607
461491030
461917933
462108877
462315751
462467738
462518496
462651101
591457031
474946863
463524799
464414526
464456119
542907827
465189126
853684775
465522728
992405953
466001934
996147933
466505275
466527229
466563764
466679410
594235953
466796587
466954349
467610191
