5000
567314514
500626597
567705081
568287210
568341128
568396117
568533919
568566150
568854584
569078545
569375275
569395596
569454572
569716796
569730786
569919553
570283904
570389999
570441166
570556731
571137269
571304756
571389420
571406093
571891436
572214945
572466170
572541761
572767826
572879748
573080138
573149434
573170734
573665554
573710359
574016833
574372864
574581231
574601628
575724932
575837665
575968029
576178005
576253974
576317438
102489127
576738707
577102853
537815056
577455967
578555207
579306922
579475157
579737132
579769676
456654626
579783150
349401110
579916116
580103938
580385293
580603947
581299783
581368810
581403715
581522033
581858311
581940321
582056762
582997308
583232368
550185979
583678002
584193552
584672833
585245857
585293723
585400442
585845395
292870227
586392142
587096984
587521121
588000328
588050386
588186951
588260334
588406956
588489917
589396222
589549084
590192022
591138830
591350059
591579798
591696218
592116851
592388980
592520259
592856297
398332939
593382571
593536621
593655657
593967005
594352239
594386384
594529716
594706877
594884480
595943910
596480735
596660809
493015028
596729931
597230366
597256652
597758626
597871110
598166577
598206896
598566577
41407227
599292174
599304985
599442112
599587796
599676514
599918147
600897485
601629424
601646343
601953166
602005777
602187840
602685368
602792424
603072290
603718776
603828682
604238422
604410782
604668276
605018481
605496980
605844542
606097690
606386797
606431168
606467801
58206351
606657712
606733085
606855532
606952813
607388338
608118993
608623652
609314563
609541595
609674817
610240449
610297024
610777927
104718924
612787037
613061512
613144526
281110247
613552210
613794894
614457990
614572044
614607072
614923390
429424748
614930098
614979729
509192518
615032570
615056359
615349727
615417361
615506712
615773802
616185296
616557470
616648860
616663564
616807632
616865447
616943209
617094061
617387678
618012033
618023621
618108654
618368106
618645582
619611983
620059131
620148185
620866184
620916804
621026068
621031822
621111653
621462325
448550528
621505026
467647059
621886361
622034805
622140564
622216670
416147496
570495159
622498103
622568665
622714295
623164701
623234738
623268332
623403986
623410556
623632538
624052242
624571434
201131952
624881447
625303808
625589624
625977632
626380810
626586757
626685103
627076601
627239683
627243131
627481560
627670081
474465405
627727644
628039406
628399625
628740271
629052822
629412821
630069141
630276396
630375697
630452824
416297861
630718920
631137268
631473684
631481983
108923808
210415863
631629612
631664903
631703886
631718049
631746310
631858535
631891269
367919580
631926045
632191210
632665626
632777336
632906415
632906556
633186205
633271569
634028855
634225820
634480422
634520496
634715934
634863240
634949446
634996873
635390548
635789515
635796448
501987949
636885766
636989608
637231819
637457939
637482477
638211924
638329202
638562133
639790730
639940069
640038803
640060535
640110731
640526341
640537508
640730669
640979411
640993599
641014149
641245681
641439124
641621317
641748319
641888514
641976923
642046924
558999954
642423370
642495745
643157291
404709324
643800465
520998584
644101807
644607231
644736167
644783293
644863084
644868296
644931066
645494389
646039669
646524043
647307080
647363698
647524248
648142808
648813547
649425874
649561459
104735278
649925761
650128837
650129839
479089787
650242528
650695662
393709492
651391682
651749278
651879978
113709815
181475373
652891797
653035297
653315216
653690322
653930724
654310511
654589334
654726793
654729184
208776081
655121210
655625136
655887024
407009018
656493655
657389911
657677217
657775144
657977303
658214474
659005623
659015294
659334168
659646975
659803332
255760132
660282367
660368423
661353540
661450248
661468519
662882433
36780611
662984047
663257591
663411170
663445597
663450476
663702248
663862759
665145325
665150003
665296782
666110913
666303979
134875696
64722243
666687382
667256909
667433140
667572392
668198800
668225093
668255272
668667929
669173553
140411459
669437276
669650285
670193347
670435274
670728987
670851447
671346818
671422311
671612595
671995960
672387029
672746541
672961467
673071778
673136076
673199593
673302710
673377434
673490156
674070488
674097365
674120785
674514898
674936967
676255403
676365243
676901367
676977926
677145930
677378361
677435166
677493518
677682904
677773499
677854358
678107178
678377540
678653575
679182727
679355903
679714516
679736100
36370077
679934150
680235677
680240376
680270423
680552770
680619799
681328168
683096471
683704546
684211344
684863088
685331339
685462349
685643933
685718255
686271799
686656127
686832502
328426649
687196802
687894312
687905271
688143903
688618378
688674918
688832141
689351052
689746454
690508932
690636772
548221699
691425374
691579534
691947237
692230630
83012751
692247841
692280693
692423673
692803502
692835577
693250497
693415511
693521087
693532519
693962415
146977109
694554784
694969083
695122583
379447375
695348113
695704967
695824365
695958383
696276942
493574368
696293234
696458011
696751733
696832148
696975311
697186668
697828907
697928471
698070353
55841821
698396424
698861115
326798788
698878064
699091265
699118583
699217124
699630056
699661721
699753209
699997608
700002040
700092460
700197756
700199602
700334670
700345282
700429602
700501659
700703021
700841841
700947434
701143327
701226581
701381450
701405642
146585384
701865112
702203064
702397962
702432454
702433041
702662638
450652372
702721818
702889631
702962653
703026128
703858227
704223817
268744358
704252339
704390079
704583974
705248737
705481276
118913224
705927750
705963372
706163421
706244622
706430680
706984582
707318150
401239529
707476792
707619593
707702592
707897348
707914031
708330843
708430530
709982491
710281342
710357815
710380746
710407223
710785511
711418947
711754831
711963344
712117829
539697745
712232388
712520836
712800444
712839290
712871773
713409699
713460712
263415678
713507056
714085146
714625402
714837425
714852337
714929310
714983812
715275495
715753525
716124648
716130003
716859534
716918768
716931441
717436122
718262781
718339726
718489606
718744959
718940421
719279631
719828107
719840818
719853629
719995919
720059578
720135701
720523584
720710928
721262971
721556563
721831251
722241299
722734861
723035165
723042001
723098064
723327198
723600618
723891415
723948912
724340302
724518371
615711293
724563359
724754236
725086272
725703462
725704265
726160941
726305268
726385086
726456626
726500014
726631193
726719687
727144514
727331277
727389858
727793238
727804355
727910331
728302572
728658639
728929802
16831047
730139950
730314218
730353251
730550712
730947108
731114719
731329479
731400372
731481099
732609145
732641952
733714314
734090375
734275281
734624467
734855082
734935108
735867145
555092588
736032028
736862017
737226517
737256616
737259608
737333663
737667854
738072509
738118141
738202875
738445284
738912483
738973682
738983851
740109896
740176052
740412884
647711305
740992322
741337422
741521175
741586290
741714216
741738393
741923321
742390459
742566208
742686358
742808671
742992837
743292598
743713257
99308176
743794679
743954938
743963032
744045127
744435312
744502847
744752120
745357915
91095473
745559110
745882941
746155601
746391813
746670135
746688735
748072418
748074986
748276214
748857596
505267450
749282886
749461847
749509729
749512744
749575269
749695509
749745686
749960457
750564239
750612607
751320937
751328943
435312387
751481285
404970730
751754783
752228594
752463458
752574074
752896011
753035846
753687866
754147593
501368114
754170817
428617779
452402281
754519361
754559096
754711767
754849879
754901409
755851408
755993015
756072609
756244385
756256718
756662298
756825363
756850062
757161817
757178416
757653598
757950790
758173864
758287083
758869511
758896651
759313213
759805823
759911373
760064342
760177610
760526518
760610889
160139368
761405918
484705638
762364592
762753596
763837114
764346454
764408802
764689876
764808850
765117288
765172567
765561590
60468470
765894596
765946321
766316261
411055920
766331128
766533013
766864183
165554459
426759572
767145480
767177396
767390610
767583401
767690642
767712566
767733368
767788015
767910092
767966394
768345893
768519526
768523414
768596044
768725673
769196370
769570186
769870997
770339612
770497196
770581364
770709749
771144872
771293286
41516022
771339011
771480453
771651975
229670016
771728861
771980859
772087575
772191945
772532947
772557448
773464826
773596477
773621126
773784826
774838173
775080728
775616219
775659396
775694340
775988653
776365404
776569710
776679707
776813716
777070690
778315659
779087185
779155504
779212042
779532046
779813810
779919536
780237225
780401913
780671749
546056573
780751952
780797942
780802428
780924293
781009686
781126646
781377894
781520151
781568976
781570508
781796231
782108888
606800211
782583622
782609392
782618663
783171989
783787963
784100817
784254213
784258507
784676802
784793106
75688113
785028855
785646462
755639130
785804604
786030700
786344880
786429219
786952699
259361658
787429115
8213456
787692605
787717346
787837701
788076122
788659534
788788879
789135835
789197298
789626717
721188828
789821425
790083865
790747041
791141025
111538949
791673224
791732866
792169012
793107475
64165935
793679660
794158960
310586178
795058827
795120236
795674048
694247055
795775604
795788197
796156700
796210472
796523201
796843046
122639531
796958896
797030163
656106619
797547043
797614209
798096670
798189073
798416287
798745642
799203737
799640639
800000330
800036221
800147179
801093712
801584999
801718843
801739317
801863092
802121946
802488864
102462646
802686746
802913414
803939832
804111294
804436851
804437526
804675664
804692444
804789154
804981641
805640535
805642059
805859707
806066884
806142133
806315748
68680024
806392097
806657241
806822908
759113808
771856693
807050401
807167243
807482868
808109846
170683894
491489017
808330335
808585138
808610880
808835052
809349439
809817040
809897571
809978199
809998089
810696603
810787628
811120278
811242330
74980623
811695592
472452366
811752918
811793518
812007669
812024249
812031459
812065386
812143431
812383176
812464250
812567750
813157697
813396960
813412954
813497293
814126392
814334298
814462164
52113832
815204956
815389521
815828631
815899335
815992319
816123266
816328079
816547388
816879905
817081709
695725855
817378165
817596498
818085324
818299667
819383489
819856157
819896749
820222415
765652557
821255695
821307487
821421045
339288704
821443557
821640062
823084654
823124733
113735373
823588679
823979828
824121040
824424589
824486944
824926895
825155703
825249046
825260056
825275859
825394921
825501709
825612596
825646483
826337381
826753097
827113935
827206661
827411011
40315858
29671792
827498189
29505587
828224032
828598793
829157809
506029942
829372611
829471618
829950177
830373132
830553764
684627444
465675043
830587561
830597520
830648399
830654470
830678171
831222018
831305043
831413871
831464134
831590096
831592995
831741073
742936008
89296604
832634445
1206678
832956179
832995721
833044748
833509976
833694572
833695763
833786181
834017681
834235340
46306489
834309536
835181023
835243368
835479713
835798530
836048246
836324981
836492631
836505415
836869297
837351467
837516497
837615504
837777056
838086245
838186246
838363983
838415531
838485367
7843704
838489005
838672385
838716663
838874054
839294709
839650656
839720981
839821384
839905079
839997508
840479624
840687710
840964454
841263275
841342310
81173552
841517685
843036805
843182612
843289715
843427085
843580932
843717065
843811968
843853805
296067472
843946543
844311813
844554532
844690933
768476005
844842740
524450801
845009204
845588484
825492896
845607546
845702481
846173570
846435135
258178574
846583692
846645770
846923412
847089621
847092756
326639099
847149421
847181655
847219334
847524259
847555575
847566771
482594434
847671847
82129647
847813155
847875772
491106149
666187148
848031758
488605273
848054374
848487467
161984563
848676489
849362475
850024790
850116953
850559388
850988255
552842227
851035422
851096880
851478911
851596195
851824106
851867151
851891405
852059551
570827822
852154472
852200979
852533244
43292864
852735285
230921824
852810750
853005544
853120310
853323243
724209958
855897120
648080306
855990402
856088553
856244828
856361206
856985925
857013513
857593574
120882855
857662384
433080132
857698727
858121573
858157647
354161436
858223088
858347236
858396993
858420924
858794965
8813367
858853258
859075462
859229829
859357803
859413044
614711297
859606447
859616556
859632446
860261350
860618512
860809644
860982707
861047028
861634478
861646751
861752665
861871693
862008651
863032619
863164896
863237494
863526520
863670928
863748094
864024037
864029437
864321668
864565590
864633886
865046715
865147289
56154220
332710791
770110288
865373594
865612342
736879457
32340260
865778892
865925431
865956275
866110001
866368703
866506707
52016403
867069306
867767489
867874075
868061798
868198493
868622976
868788233
869459211
869804560
870004398
870246093
870415870
870889395
870932684
871074412
871478035
871575653
871931964
872113069
872250214
872527347
873312406
809894541
873408817
873549552
873619800
874037510
874965718
875118793
875749627
875774465
125515302
875847667
876671145
413885359
553958523
876692564
876726619
876743393
876995279
877108634
877138278
877143737
877234323
877448986
118171503
877653318
878011613
878134194
878142999
878306577
878422149
878565968
878976277
879207315
879276414
879485015
879971914
880308560
880847508
881360458
881846778
882303806
882931600
883126590
883293748
533269616
883867973
884236479
884269961
884554086
885190374
885259178
885550302
885797474
124982760
886128475
886344925
815631717
886671056
887241459
888201272
888256110
888862335
889117300
889787084
889913803
890150338
890164025
890284335
890284750
827225237
891028641
891724113
891917545
891983205
892057200
690008308
892122947
892255356
892286286
892402404
892465996
892633675
893214861
893397016
893405422
893456746
234369260
893463504
893786809
893846487
894119633
894529684
894555613
664971904
894559159
894571201
894920724
895115178
895130792
895328029
895504278
895688983
152588390
896040118
896063682
896566366
896607337
896758919
897288667
208769013
608259714
897586328
785513119
897716087
897732773
413388426
169519354
897733589
898122963
898176786
898367915
898422420
898440617
576854988
78234406
898554007
898868482
899310630
899338815
899447275
899517331
900286362
900686245
901043643
847972948
901135888
901214412
902054963
902184925
902271252
902397426
543754050
902416226
902825725
903031974
903257486
903336604
903379110
904439845
427657705
904556048
904601371
904696592
904821193
447313184
905066674
905119941
906108844
906195498
906331112
906767203
906838823
475122908
669890609
906939228
906978014
907101471
731741285
907210116
907512579
13906468
907728916
907963501
908317247
908578928
115223706
909592265
909673640
910098982
911226041
911503747
911977899
912189444
912457691
912532095
913060829
913090378
913467549
913803903
914548964
915119206
915788168
915819993
916169560
916815361
917309872
917554444
917948206
918173349
448055446
918537544
918916714
918957708
919176974
919204637
919372050
919434298
919531573
919739811
919967899
920336156
920810496
921223353
921312953
921462015
921520498
921780798
921993212
922078477
922627991
499332092
923308137
587368337
247956067
923334271
617583326
923722925
924155365
924167141
924346800
924497328
924715812
287998578
742045129
906681394
710732537
924826911
924980978
485206502
925137981
925222165
425341139
925726110
925802019
926110814
926390692
926472468
443961401
33595051
927138514
85630331
927264769
927585509
927715462
927954116
928100813
928815554
929033285
929056108
929115090
929578079
929686111
929758964
929825969
930012473
930294740
930327366
930355057
930733935
931055036
931280013
932076221
922331625
932242039
932549721
932909577
932989123
933129505
933323174
933908314
934124684
934546749
934861180
934886171
935288541
525917514
935488399
935701879
935897352
936484033
936520330
936616894
937040122
937100297
937162542
937319070
937474999
458343809
547696830
937524541
938079605
938434754
938851611
939332281
939333259
939808153
939961037
174363076
940480096
940887837
941417114
941704351
943763318
918307717
943764617
944008973
944750583
944762764
944827938
945531024
945664281
945679432
945831076
945846694
946452582
946676253
946886367
946948629
948240778
671754693
948313620
948437580
948560707
948626513
948950452
949549831
949949486
950287000
404059036
950587433
950845000
950998891
951121569
951317849
951729288
951829445
952063739
952831711
952911346
952983190
953328651
690295885
953549706
953700372
113031371
179633295
50347566
955879381
955913758
956045039
956132168
956200302
956201321
956236644
421668984
408888489
956355019
956604578
956786997
956872203
957275674
587754292
957673691
957685652
957939934
958144044
329773009
958177615
958696859
958710596
959246441
959251493
959609184
960108690
960312430
960337225
960576822
960617021
961084860
961208748
961318319
962004248
962209765
962827948
963522638
964620768
964764410
964997961
965144680
965251271
965473331
965732666
537048585
965901075
965949336
966237054
966267214
966390371
966477107
966503681
966548229
966579492
966750931
966781010
966817788
966824466
967071707
967134228
967150575
967572404
967632655
967769049
968003456
955134186
186422547
968365794
968421677
968680870
969211962
969214587
969317746
251831120
954013856
399221712
969631917
969667158
969838756
537284335
970065762
970091060
476019491
970890458
971382445
971820732
971955644
972045925
777227101
972187428
972293176
973237819
973352041
973477590
973774845
974237371
974563150
974998412
544706247
975077112
975655268
976010888
976010898
976060790
976068906
976111890
976762744
977070818
977305268
977528639
977685089
977962212
978943854
979020081
979245284
979640800
979752786
739496699
980057241
863227570
980486587
877033600
623728303
980614995
980869042
981111748
981268855
981492245
981970953
982369753
666619967
982484686
983312401
477589891
983802747
579420747
984238171
984383073
984387680
984582976
280748634
985153031
985162927
985257342
985348051
985389482
985482401
222739168
385479000
985562575
986199244
986442430
780009106
986472991
986700741
987184610
987264138
987271988
76588863
174601320
987344099
987564286
987695284
987776054
53730584
988071840
787583601
387048239
988128841
988206951
988319952
988337670
670447932
988478692
988741840
84423567
988756203
446204154
988857867
988862639
990036122
990187704
990484631
990680148
560260563
991135686
991950207
992381774
129154491
992598007
992611216
992782049
992855808
993410555
993447762
993519151
341868163
993709053
993779575
994000362
994146241
38252704
994275769
994730742
994894339
995027966
995660665
995816456
996039877
996079204
726332199
996198127
997182288
997249204
997280906
997598192
818052030
997998507
726729804
998381789
998568289
558681486
998743176
998976363
999057541
999073479
999295976
317024940
999649108
999695484
144593015
609839080
330255621
482855934
334834615
142181290
369380145
557819480
369356523
481589144
440700180
480406908
481125153
551416109
523819725
397282924
554401380
484904750
347137413
542142600
542901659
386758727
456670819
348341807
461935889
484637385
524529001
500032762
548202157
993578776
437587140
330223066
691392908
466788540
359420298
98403700
384886093
443896177
441013999
377469118
422906265
402782551
232044495
476005074
346374882
414903336
513956022
431640772
421983951
449799887
377444312
510433731
99619647
395277233
102460580
474165607
472877514
558755724
527777211
416502528
431851845
472145328
477498745
210682145
418487600
478549213
417930144
368960903
473928350
401664889
484741747
390602718
450637972
396507730
336268934
398960982
347928005
386978845
400888648
474099216
483152947
350147787
565409175
409979217
412589056
517361459
392328413
505446787
924395089
230789114
474262722
455852076
360450912
31820401
526902638
556397956
525500056
421158413
369501433
458487707
828189282
199942651
208183583
481872420
384442923
481902387
335603063
399641352
375307063
575052181
371510966
935434593
497637151
271658428
423819708
387992438
438155289
330555075
523697979
402181127
502784067
551294685
472140392
451216485
422041252
387396624
431005275
518494046
542936600
276033932
448602234
382294496
427391499
428830159
387184920
403591215
493750361
363144208
436251766
666998292
393622379
450298668
563367677
379282273
489349000
403943903
559359117
412607139
521733002
524383028
472177942
410694565
454441028
565388564
381405748
468089980
361519663
461108080
465762118
521767556
471627006
665239755
375016469
534403000
695251068
358894853
381587773
480970235
353608555
352760710
521307586
508465472
412287942
462789941
419813399
772476313
565162374
681057021
714693020
358046224
699997513
501253962
536997683
397067808
428392080
929058169
362395730
507171229
481953801
601988520
530160808
357230212
559149763
443247445
359855652
381845570
439304711
723776092
470303905
396671145
718012032
537068309
540359659
560061756
380999133
559316012
532850881
365517535
422573818
559372328
515284933
436585859
852189468
530572152
441223773
527242542
526943493
382841088
369311236
479950456
395248913
481805079
531973961
161075122
392396311
372651088
394623556
450916417
452986001
382798288
543428570
565757658
535264711
366695690
565353416
505494158
421454249
106014731
549482159
525589774
562104190
329312847
936912583
537213529
336429325
271861373
697719273
504203455
379695299
485611947
543503928
541212714
453508227
562096508
566756446
393651271
340283693
535477227
891097754
564993065
330136867
564564809
548678675
410552481
360749533
674508043
28786794
365653858
444767797
396859633
521544811
107712850
448094739
143424972
560962159
406606218
515089540
342769555
415897021
520067792
894454656
344356484
477047839
138941740
345574817
543906070
379381120
75116959
433475451
543002151
426234051
373546207
395389757
515171623
475241821
150530021
532604243
45735859
401630394
511360727
348118016
880156691
499296880
411816755
523854770
552256465
436072295
467927069
75177919
408354378
330501291
559281908
498885787
550212772
341498132
490334298
435809232
448746985
544469796
444715961
375367138
399744839
420442274
350481653
458542831
913238289
490251713
320188644
971022471
465707695
493953368
340679545
549525803
367822006
446429258
405912269
400347700
664852691
523706361
379047360
452427090
434504112
549457505
490172887
830323459
448728852
371549527
143272195
470977700
357017378
406456687
562221636
502390049
408064903
74393904
382330931
384158146
336840511
539386387
506768965
341156481
459290464
457771995
354372421
478257955
226608839
425384150
403567184
935271468
344491118
530496895
380875108
528780543
370807852
342879583
338800727
379653196
454254401
332201753
174101408
328729641
380720574
557403430
431632827
545275515
911269300
330833928
452579250
356616023
574292984
253889270
335185219
538549688
344321266
437768984
514328897
361228280
719814766
57779055
86358430
520449342
476627539
525702114
119121571
519202986
555947951
216647412
28572141
335025169
484837689
404750100
379875101
686049927
553684288
435144485
376960185
343075565
452158540
532254469
520538023
391887120
903752145
503389003
500240792
425043113
338408508
458471347
447944597
519794080
422230517
535343013
526943396
704899897
387726491
332023497
415026383
554153069
915014788
558412761
474237495
455450979
488642965
531755191
238677588
530383905
517147373
403524206
142314029
504785696
495361113
406606058
400616175
397790820
450631884
449093448
494148634
417065471
369562091
332321365
584481753
867482933
562026913
533893293
565876640
448703301
393423566
640634
362438998
482154431
431817048
513864996
969903771
635476055
463416941
350723226
444101015
524579069
547420365
513605277
389887498
440198272
333724456
450363791
45918671
388111844
345095693
837664598
655523200
167216461
468884115
561861198
1670381
397572004
411757928
217277846
361386200
382891854
516722179
361115160
479059501
96720029
450268799
347996128
462125665
339362347
393953781
125453214
406752701
458235244
521640592
501612297
765778034
498261995
329704534
657856238
360092656
491007650
50711093
349721790
500158376
397478025
376200289
52471846
527534021
461521211
689001016
354495951
687224357
355005754
372416380
938299870
540230855
360625435
429013992
481820314
565925278
464137784
487550739
533327823
412092254
485514811
71157877
391329032
553921804
359256011
559192563
440477003
390735731
707082021
94790704
381101544
403128877
460227175
924744977
32013934
526829628
402640442
719788501
428489413
917287762
537093697
546841295
346539192
348107444
375628532
596638450
449414019
401933292
356489901
64821140
399906158
645716789
905776907
234554403
400107420
329533734
27662815
554446086
416215683
427745872
448640401
358085467
460893709
446460252
478450553
554862530
330907856
433973287
409908669
512076720
227920108
879985690
521118971
622409984
231932440
35841876
874219655
491064061
64594733
499699684
904092153
448410495
441969206
383974614
406791121
345869727
328769680
337948126
450398481
341062202
453577952
542901954
943549137
355600077
487367499
489402790
383789473
415729670
437833912
484203252
368986159
708090278
335062707
495091819
461276326
349599968
847758178
447121229
515577889
375125262
524307127
556507832
514608040
458962425
588404044
533880269
394097065
343396503
566160899
512458838
786986021
348585888
489273626
458862167
344289388
438232217
537352859
367193938
3461982
427533147
508400216
449020870
424108238
398208162
495622341
488056467
509258307
509472873
490208454
451455355
887374632
550575740
498960216
445473318
984600327
554876128
564567443
301779283
480303109
388941408
466419400
524506800
465850668
528405309
354308343
421095459
469749443
421770548
385643288
590421174
537505846
790839459
385936519
526290584
406137140
281584898
512947004
424667014
837630124
407934820
365942879
521592536
386051496
548635449
399254454
400668396
400852973
353213235
430711938
121294395
330057558
557227331
364600152
475325226
396550746
394447833
414412742
469298994
538605587
452984059
144689841
935469623
351485310
438367867
345631494
994228899
329148042
507834595
343624845
424404408
536025324
517518408
221374275
961473374
480164783
400868562
361019358
438184522
514511481
333466068
409332605
342601676
545108031
387424551
437152034
528391651
363267435
487853573
542927385
846473327
346581524
362178953
557809840
411031748
124905954
712121851
412493882
109996050
336866895
917695946
242581057
467873454
414230744
465036784
553996536
369386760
132841773
483920346
496721734
343100102
544042234
542066075
356993024
558682959
348206467
340950805
350761206
261816378
416207373
467554294
53789495
503026761
444762514
173827484
462777563
442036970
378701187
499605547
77445210
566492714
354086703
488513943
406684065
809731460
410650480
549928744
33148307
825217423
15142120
333119361
558756587
366261780
374680588
442502069
412671046
486111427
474191651
527495048
200195703
555696471
497791882
485667125
399407661
374180962
476333934
496085847
353671511
429489745
502364884
272589402
76525684
662813671
559830115
378356045
559117348
343089014
829204287
399610681
427505959
382448014
953753204
550516726
787651164
418012765
476213931
391802109
561753744
551924000
494890210
106152411
996100456
370849769
109644381
199319522
442171083
505536220
344513364
946065517
358334596
532312456
358259869
495255288
403183757
236448825
446528977
520227215
402420588
17113010
332164662
357351773
522692894
745664264
475604141
526007367
557907730
487134834
313254794
511980097
380233602
62728455
486581450
561464387
508328682
379366420
437927300
460562374
237190106
542861740
505685498
526596742
526001673
477861796
521476321
524126191
505377993
395774105
559080618
355438183
490235874
372667389
439576437
636575663
399249029
563515238
357994733
521128660
540703800
557502549
402584663
232337647
469403668
441667365
344842052
32320839
505286310
175637655
368055361
693560370
511497584
540833588
304170928
532923953
17517317
553572075
561920334
396564747
63683808
132915001
510240694
492550824
423904646
478023206
544409541
178315409
566007582
550246767
485210790
458310129
330028801
40568778
864971535
296603893
400033062
27787009
544664625
356412114
496150436
251344678
523949878
339915896
524908484
499652782
409887227
452609733
256132497
510457416
433082377
968270044
513933519
435115010
385131313
500611924
514033712
359561189
60024716
34667530
504174513
462071729
385960788
451609944
887161943
235420603
281722871
25849499
418347025
409593469
451619177
540028520
345806771
438860694
32249449
533563727
474344965
377485481
422846100
334064876
439419087
262209204
875319345
493895136
343600603
503971585
9902418
444412256
465754089
188597480
497802553
397537551
524758083
746560827
429651744
328838338
526359110
498724285
789095481
365450378
223583507
347765471
505701042
420142168
394134701
520817522
429312493
535639469
24558218
346741024
370143911
387329315
515729991
540097638
375166653
897452565
142356661
102163036
272036142
551685773
472166660
356461094
437631692
422114790
940503410
984712351
489471828
448920680
317692611
374754865
388049472
361691734
589716918
331544012
443454176
201426422
538048382
329946236
330506726
371453337
459289060
510354037
503029583
366499952
441321206
357884762
502080496
454688119
494816894
2190735
551175643
475030249
333553323
346937445
411964402
393417447
454979037
479186074
553050854
488838658
481260852
474359397
356671968
490909572
505085832
474979129
398492466
424576957
969329567
361613842
598264301
366678078
542326527
500366156
413388225
48801800
54724954
549087315
346684709
563909017
334966570
545790225
394108639
407916716
528512327
337894078
415408751
292812617
801959462
866710333
465064358
383619180
450923115
533041450
435094194
487033774
454743648
447643929
467014803
513637527
448021678
585531707
380011220
476538661
442596644
514415555
380550939
338678219
366714207
475755200
51389990
589688744
469493488
76422956
435546667
497011392
402006889
338816383
543970690
445996942
402327424
460396857
349605614
472632122
849405728
450513435
392433114
63014120
409688180
393844525
249703546
358490291
551447252
546100686
534121855
192235652
337160805
486505380
500727589
523049115
489202655
561585056
557212700
372088063
406298350
428026739
500285057
454298426
512020283
440589382
439718367
349110368
258151256
358835982
513447825
463364576
415451632
357585832
452452553
353209214
464606274
464125532
531528173
685765861
335375051
374568388
65203
149020
552124
580071
647856
769266
885479
954574
937655866
944566998
307773503
1051046
1202946
1280451
1667691
1668945
1716565
1770263
1846174
2000538
2000913
2053049
2245594
365438824
796334786
2267053
2719258
3018053
3033613
3043477
3111622
3125192
445438890
3186408
3407367
3480573
903112207
3608966
3695890
3903712
4143440
397114245
4173469
4434288
4575863
385502748
4610390
4620610
365547924
4673460
754227116
4716799
30937293
4821196
4929971
5180169
5361935
5485641
5549035
5697632
5914897
6069166
6271195
6272801
6517341
6705606
6843502
6922648
6988499
7129380
7556392
7857769
7867874
8006299
50606022
525875243
8337217
8509727
975526498
8959489
9141429
9618327
9620071
9731422
9771905
9961428
10362957
885094428
10387991
10779749
10798130
10895271
10915080
11292945
11723645
11824239
440215359
12104766
12109507
12120222
12204212
429865593
12371342
798886854
760634696
12517078
12585505
12749758
12924375
13067816
13363905
13464743
13600967
832689349
13793950
13828584
13893968
13982868
14020552
14429492
14494400
14528742
14597078
15547618
15571307
968187468
15582146
15854617
15872922
16295103
16365590
16654193
16699873
642355207
49167609
18024194
18061603
18263226
18344764
546392094
18448764
18465438
18704119
18712498
18721255
18723994
18879186
19100665
19103103
19823940
926601938
674957923
19920142
20157621
20162389
20175617
20333499
20468104
20649702
20854895
20914677
21158470
21352506
21621956
809865781
21727760
22283007
22293789
566009781
22793450
240226594
326117183
22818963
22835147
22849793
23056927
23060426
23899268
23937677
24392415
24751058
24920720
24954024
25219203
25297515
25525663
25903989
26106270
463616161
26154098
26158716
26221799
26305276
26468938
26648672
26882343
26913863
27265474
27391304
750525236
931739675
27411056
27448787
27476848
27582105
27840661
27909210
27919187
27976871
28080123
28295287
28478708
195357011
28683019
28916007
28994421
478763775
29065455
29117626
29448216
450775018
29646311
846135503
29649862
29754778
29767681
29859021
30338351
30392426
997660297
30529209
30537038
30764679
30817263
31011731
31049387
31213184
31524326
31864760
32000623
32059051
32070604
32159525
32461414
32622054
767272597
32886627
33194127
33266382
411049365
33299534
33378626
792229713
33410401
59216990
33626673
818178472
33900332
33999719
34296118
34308104
34349522
34365554
34855581
619230910
34925468
35062178
35073882
35429056
35888627
35896724
36700054
355014841
36744655
37034431
37304374
37480937
37486442
37795831
37827136
37865980
37877242
37908469
37934900
37954336
37980033
38308596
38555587
38685903
38953266
39112202
39153271
499691656
39228598
39263125
185682939
104182653
189007977
39297428
39502900
413210313
39566951
39899227
40202631
40211108
40252419
40289261
40454438
41089500
41628102
42618049
42663731
42879581
42885365
43000598
43162852
43228286
512397527
76883575
43538635
43675961
426527212
43870735
43902816
44604510
44773944
44828004
44870401
537031982
45190253
45269895
45356619
45441262
557144883
45616489
45658868
45767497
46073242
46249032
46360370
46470317
46486624
46829071
47428747
47811865
47864957
48204199
48300208
48466726
48605475
48821458
48862881
49032769
605263228
820770930
49199856
49221576
49348734
49590437
49619481
49654212
49661684
50007306
50096134
50096923
50144909
50158790
50230093
50289070
50783470
50871411
50902715
815852927
51092232
721922947
51497950
51554197
51694485
356318012
52098002
52247123
52258141
52341136
496924915
52413417
52436962
296344686
52797683
52800373
52912203
53010533
53298510
784112151
53382328
53519803
53642716
54080871
493077452
54240524
864777259
54409572
54437324
54475995
54506625
54676478
55060099
55536343
56061263
56094461
404560657
57046284
57273389
57326706
57355504
698105688
57367090
57699529
57775758
57979122
58112591
58137027
58236769
58505391
58621526
58849400
58860229
59216877
59256935
59433741
59524637
59531934
59651952
59653079
59702452
59707913
59752809
708470419
59830402
59838920
815097624
59844867
59942630
60009974
60024947
60138882
60332603
60413607
60684411
60790702
60991653
60998979
61072127
61259033
61271351
840104793
271551508
61560841
61849169
62062302
62102144
62192589
129514714
62275417
62848648
62869867
62945153
63030576
96588301
63037180
63051062
63174001
63332196
63823935
63842470
63873026
63875328
63944854
586443285
64100508
64274609
159378406
64486100
64689107
64695303
342714548
64890227
65005880
65011371
891567239
65077135
65171241
65232479
65444702
65506191
65639386
65705115
65903165
66104030
66313021
677359463
66491352
66509195
417096869
66529592
66545566
66683994
66831999
66834016
67081649
67128461
67200378
694184776
67205468
67308042
189571101
67578064
67709133
67730823
67822742
67886955
67977573
68108823
68176647
68285541
79147793
68395376
68448129
68508106
68557087
68631867
68972833
69072541
69247555
93717298
69274543
69277604
70115126
70116662
70181165
70321607
70368410
70497716
70695825
70717264
70795476
71100657
71115384
71154294
71201630
71706130
71865182
72086135
72086563
72451143
72703536
73037320
73084710
73394582
73965578
74223985
74312584
869883843
74613369
74768348
74830298
74860922
74976245
75125517
75279098
75340724
447812684
75383874
376979317
76176496
76288247
76324512
76505002
380969896
76669809
76771508
76830531
77346468
77428331
77457504
506497670
77531953
77645168
77699341
77882505
78165943
78252188
78270255
78431127
138105080
78534045
78558931
78568942
666454801
78605871
78635036
78807356
79106921
79139996
79153973
79546098
79712091
79849135
79881300
80318756
707066626
80365543
80445704
80744988
81003999
81072731
81271481
81395446
81867103
82016123
82070206
82097272
914518800
82197236
82461813
82533192
844920474
929955540
209023144
82672569
82832362
796746205
82950059
248825134
83112176
83299698
83343281
83495480
83511328
83561557
83980812
84111541
84167437
84310792
84356878
84586730
85014949
85023171
85136007
770148032
85193061
85199714
601477081
85230988
627798870
85266879
85333092
85564447
85586215
85725444
85853992
86028174
942846039
490517415
86062538
86884642
86919341
86972172
86998983
87039975
87128082
87691217
87691348
87841512
474919221
87871213
87961400
88190911
88730760
88749912
88762026
340793792
88763888
88800110
88800402
88832621
88927666
88964098
89012282
89266176
89470661
167007400
89572596
301619288
89694960
928844549
89726183
90004043
90010891
90335774
90671115
91129372
91217309
91355311
332016599
91512972
91531978
91742825
91951506
92296520
92490744
92581750
92622850
92689581
92792867
92835404
92924128
93174329
93365895
93507058
93622364
489017072
93743660
93894636
290114162
94099382
423344823
94241235
280526537
94462105
94469356
94484557
94739244
94917145
95186791
95488719
95497542
95549351
95621427
95714841
95902483
95909562
720087557
96187700
115094391
96258518
356459063
96353500
96439693
96891637
96972144
97009360
97244891
97472816
97479424
97536633
97698205
97870036
97920001
360694168
98127204
98207312
98365041
98454054
98465976
98730610
977265138
98791138
98811346
98814196
99115595
99580122
99587380
99773365
100050028
532721876
100226916
100255553
100264840
100306957
100467471
165483878
100486359
100582980
100723649
101154491
101235008
101615275
101770441
101816106
101901894
102310163
102428965
102961094
103260218
103376998
103421304
103838079
103984090
104065647
104128562
104266668
104414407
104462765
104554382
104594294
779945658
104979602
622310649
105030852
105073047
105274088
105597020
105842530
106031538
106086242
106338455
106622766
990405667
106632508
106740011
338451869
106855780
106914216
107204800
107276505
107431767
529784039
107447826
107495506
107962703
532576975
108002417
108026614
676430106
108064678
108172411
108376144
108511313
108625029
108743162
108786076
789690091
109257112
109267794
109327193
109495729
109832641
110079561
539225796
110117229
110389676
110430729
110536565
110822245
111207291
111346580
111493897
111529510
787599827
111654266
111749397
823289087
111805612
112024946
112027438
112183864
112614236
112768317
112815082
113238331
114397160
114447452
114563299
114913518
114958388
114971391
223088938
115254668
115264756
115507672
115643424
115650077
115672670
115686392
747394943
115967190
116014592
116291350
116574518
116612438
116663574
116745480
116751078
117148005
502902723
117190487
558545688
117284878
117325353
117742231
118196821
118625705
118703833
118962029
833737012
119125534
119144271
119156859
119226537
119425918
119687956
120038435
120273782
120582119
121003721
858797455
121402010
121406405
945074662
121790061
121856293
121888560
121958738
121983502
122087871
122433508
122551312
122650384
122808755
122884439
123176441
123253280
123528552
123695612
123950938
123971984
124228038
124293441
124339275
124456321
124548637
124710187
124770756
124800361
124917754
125081237
125313100
125403692
125464180
628983434
125696434
648482013
125800896
125856318
126038311
976078828
126265047
404303247
126559742
126841823
126866149
127182340
127319518
127427124
127645624
127752333
127872201
128104161
128133101
128135509
495648182
128193324
128265423
128384184
128438872
128503132
329582814
385315244
128788625
128902176
128954962
129051669
969488932
129145678
129254179
129530355
129734130
129784284
130202944
427582246
130254171
130271280
130464280
130803942
130912976
130952339
953994182
131345583
131519200
131612975
131789448
131835229
131842946
132130469
132462637
132501616
132602842
132642568
132895519
132919135
133046037
858219790
133487726
133877871
134599250
134781106
134797676
134838894
134955012
134984330
135018777
135396179
135477825
135869305
136049093
136090939
532228236
136298659
136359110
136379526
136420900
136510420
136764520
136825269
137136622
137163641
137226485
137227661
137417922
137890979
137961198
138097038
138164597
138800027
138963810
626533560
757548015
139008931
139090238
139165471
139273482
139393480
139396441
139464362
139533153
139660436
140150832
140281195
140344310
140452742
140545115
140567301
140956023
141048542
141079486
141292946
141496858
141502205
141670756
141735854
141766292
561805180
826843597
141767508
141936324
141980872
142005878
142236786
142249855
142275323
142406960
142475756
252879082
142544555
142550505
142750232
563024575
142827764
143167734
143369200
143394185
143554327
996604075
143591204
143610073
143694504
143723320
143743020
941066739
143756792
144084878
144177084
144371583
144443174
144567128
144961856
145008699
145314785
145398252
145524764
145529431
145741170
684777151
145752308
145756796
145885587
738888173
550202669
145912878
145959903
146365275
146673477
146786428
146941012
147173533
147262015
147342436
147541654
147824295
147918641
148061695
148549702
149461058
149476688
149593778
149684312
149756503
149800902
150790824
839827141
150937837
151213263
151322767
152572201
152940799
152963079
232435408
153201508
153204824
153516752
770829865
153674619
153965876
153975755
153976416
154056400
901406837
154154044
354206936
154207888
154628319
154710593
154801577
155055191
803409912
365841923
155115776
155126261
155167634
155276734
155429338
155687199
155714012
155909734
156575566
156670462
156701712
156778596
156847505
157016933
157822879
157828671
158079516
158132061
158892262
874524861
159458567
159573152
159709330
160092972
160651544
160805533
161543365
161637403
162564580
162661040
162878746
162938989
163142330
163244989
526303431
449641687
163811375
163836777
376381348
164111632
164304122
164335925
164817788
164869307
165075269
165321970
165370930
793897404
166009580
166024802
166716470
639902499
166898464
255815632
167078418
167250352
167581883
168000097
168229074
694684169
449013655
168413939
168764606
168852312
169018457
428761565
169498264
170383123
170394834
170472039
170665405
170995233
749059295
171030978
198368912
171316930
171430283
171479409
171585215
171605863
171888387
763652652
172208815
981746886
173001842
173917779
174035707
174289629
174335938
204416921
174784337
175671422
175677615
718909453
176059995
198821426
176236041
176306664
176434125
176607108
528878416
176622432
177177644
177210970
177636272
177675414
178211762
178271217
178557435
179094536
179134277
179274950
179572715
179682373
179721735
179951070
180013214
180337591
180416771
181150938
181393922
181533803
182068190
182209487
182531801
182535263
183129824
183169666
183365420
183416395
183543847
183608408
183690631
183802298
183839490
183952862
184016833
184609862
895915417
184698843
184837772
184853068
184962719
185004108
349392770
186045289
186107383
186139579
538344768
186485982
186926790
189061761
498675170
189291915
189658085
190206303
190258865
190433307
191053751
191066073
191563735
191607067
191788390
192152185
477855996
192419705
192447415
192490427
192600448
700898663
192835119
192856481
193363526
193970516
193990476
194069573
195005187
195062747
195245614
395728284
195528917
195718975
195825684
196695681
196779267
196830162
196954285
431582468
390228285
197928733
198069285
198242861
198509597
198734133
198979005
199092545
199275912
199601593
199810367
199987067
785077743
555273113
200111193
200212790
200515994
201313397
201447678
581951961
201774649
202235869
202386564
203012329
203152579
203272034
203342760
602621021
203652902
203776923
203794214
204122507
204708793
204842137
205051083
205196665
205368223
205447669
205500694
206058686
206166297
206442609
206515464
207681071
207693372
207709863
208351311
208416031
208778385
209074863
209119391
209238507
209498872
209630142
210154427
210227689
210416090
211446813
211925046
211959556
212799819
213510525
214118147
214568016
214606435
214739590
214765909
214967238
215008871
215521044
989457037
216081667
216247197
621694915
216402168
216409621
217618160
217677724
217730779
218276735
261746935
218277024
218325208
218523379
218786725
219362083
219498587
220054079
220269929
220807611
220974393
221030288
221037341
740980599
221203997
221512286
221898311
958777477
222284354
222315530
732925211
222579196
223205551
515296237
223261884
223477753
223590206
223708320
223723923
223797825
223924358
224013572
224038760
224230817
224315656
224498380
239801551
224691671
224722292
225441520
478801446
224780764
421111468
224835226
225133288
225356428
854583172
225730693
225788132
225900574
226088934
226091163
501794397
226691653
227151952
227250150
227345986
227439692
227855287
227878642
227981413
964608992
228062122
228341742
228489626
228580752
228663092
228673584
228780774
228952990
229469948
230107634
230111344
230209973
510372898
232213315
232838290
233175406
233204510
233958091
234211778
593453741
234311823
234657732
234983399
235223564
235231368
235342308
235891523
235920346
236555034
236582129
236763255
236861740
236879350
236969778
237029839
237752891
237907107
238048747
833943178
238221984
238694652
238998196
239593287
239613905
240112324
240176779
446149037
240269315
851091452
240318464
240356274
240662799
413620707
241156640
241641647
241828272
242078980
242213123
515678298
242913476
243243499
943147083
924361055
243452897
479207566
823128381
847975899
243732515
243772986
244080420
244404253
244479936
244516298
244764291
244901412
244914269
245708733
246083565
246314306
246385026
246718728
459932362
247401266
247415356
247911138
248137046
444169550
248190468
248236907
248299591
327179891
248663442
248800992
248888560
248943444
398412486
679383344
877542055
249029837
249324805
390102579
249509405
249732381
250126511
250217252
250280755
250661105
250684183
250821641
435734156
250972460
251031200
251230611
982974630
251262257
251367831
758602983
339199539
251433671
752912597
251721301
251895970
251935309
253267756
253443616
253703273
629740717
254232929
254284404
254462114
254503358
255699345
445428099
255976756
256136482
256252393
256666475
256741113
256746323
256863645
256974361
257361342
635330951
257364900
257515952
258144675
258269946
259284492
259395235
259576461
259886089
260059011
260145750
260196922
260579540
261280299
261737857
895914213
262020929
785932120
842667493
295697178
262324144
262566540
335806986
263163459
263291155
263328783
263365046
263402909
263700780
263765096
264037890
264076673
264521089
569842934
455260217
531196450
264689350
264870429
265045970
265061513
366961572
265341225
265555203
266239763
266253520
266644291
266927929
266991772
267094246
267109305
267179098
267319017
267645360
267761037
267868457
267894278
267974842
268230874
268453336
856170744
269238134
269418019
269418528
270460916
270506080
270753989
272205803
272656710
272871036
273700790
273774717
409830879
552589762
273775462
274732978
274822361
274951666
274991280
275209691
275753052
276046613
276622424
276626683
287094779
276683080
276917579
277056526
277218764
277337857
277465995
277708691
277937454
278087625
278293806
278399510
278640441
279024233
279128088
279287761
279625302
279647550
280269553
280388750
280518110
280584534
280606166
281401322
281573606
714617652
281661022
281894962
282178469
282843707
282951372
283255760
283816820
284263631
284701092
285088218
286216328
286487127
286667655
287294381
402014880
287440736
287967873
377983512
288530254
288832724
289140770
289788844
290118575
290421297
290740429
290852642
290979766
291154005
291342830
291736249
292096163
292300467
681553946
292850221
292856481
293457751
293506184
293553058
293608429
293800994
294436921
294575216
294799033
294836166
775327797
675983015
295153234
295622791
296013215
296476896
296583223
297505295
297569450
297690359
297710809
314229854
460844043
298059479
298706729
298798505
298880436
299039760
299343038
299489262
299785505
898862535
299855230
299887399
299984186
300291357
300474702
300768351
300971895
301295439
301512489
301623660
301729465
301845278
302269579
302296337
303017322
303116716
303128252
303144269
303190229
303260310
303315827
304967907
305520404
305889579
306210894
306420921
306522713
306738631
566390395
307322053
432474966
307739907
307760198
307888809
308120710
308311136
308632341
308771290
309108149
309754585
310161294
310184999
310264181
310445023
310622070
310694594
311182433
311224020
311323381
311362723
311498520
311532891
618852749
311542447
311651719
311776470
311781411
312097674
312393638
313609784
313627433
313711810
313728209
399134159
313873093
313893646
314006423
314166723
314306246
314638676
652342395
314680672
314959966
530513105
315549024
316056138
316270550
316330066
316412446
316633291
316671616
316956100
849753258
318019437
318107884
318275015
318882208
319357973
319618399
320201529
320315774
466760885
979048071
320422714
320488810
320827265
321101686
321295001
321602665
321875362
322182768
830473012
322670719
901131799
322803846
322861265
324248020
324414093
324509135
325463161
325792198
326079087
326527714
964566180
326616410
326643549
386785207
327547536
327562699
327579632
327598962
328064887
328070952
328177800
328219206
328536396
328555457
328570140
