5000
440497229
877133043
66580954
830877044
624099586
715505234
55718400
983209440
172915338
86750102
436244431
548027551
367456956
11712946
526053535
917185072
683905470
357737307
802357345
77609895
78854830
936680741
111319652
21424832
933955198
775313232
971193152
200170450
267637542
184655933
455249645
697907222
922159668
356937359
383133520
545551486
79851301
434710496
386811088
100415428
508191919
813501933
643816261
867437154
824801382
22971711
640881529
360086347
381609514
457010799
286151763
458224291
245979010
388407377
323274287
27774583
170961962
153982164
226193401
437566344
333656256
522305928
136440654
114536105
871710638
361925927
652211498
797543294
784648038
885855804
892061059
295420516
555996461
539493412
19228069
246603474
557559281
657269622
597907036
790664194
956098691
873768888
101935882
59539157
128197388
426777901
83673843
290503601
564679491
153384658
565699350
898904038
667487459
547959783
9141773
544904103
910565261
518845052
205780716
698686929
266463958
102583220
841372533
820706701
491509146
855459719
68511034
57683081
373556844
513928652
694472220
185662332
252671440
787518098
244385120
365027332
213150857
316019242
649925551
772944154
465520106
82631633
531039150
136335302
623573284
391366791
527523487
535450719
755166471
727413170
92009999
20904748
673421972
928372648
838854651
168819816
637401978
751984472
74253641
860328222
268413622
757584139
59545581
513344322
408388007
291498010
870378609
609995542
459898842
383461616
247423319
912341600
460607203
621174680
885126607
86467876
9928449
274807981
467935639
620566621
846145293
404260912
636111570
525755598
182050499
332549795
539982039
820062292
93791236
602281136
539293001
208899690
224600185
589494327
564347541
622416242
733277142
298811993
93621854
184594747
676888339
179383141
946805744
982459115
794696455
691428297
914206217
657777595
956316755
237089397
283973191
661474897
627933223
767575522
48337319
806381461
108712787
575633421
487695718
49757080
45979379
26942936
103090007
261096057
470176383
662712318
732029867
202245180
956181262
812394454
242307914
493654090
990071218
184340636
329931883
637866381
867548127
252573286
304563043
689695226
480495671
440237168
208414919
112740639
208592985
251251792
766385271
163135551
820686337
259141743
60333833
853058392
137071585
2465259
120412758
594799450
666266978
694882078
792603053
485399528
362183265
33954486
823603415
211124756
72818810
160195013
844949478
786988696
256671339
270599
329539470
731171199
440651000
535222783
689165174
633031994
772338753
311597134
645737542
594242590
560076294
698812914
310218146
691350994
702303226
278467550
145530496
227562813
965375391
935283307
550746317
330871926
815540248
377669797
537485410
736376020
384255926
243638397
525281329
633581809
243853255
848514299
223103561
668458246
246498498
903585855
161972919
13343600
74930031
800255890
466922164
627284064
355944693
766617926
175328232
66582150
52564789
317492867
138540677
12461578
107121513
686923437
198404002
768209937
912842721
582792715
508320642
299412617
819617113
872916064
933651458
65436002
582956231
4917308
727177004
823198939
906246654
874734352
834101077
971060896
541267583
155656056
460099451
894845679
919514556
485207171
805194012
958150126
789614424
942145659
827706827
744615095
482652426
869900185
519342861
252063387
466868304
867527967
541362033
141060041
751062526
327189365
193946674
192390635
329808697
768543557
16241123
97437681
510479259
704624404
915719080
56749308
849701829
231602963
945194492
770728901
703852516
603557615
589123524
346207987
404890316
277010132
99266337
870935069
821823
465996721
128954786
467563806
334762099
518528683
596561078
941665439
693836838
641525742
137940079
28161407
421586496
151947934
962682041
919602074
700710021
875197271
818349044
552478773
113179113
616288414
184053642
660920024
232744640
624567807
10360300
624716533
891644378
108033239
355367623
892146567
424255661
328132488
217987350
748652654
695265618
659534773
541782577
393854748
307101534
672306222
271643509
567060388
671117287
95021490
341229808
234520139
967372337
168668377
779321643
930539773
778730373
814263755
452924038
852903564
445778142
460986873
335082777
189134184
416022067
689718555
936249899
825054795
863803329
152775067
435747395
563868356
659493634
968908164
803646050
961006167
503833063
84132453
390540561
27486846
17562589
733947092
255348976
981746610
891542993
875411660
765681909
533156579
698704021
74562557
247558334
991465345
523136106
570318726
38142707
781208143
121843266
963565665
466635809
981298089
963313758
883071630
408475060
627613310
716699303
219359632
453835804
75663291
145137144
832078645
98007607
160560680
426986655
195872189
992382104
171423508
86975853
612425767
695516465
627999211
679625124
935089575
479765642
62430511
362600157
510249458
834383823
484347157
479302568
299614455
467954448
297582543
50321758
860854043
920915735
608875781
930981991
228561495
675674372
78975752
907242021
620786008
86871795
327947624
666719609
79171866
497607381
595830512
538512017
52479336
88632685
223526554
830328008
552227816
276139008
194396006
69979596
113445991
670341503
390535751
264844091
984225925
684701130
158883560
708008000
464400688
760686170
633883250
678940868
294148860
555767370
446424554
911662939
493114060
765800121
438082630
422299317
121718066
31662064
950584489
11486004
114288825
23874880
839864151
660933402
295581306
43720365
573908096
256543903
555130405
960629829
363776019
403044936
645213701
518538962
110275366
111482457
281439880
592179333
633768924
565435060
7153513
86468500
332633201
500289450
697996651
761730927
912054188
666353608
642042256
857505665
675970587
748789081
875832204
521880902
269904216
34295289
412182587
840127919
140011323
815794818
657948792
501695235
222905290
163892545
13513021
176820296
123479328
146954669
764995525
752413417
713369849
771859202
685704741
893114948
277240367
241725402
513668148
43934694
898480549
160323752
896536719
437531943
755742478
632632370
947779680
26935096
520690769
213733226
719266598
651019081
31111146
238276869
154840613
102910535
393583396
18377449
275491885
510609898
163371540
46407188
119622823
865087296
664049310
793664145
617915610
936819795
874445414
138020071
968055715
631409238
143919041
723655877
73667486
893063900
219305958
861259737
769217609
732414002
84461227
341902782
242898591
952109568
569952039
386836256
903351262
960091354
406514286
30981621
474323990
557981440
73639678
581410318
288622782
579742341
239967666
902466311
370960482
120955391
878615015
196318067
600400975
30408584
917343120
667886961
920506033
978939563
389157874
545974002
561852094
319348365
883386136
795059316
130753700
469625810
46071009
31993877
286721260
445154801
62569800
751031856
848318229
969030729
190813047
142457626
551854013
279078799
885912098
925635768
250711215
629303712
128368419
843982635
657162030
883882529
364298582
441385073
726320912
750211294
978935947
292427752
76423372
724871032
96091688
192453848
51977347
134324204
79354133
324730051
425163589
134728664
85617362
130432855
104981303
124483043
117941021
508893487
395813778
6318019
287737891
630408730
492735681
262357776
331398865
2381086
999745552
696447003
443140065
725883794
456441903
273721323
861421790
368792234
992602584
803568281
555471559
44475501
782972322
628037161
219743640
64180539
609424795
145998262
180510749
556397870
265685440
292647023
74408251
509158297
152784617
206175365
145187980
634824079
313413042
324726518
636753548
313385239
22579111
83182699
878966352
320972553
200228112
754218200
689796711
51987065
423355028
107750731
931399530
206417356
734954326
148385295
263285019
197829932
289878392
443064688
754276215
402540842
725064186
671872872
902955121
867158735
868706851
893254584
362242912
46747979
227647646
1978710
347296281
100331874
928625595
96534111
422741017
132877262
842285518
109810804
21889908
118871398
211391060
949014174
318329069
789104654
945839292
432043951
984794076
92166643
853015584
743649638
486854891
443937185
274768925
388772744
166145713
151093958
141885476
524186873
44610972
355914082
377156866
385149656
459414002
307080090
477459941
858725242
285796302
173684939
820359677
160174895
286442658
31466643
111068246
456324396
670476667
902715943
865915472
657753102
986561595
579941517
261038417
475182558
20286208
526543775
712538921
35940958
524924391
844992404
410338662
555124732
64980917
777826270
792938776
510740617
93313942
128651065
232713274
225412900
294052108
55433417
374288546
433287358
925746953
329825132
867540759
458194812
94968506
743748073
115535778
83833660
181911779
222577977
403690060
58520217
591953252
116331198
89512252
122760944
953216409
490306680
529423940
13880535
127401054
177520336
373728464
65922943
298537218
457406806
279854101
587889332
346196473
506365767
13289749
133479055
831335784
740448069
570563479
917495526
336666067
537991832
844713764
518559240
751783846
252414135
563919828
203889078
212574383
645373147
171997196
19410075
983144275
696307231
34898011
112101893
866567430
261463075
167818967
22918342
705480094
294340391
606973768
59859448
790509648
478031494
33999301
481324087
73651676
601709687
253633469
405589606
145684254
100760027
916298076
746218217
192924942
487110487
945662660
403516920
980770103
121192806
423604895
964756847
662025463
300760307
927371558
389470798
551195608
97762021
414420063
116994484
242425688
19815702
17611647
31266691
341667077
54286678
508245178
413176880
648236815
750173767
805692580
641427165
698381252
575573119
393159761
881998796
70438312
189844126
292048477
894363347
307001000
705861251
719327088
963473424
4990433
644553391
213149113
416014390
588542731
615115066
374512958
823380422
489906180
390207656
704821217
828032326
290041738
69084692
97796468
934304466
808639713
750996597
436765734
363939540
331593828
816607553
258414548
253067396
9025149
398792698
146859062
169128969
105962406
715864608
980983938
951606464
220398770
193769677
223179915
797054956
805114336
589230952
483643704
153020048
831125181
42760627
976237964
122562594
100989510
919889041
901906115
904914450
671523709
333501448
130395709
850562268
6238826
376343811
108985770
859191173
766767696
105384427
34070882
721337332
664653041
860367960
532462449
871098680
66562687
596882772
534689632
719975766
50050281
10303072
862026431
867512662
53196388
697116826
986816675
143442466
473534505
743832780
893693511
147573057
86846992
21252914
849166568
934700507
253157860
804686446
795438758
862646879
756922804
684882176
448745530
433208294
406157508
967840153
160740241
317106860
429385776
687908555
40264714
468595633
547070118
750343864
336794144
453071948
305161622
181161800
443168841
769012942
923002067
185570237
763762667
849503898
65266735
476977596
637408119
306809848
286059334
297522031
28820812
49898216
976212081
470985515
320087973
238385330
295056154
477575927
542081465
716154629
13101571
435182750
181466753
558661277
42189436
367836209
7672040
335467935
545262467
447383242
955778104
322900522
627260833
576188661
33449383
686289520
62270518
668980213
838327879
187688313
957938338
859345678
88870785
789717951
333658919
403356423
25448878
625508407
725633795
426976766
193889366
739700308
845774800
370869280
302255531
873050284
740963708
162530444
77518123
143561629
599512090
32635062
317394032
89642732
604162728
340226104
616453479
515713736
856930509
464622758
698835269
678206986
178466328
777180121
324895376
512932652
39380847
203976349
984278068
754504871
616792131
181797609
497048616
469746068
407148658
644857547
203142459
145801241
800929216
271397505
138657209
265124131
298161677
452286779
338870015
754195242
635085885
954927290
271663772
506627707
274408013
964160980
41016910
453319109
599483803
355882582
802423043
629412537
554954991
791300984
394652760
177542198
825095102
739858824
496612466
236337011
385050264
693030200
231066350
50987428
956094092
212952684
304630463
114357507
650338280
637588493
857309149
149154345
459901596
137921448
644434119
569410815
949918567
676430998
20763707
410888908
43207883
677891110
47310304
450694409
326519415
286783414
618336860
157548288
21406698
120536755
240634942
262259397
657850862
462941772
299491774
620669413
663086813
597427506
731058537
173338619
99629769
449539810
317677938
544151815
434772036
806518532
124242664
239034551
338885341
989123328
633635543
236028968
523401710
674049141
670463887
845285061
953520226
149485930
997494737
828010517
116652650
92733973
94020241
767009872
541393080
384577825
251110716
66299673
980415086
966151229
88371555
83906805
269749158
395973011
476827028
692450552
64529160
450244321
923227551
400052472
290757734
556292502
625198403
802813191
96106026
298295323
510889272
895607322
445974094
357333211
730868418
548385149
449816337
665881282
175940629
981029395
58432789
422889368
890632109
876073089
245143040
972017190
808875057
508123244
226039035
143596819
198098015
280007338
442074249
126911281
671478721
720583490
534861208
298826851
381901568
476896694
453496120
878747754
371215572
876289246
105550868
949555005
291971017
541400602
615847500
466144578
381384566
521919697
869164441
278747522
263013237
120573848
107719823
920611410
473158584
321362389
69058837
664893344
596353940
346026560
633977282
275500573
75811164
24180431
427368072
303461283
497991321
859385291
48743585
719610447
600897887
144477626
669868067
885791134
680786051
145374537
212529515
67564805
515198440
936255349
187204678
766415808
901607005
291127474
543288895
373405277
607944798
464142853
882788081
67208375
799790994
381680337
329660623
724553980
406556108
747713793
27606554
747126489
470563391
916123516
471239192
79637778
63875838
989884734
815363247
588517997
138116885
26808841
506259253
499063679
808008498
539834163
123740109
716061293
826926571
661181591
940354960
292074588
127636954
827977337
347448370
924009036
69995131
534235720
505981925
468160347
139158210
377764306
74557568
598468752
296529352
535730256
670418767
207015102
379670124
339077802
642879480
360755852
222870601
149684029
852058365
33539193
537793280
973403474
593319375
222380424
635556062
536026796
509028280
609584513
222361506
708193103
389250535
282775871
244763136
879314626
592688251
369846294
268751845
658977518
967179055
417928876
55920202
496995630
612007968
432815028
832400349
116211218
782288361
60134626
112940227
642563024
933598486
641533035
475510560
531862186
854353259
116289820
914354050
223825031
568988082
138879175
923708933
956121714
267025698
14111129
847150017
851209506
384841016
962064802
368964765
212122782
381248752
424322183
550934002
844536935
838544577
250624894
951217123
626587881
152011193
69588087
129179807
87564593
704892286
590905954
465596582
423468234
553952994
377462507
629364134
136853936
359400329
555085490
942884719
480206137
568230307
643664755
186230201
802975597
609481663
554118685
16187759
839740395
969325591
427709353
688957984
809598161
659773987
496627371
294569150
803424798
554117515
270062883
877962489
117964806
853149780
202753669
530221883
270574369
570425433
14094124
253431155
784096071
567783944
51142611
267309371
993695698
687109154
457086214
798652444
153659309
6443446
669495981
989293835
828305158
97522444
533541608
498314229
602130066
27908320
783341906
419446184
439797059
61392976
156390420
542602357
762198132
350410765
924430267
874591422
774806292
939521398
137696517
563856062
362360594
28867938
682410212
355976140
712441603
137553130
13051607
853115271
985932878
536129224
846231730
669859365
481599597
239354454
169973021
89993414
261645859
800113336
347090479
689660413
711478309
503946428
91049645
326850884
702978706
9153486
214983560
485730585
795268560
194376295
894726029
167261789
224621990
575088949
372275352
929704622
558634835
384964227
636879672
406826687
918580175
340474090
80085570
253736512
568666542
97280195
330929037
827304797
889372326
677540723
367733398
463541556
35269577
307282768
781378530
734410005
171125446
992439283
73238112
960984713
47186633
956883304
135748633
115665730
398246739
350705663
46331228
803380385
737449541
534063644
71961377
509519184
865936804
139872561
753532538
450900856
85837553
939677373
132772982
823904127
473204426
344093652
285598691
505193974
649569708
73472438
93199904
814332834
908362978
2778462
778361506
796807923
960302499
757873302
908969904
216410293
117234323
796052140
20161321
698387161
330884421
88788898
65292905
63850236
75976244
663103108
504796666
994399189
600600326
480760724
819705813
80909202
821252222
951356271
433276894
475083802
867449144
362773027
144741711
631175137
364279043
919019512
444592071
183965023
535419351
203154415
395722294
499605975
636960
266748044
57049598
184693991
197723894
110466958
246832883
121526983
623488854
740391391
118700345
85464090
76348811
782544985
2409684
881276784
590547657
434769413
220929841
469304137
786528148
354508950
106285861
6884481
133025191
390718378
188765444
655410028
588284806
575741288
8046870
446673308
693520618
63456702
625435151
881481565
12018463
858447075
850925513
489595282
461585105
821524085
560729804
525074790
465628102
562445253
418683347
62362644
991060504
625975296
370140634
629359168
977239483
323468730
636771176
108632060
713545899
826246418
611471470
158866486
265020789
477516162
591189727
950595890
382567124
79128165
694782602
252447244
934602913
409733088
733474319
394466748
235015668
298035362
912611841
687730802
853278883
181237991
590188239
704722567
654329339
957284308
190269824
490654116
289671316
681033719
447168287
847296082
359340360
64684770
2270358
616774383
383509499
456091828
432809093
760948847
520212626
967567599
8358019
308165218
377647365
741232182
695751809
461504182
876618856
467083988
145809757
596133429
495022803
586125327
159113826
154252656
546859441
340831355
633629678
687262268
24824862
87454691
536216826
243138351
984453823
393645480
850123753
228484605
689919026
137752356
980929000
69151433
107795359
990899175
365175524
330815947
581203881
72336636
782667485
321292940
377682646
776764870
918921294
864707748
225422447
79945584
866633032
765544390
271384644
359585715
309970444
146414807
294771971
841158207
380123009
138138983
93895154
93547138
354693121
773073178
222016204
336673918
834078655
174803784
182880091
63087355
355205587
613916574
123519715
144947871
938843653
345595867
769205895
850395744
77792296
991327493
778706058
942105295
610377126
57109926
160095214
918932041
191582068
453614320
613329006
565418164
574096756
550775996
651303365
930428934
183697337
722345706
125216254
20100269
885752309
301317336
80653573
105594732
913666155
51598154
97959975
706828379
249189337
857942288
421771530
167475770
709262015
196027737
109180839
175624183
101104967
115874042
944223478
289252834
553336366
417764608
707731770
138975240
960776900
219493174
71636080
152386556
934150414
42677489
18896058
678014566
333004799
942537560
774521650
107086472
833827880
862646837
801092366
85394207
581461781
79715011
98746171
149788805
270471945
56907527
319654094
360282214
161450983
119746866
502410036
713885177
526771675
210276391
842957272
492277585
424906033
756780603
491869624
208661749
790314670
509066544
873773747
977353741
302977568
658212938
87501994
140548632
382984972
739359284
73202853
960876788
804844746
161074260
116248800
927230754
209257143
283455786
145662864
359458530
395739125
636999895
80866029
916817599
844142331
766394667
265528621
120687131
383103146
746926468
319864703
30681066
114225198
60951044
5523466
412327412
714498975
935111111
541431028
99860053
526669304
465433166
910695131
186363997
613457504
22889672
119694823
670601607
156499262
113112210
40106696
542363567
746306607
953490044
465938340
451429568
575903400
721740011
555240988
808787633
323660133
732370271
837278795
439370715
779754489
695201102
835915127
345937809
487458100
240950284
295420426
856293037
692927120
208000696
56251106
166785021
84583656
13490120
831924470
235378039
127991115
718564499
768593314
719726215
530817486
93385789
169017190
114083760
656769732
572606939
769901690
980080513
307358308
468396560
421236247
94921732
12403877
110265076
290332611
498834435
338252489
574781411
215263629
36043986
777376592
115902184
193819001
711159513
130516656
29257247
936969627
101225012
594007619
555707916
666822317
132400605
500899400
831156389
91859897
161377578
265402738
850490050
144399170
562276298
176020442
409722088
508165418
186277109
512857512
787044457
683206031
845099785
225791504
884787440
732939214
876022
2233342
920794023
560697179
973854177
795589932
352470560
923274145
254043848
911353719
449818306
375229451
266343433
136341002
314207776
426483541
388998377
22562396
414427420
949818915
195611059
666175319
310853437
381599880
32423055
948049091
69839986
868349647
174445615
801013954
464369256
26204195
657202394
240114035
583935806
490990059
42343687
938238278
267344172
140520629
700373124
709576294
511895667
956824489
833752163
817858826
239817666
83416719
837505496
495719202
30722064
42278696
164503520
188362298
268216282
188194214
142608665
181680208
913192723
164988739
980932950
373006402
44392582
498536512
602246391
622538548
834330754
493140169
417063112
106641339
626567707
958962283
659459761
985316692
774884452
348345935
657859873
11017812
432521876
353541893
355844531
306030467
245748931
519292514
341195987
507756277
554167206
332865218
682775426
473975621
494975224
520630007
693848269
531522138
14957415
158597474
3017267
704340587
641611529
269114431
653893906
128870982
236912565
172793468
115489371
8452896
519882206
621991583
865542486
791025546
969881935
88683194
104040965
215704455
593908639
295703798
714902473
5729252
626378643
253115175
479396864
123965914
762210155
24104341
504405527
628072187
176927343
355303615
334478056
815450930
618311647
988406495
788546732
846234871
11957646
750421027
711206125
533423787
374587612
440941022
178476807
202536755
516119376
135014330
413650369
956624508
427122275
970945457
961190385
54300759
226870002
296103860
18155366
981164366
319195952
367342540
471320361
492067261
722085234
798906885
163680455
340313063
644482579
948203149
52225804
655191100
703305909
601536375
48514544
929337149
46123949
221954108
135755598
407501837
340647613
389889077
223346572
759827622
362287650
184633202
656006979
442357102
481354421
671539995
277600299
789843008
50007459
742029200
140130963
613406920
400466803
296535915
953169100
52304241
252276120
848244586
550633474
795187694
462782024
451047504
730717915
345526073
658433266
709247505
599525272
850137084
101355233
816387774
471167155
312420818
4255516
135181536
743698990
332592668
650781324
19585773
976402546
545828144
755915600
119300138
167347526
8861332
411780102
967795565
58946573
508093567
822707795
462393600
305348441
138572253
897866348
873950264
330282338
418071658
589023651
932262725
125968781
538818535
749475469
586865107
845794850
602441992
715259038
590245502
788812464
225141927
467026908
766084534
763298710
81627105
735238472
927838803
89439423
145106488
749841712
138288459
498352368
434966491
445217619
794342195
555289972
193616118
535171017
882224249
463491133
129926782
672468342
572695566
515048167
282692557
168054312
358975655
875651958
732149750
800908322
530014408
946860897
270960824
153941692
715214914
338496907
874431963
496199435
428723488
868692755
104107462
410302726
369635177
527454256
697554287
21578515
93027278
881106101
550603874
826769890
201946620
529130961
355556138
771760369
47750684
628167827
939197455
255612452
368853640
521235035
64889947
894143231
470169017
178058934
55741726
40783813
368319805
929689807
380420792
786939322
654147570
480929516
56128348
30337402
2456954
743659727
895981541
940378916
489440218
305620532
616832506
685798768
828468260
970374030
313417211
722340571
602322764
106299030
824761622
972427028
617732369
736554524
724754357
94592307
908796078
767215037
967789597
137957641
549880030
349469952
919748059
67777764
826329721
817630654
94291573
682629368
423438530
834934202
621335373
899772730
144948678
99006839
444812688
821664638
74172126
746724079
400002420
525662643
845794168
229064587
352145850
320361485
953292903
84046546
264618851
719939929
698389624
236462504
848109917
108081924
439586702
624151581
167590191
117368011
298220954
107087671
789701186
713870129
939048884
269264732
469665405
86306844
356196181
901632370
749903910
431045774
507177213
153478786
945713753
207685560
230630346
154830162
523411292
38747937
233707878
776218304
750147376
924209630
855989130
461601135
30879921
295759271
932050874
50383692
409175510
235531722
146750669
58045914
941516674
88607996
319057653
264346248
9995073
671235618
13063685
760544927
101708384
518281426
760874918
890510457
566982077
981107695
54826884
98222635
19487570
130518636
724122736
622671695
898463576
444790340
85534727
776269005
732519253
856059462
819871154
984023886
96560583
958512267
44751608
873688595
54109209
352559718
144272674
904362217
27190209
5086719
521969671
968560477
521147300
286368629
719685873
96401487
125710123
615412203
39812247
141614997
590435379
606717291
755038084
494819581
54678431
688628618
132625174
627226253
405312294
945278056
470010902
340675345
907856314
508135216
84665110
802241736
708534495
75620357
562041958
581403258
79060191
91072844
413061557
588809949
225044609
136171147
533647492
338014601
595200922
422967197
478598788
51561287
868778874
90515894
535746692
770202980
623656049
657429496
257334073
27644591
464337292
719784599
365715781
225701519
84091727
446701941
29419956
781105934
512468564
448691371
366267980
576087097
528225708
772163469
23811378
744871047
753034673
409543779
90353892
209337145
817263277
415746279
252933511
546011220
345548223
629192129
320592947
965734061
150436806
568795919
992684832
599777564
151286045
220800460
821424148
228286531
511044875
698956110
5073408
18851880
146853296
230385959
456913430
524258706
994637985
323633900
127833555
600975880
730346807
64438179
659255185
403713327
469640955
904564691
945694910
807784597
395651947
126772136
629865080
537344858
692210469
485825559
143804768
835710405
692606024
956009750
66572013
61137695
515605861
913347602
78091569
653146261
142573177
370027732
34780974
983783191
692950371
154385784
448840483
277879116
210532235
109693472
670862347
670184861
856850917
616475659
335187563
260590181
740217950
964459736
787085742
287685322
305158809
778488410
970110384
992868347
591638666
875433518
55776608
112484262
795111676
963965876
612938424
785138842
192131331
643744937
772359281
738950376
790684252
79229084
9625496
997708053
177472011
681981438
524424331
45986842
157674557
851214087
148386102
742613395
676940267
783312231
29190485
978329971
564137296
847673226
824830048
13463471
737702142
725462402
125534280
388441557
544772132
734548206
33253171
588492146
236986141
799575103
325613522
25950387
868311500
186277638
24458545
900662289
860972065
401103864
789064293
865802363
113686964
934546250
612348428
782578594
569345964
493594632
616425354
145582596
196893209
298360762
6897991
930726997
868047662
133735426
173705420
277244995
713017989
201556877
854755824
942076075
849728203
45301867
958435839
577484781
230578859
837137242
487008509
97046441
96441993
135593960
810291742
200015582
70485491
284327200
979126748
491264809
768718867
459931681
485902773
961350158
599519276
490748709
747725297
480080841
610554007
769158168
745664943
178087184
967138473
465404692
123000882
675585209
498811132
933446209
264176906
719463141
623720767
590517743
659458782
714550621
719719757
478055138
906270610
630099243
752489750
743412605
129631891
379890500
56999907
600735596
200495652
647565689
97436292
795204950
131842593
553443133
568403735
724297547
733226524
398257590
43361135
699444265
79121533
534334087
628852884
183044842
254642903
115807291
770376411
908297182
820636125
345417808
244003677
732494915
978229792
840239644
325846956
107226524
81182237
373951448
554551718
274485426
23968995
502703834
77903344
996484637
905238436
495645316
569660761
492577343
741304056
607897932
192310442
661540037
145141630
674251519
841298769
250873317
782091391
471794124
5970384
603695544
813571573
249593704
190425142
645023306
90428672
517804366
598165424
9311485
878115296
9422606
283165677
760540748
511411166
204981123
756913507
271252917
544773717
187102524
754636033
289731983
792649246
946811641
947080655
934963999
480542217
644201301
34438679
266559982
961331700
43052358
721120236
630254439
279585001
907921815
285011436
219472718
281389479
873543132
227595069
18239737
881337497
353263333
773922388
254835003
549733561
391925814
519458431
103085784
572035884
135537738
242609197
231130844
82960741
44056587
11551594
407473575
534896926
49668599
663433725
502227573
83928505
245810803
139025484
351886572
152943534
269233190
423337112
280675438
997321336
631567847
151050342
741370248
984685239
920130201
988404850
395243018
168895014
358551423
339161233
590154143
489333075
434998414
813773406
417523330
468158764
826039444
812966703
994030990
861853217
331502296
346160149
942984823
566030665
332288430
152299235
565718072
458840150
558202057
697747240
456875383
58321376
839948875
50178345
45790009
615471362
37128037
285505249
778057740
251609884
478152148
233359183
577093530
900741414
48936488
991905411
223923162
861112253
658122873
74775678
586270190
842095389
419538733
533157202
268423467
596228996
673939088
832023782
57154421
96812109
385123016
348743996
144230011
234872702
394861690
32669528
841282861
279287752
311241215
481279025
519757517
780786340
702400455
105097295
538219158
593228196
943771288
753062359
318759729
462444723
819216167
899642568
158391007
94871100
287442670
426343691
685996606
954786917
110182854
734389709
56243455
491451998
89101064
46793934
716332720
325260549
74891590
417139490
597123516
376039305
741347628
123309825
10128928
298140588
75991288
545701047
881701871
858214158
159667616
209653927
175235323
971882346
111514378
324487153
69349213
248606240
742122952
743885484
59526957
844670736
328919626
104161822
187376485
266900874
141895234
900373402
586628373
63492780
169222383
47129925
437111349
903889099
8241431
294881049
59910165
83272692
836273536
942558049
788098362
991602594
151387211
813849332
816779092
108755266
144530073
873009763
199095416
734509012
483017423
253358196
438292518
658043801
201089552
616177104
920692006
187374197
372931349
362524119
249886363
390745877
405288594
670296942
152307174
412629741
957593901
201644091
335696490
651325355
144803093
978163316
501957205
143303880
791496198
174672404
99859861
782979041
59502913
292073878
372901366
383110881
536280583
652767187
49619886
735265730
134209345
814961704
918942415
499934696
35719090
14079622
877083754
288497518
686939792
38612906
691650761
505662146
90073170
871876662
6907435
228913343
853213633
356049213
219654031
509085846
530310295
307481626
149783695
439484149
454367057
368455878
808310762
980231764
26824193
707435458
565629453
153757324
374989013
340266666
501727191
262704479
355761354
244476589
540049705
885279300
128774562
91587227
252314848
209370250
959255258
255498258
433965748
674033912
606766669
634962042
42707988
141379511
793256482
180699008
427391520
251262078
545227536
92384068
86618450
429307324
787120540
501954940
568144949
18663639
837395697
78600128
278389242
56154394
163357559
810117776
939925582
284599237
894516282
44384433
487700330
715678525
290573070
908683790
392456910
745679572
405938050
431803152
737825259
57964114
460028940
160954897
294757591
430132
248517845
228711032
279484500
874556377
720560051
844745972
896595558
418013666
765971381
28312115
465214690
927819221
690290125
255299877
68720425
445816339
290323032
544129982
159637876
432836563
310257732
399288208
174912264
711041260
816206546
904630465
755830812
133273357
913299102
901472759
134015324
7981904
132028866
258787249
882508551
842739275
106057048
638594014
115507749
720661311
666315648
565394050
505978824
214540205
670022078
557758140
647560437
952337518
111564846
798355337
240418574
269620274
59332281
408550476
971571804
862944244
168548268
582866652
993053405
86756896
338591830
969558969
93397480
468531930
86868883
827250361
166565107
34573289
471509252
275229010
748548318
985424712
690810058
109549298
200241475
361185235
519459971
844324293
174519508
480030394
505941258
408430473
741542206
548962491
658480054
565016009
277603599
822785522
6637381
127582849
752471614
344670209
945054743
690817660
805524342
24691563
370588677
822442173
60423104
837645750
99752612
653728542
680143720
631645878
756163408
869550098
994656150
136706094
570384705
22163429
600783475
927036754
279819700
342588431
330019461
935463421
912324007
600754780
610162209
915729385
571870314
224301765
120643141
522982894
907197267
923253416
399141192
138857815
597699770
456241635
968774393
543048290
108964400
508849930
182765879
716079615
242118927
34987462
841021310
804188000
58519484
301097468
588217919
181371851
641296036
917690128
120822769
411971474
375257328
727764422
177764627
947916231
943918455
292696096
322334262
706978898
75066398
717761237
835658285
664667148
20097275
659943013
71172800
128267307
21268385
251350082
689285716
260474496
133632982
384013467
70755644
32885310
683139644
507512400
211746737
178701680
428269820
321054869
443520523
791503689
898444715
609704302
595043964
696999892
752680477
918103779
260879389
818423149
631420342
99033147
338265003
651213938
603932381
405191604
626575724
626841869
498377136
171341955
871809072
621913264
406136988
790813481
647457291
90348601
153808095
850361936
119235813
566552858
33723719
546776945
222907091
929762509
11984237
811722727
625908666
763360956
582027365
872427049
445029436
81272882
824482214
627909953
726573983
288564582
34158273
210114230
761327684
379780643
230694944
497746988
995988376
625373507
145758691
645209101
556202706
293537494
355563550
671234539
854930096
384096127
82362992
929892108
317023516
93609426
593739181
787337567
704852048
182409645
524945816
993390751
259108243
204272130
625069713
831146890
487477732
509890003
44532602
105753083
875385720
117631675
592462785
736652811
738660393
738300642
242280822
298308400
30529331
588515897
820266257
740657955
968376866
888770032
667965996
142410807
831544205
123357796
926759692
390285172
298628964
458097958
243083740
406888932
649172183
854363894
241015671
982655526
225235976
129952518
93545016
951608337
240976471
678649467
689975712
965671110
271510402
923289504
124205440
295966861
364649719
941571581
38561907
336881854
687839186
550764329
477792936
371512897
669133855
257907014
610183326
815984638
703086104
846008973
228463102
210124389
555567238
310032639
52490702
775129226
436756757
136441519
586309590
518549895
658048333
136963432
337492801
926367510
62425565
462680912
80919179
276919412
253682062
110905719
604242254
783780908
513302401
933796242
11737306
39037054
187575614
623637144
847544591
742443176
474918409
924399333
945341417
36262599
239575717
988242480
660618951
516641994
966472919
107742653
33746729
627925970
238581294
366787247
414743964
142008074
673379773
486612170
412607136
922579296
445126972
16789651
561726560
947649112
796727488
569773576
831939461
986138119
200990407
538487048
579791617
523162433
466341448
383405204
409579746
544916932
231392847
75476023
67430607
194696928
23108257
96412106
674125482
256246417
310091302
93392874
389848546
979397581
564011179
792739485
755416124
6759826
661303420
175991442
802796971
469178622
746727548
496423635
307328473
945180109
36188819
878496577
320301567
344156151
128390966
723701940
884259679
344063263
640363830
948879006
539148759
661839050
884284471
75025440
913353952
59859179
156160381
306281810
877257704
567004520
105161448
499535913
435678197
612571556
669756628
96085184
86990289
426261028
579071226
242922641
221386228
610877518
972509245
535590628
953905227
102463689
115245457
701880702
446085981
749695171
508520795
830240842
422652584
253753373
894307308
184370807
303895043
57204055
489137047
47733825
474092534
443989388
536188688
896799563
58498412
210947982
985400996
978541497
480151380
566114668
77788820
690708904
43141148
53674770
85114116
844217767
991585952
185027437
545722375
289812773
936396351
59600950
122315143
208407277
159072153
13656110
386083869
459947754
912992295
722811420
494526936
245032728
11334881
32000416
142317731
69480886
94329747
132288410
888331960
558630899
545074067
813960438
110104994
441134051
713731893
41435282
282826321
704857226
224376962
676032217
987171734
7025927
578124979
953753213
70838023
736470558
823244933
455134101
48479204
589059219
23226029
534468184
826690509
40304315
417385898
958477283
100511102
349390288
942031431
838378226
910981365
338441201
511771457
862228919
769110769
225710584
899162335
901842795
773556066
124780401
576642051
616407032
976718708
15594722
572294890
48719217
746919820
255754106
338404669
783607246
839190341
359375313
174946495
668132845
396319714
580803299
488396811
338446869
933055750
281664754
38465716
696923293
471594889
540118184
424377437
100784839
757618225
319739410
994402341
391275437
291716325
437347826
7267441
125488233
450584368
442824074
162166657
193485079
687822154
500851158
977864301
530748430
852608469
4909447
57537202
109526908
583517182
387995027
447123345
370182741
662739991
479244980
918921712
139531030
16319074
336379396
88266291
627086474
509636209
85180994
18413931
792104867
509980883
26172577
912922216
948512990
314296545
924962974
992899227
995661936
279150497
825085463
380044330
138987467
827830058
434921169
96056304
270668725
812223891
533567435
634402969
330788213
5548194
415699954
319488211
20455354
744401897
399910068
502056783
109778888
326391783
518317887
896080717
831341417
394901867
663655265
630933626
702150343
446691711
486205240
550323866
716776575
310499781
930381967
702216477
142456387
214654168
787079120
262159155
26631069
320547865
885941671
211398419
179013831
160909254
376618145
57225963
898544959
768765374
545855356
5407858
103383163
70516453
753275114
779652290
307896855
277299241
271761190
854090123
715938993
748352438
417198382
288069618
909443640
194386514
981071173
897332121
407126289
771880319
160971386
283232327
946062445
900486799
488744660
130764728
65057979
855363458
175132825
805347272
488121697
718710265
665091775
441746290
628247564
278412516
76964641
787932267
544583718
190672821
649242463
117774057
941407968
912380199
398929634
703021758
112376090
239790126
600076816
511786752
7126080
609490136
783577676
801952938
514155492
132501279
929801417
428908908
835562529
950741481
237297050
177050303
526407363
892573581
606959863
10658907
23842083
532178690
795562665
563982656
718306831
305457118
534088966
513039453
221942082
925339022
219656764
176876140
10546497
666746479
685309214
18959658
281489460
323325063
673158552
639568014
303091103
462955925
72611397
142542358
416847186
152655280
315632823
934318443
52414572
768838700
944614245
73190548
304429457
596152334
487385983
20420818
898858348
16079171
382648195
122026600
789252673
590615266
146082123
797091767
119534162
824647087
670158263
393694526
64411
201723600
39814462
303426906
652026629
947134802
292160841
73559826
101147081
598378182
848302995
989586036
233127679
648294323
906105575
527204204
106090323
251805174
399989564
998928812
116624482
773777621
963976556
901463681
229745640
116597483
554674335
335220418
784140699
88385442
574725459
784204382
282614094
467156316
941838093
933575916
417024056
236472309
847407846
357028919
683481419
552304410
348052141
905471285
65273054
114972418
288804634
161207575
354397665
680876018
9103098
467726067
313433814
975250065
223332755
386669939
94912633
770898310
720033827
730275791
708179428
154767029
367515176
980986853
610509599
310522043
766925241
24859392
393149861
476351901
241118930
79697324
871977139
580686844
977697392
937806682
691035525
121558801
945265191
53143149
794336961
951108709
357725989
955639346
930618208
572948525
343368063
864197966
207825102
916213793
457703369
907346757
75432004
815401977
745444015
679605565
132872631
367871560
552125483
366868106
839070525
784728205
445047809
568998700
232321628
274691837
363742009
763465766
386409743
311134323
661984936
42812328
120926999
24445369
992327906
54936060
596676100
191156872
764026511
795772720
113036432
78583275
560675454
29843652
877869318
311012102
555119850
858285275
674304901
119100027
238871136
368923160
752096747
524296097
943161692
828188531
789670243
161998113
595323361
34171856
469940066
119649112
72798579
577497095
141192072
907596366
484872429
585773550
949384798
105640781
247959896
907970315
171544475
797225139
935329407
63781089
116498788
345453615
768629206
636526480
313499496
3195681
856713762
73100928
377930403
654912852
745644254
23986263
812595667
198425227
59706978
139519323
311793221
963519606
715689358
452051309
732119732
55144593
36531070
679750174
150300402
130785046
447468413
170386329
926237598
238637827
82347404
879511243
573286745
844040011
381756538
878024403
698689443
249699003
799454687
85352768
895222955
547969093
105131730
562438529
745119244
3332882
697935937
62673721
966432020
267349816
354294325
550412489
312061783
243150201
91080846
309920333
358928106
527842072
325684894
143338189
754687584
401394168
30440814
334319391
101068298
411535939
82889346
645129272
504799717
869559598
572663962
255266895
283576178
529187590
812632915
28677034
533221415
515396340
932202589
354050315
773556720
142199483
902106548
940312848
233203604
985627708
104696162
581599374
366999336
430562090
722531281
132782288
818593927
599226093
315791997
765034848
6956742
385857928
422885980
357212184
266585658
989617136
607698192
540335319
370116679
431231773
426619133
897222047
784269715
207306233
110046350
425798556
192417119
855130213
355844234
423886614
700348279
460040090
707123
76911214
870406437
570582354
54885986
548834760
33330167
355771659
175041263
43194980
741706118
584488166
252815114
4098789
436053471
850073734
399885339
795251871
137424457
665766490
549740846
917356546
862368367
511699728
335515026
66792173
368557265
542813890
327926482
78308096
997369043
183493389
987386074
731369847
754294605
42847325
138555756
781927822
394817018
305477492
670403814
138535178
742343344
916552443
983868117
25324249
624547638
242710026
822081328
752818531
899512418
234880831
670762935
623369500
736944625
854886359
535542351
952187803
408668563
855795420
870209213
261694190
50358067
860387511
835333430
649648966
751901157
964748407
291026972
149368025
132360238
806856524
136457897
859989315
577383588
963357456
880052677
210138421
63339287
561884662
954948098
803651548
642811772
487341346
286793272
237045520
198324825
814184495
186380923
598153809
532998418
72548669
710026372
431195683
780317806
544296389
926292216
389670587
365005236
74373099
385433547
341045977
869145937
364556052
69409930
464176418
185053303
947942643
518161724
248365869
365254255
326574376
57311031
9694150
805826286
184525673
99054956
6729814
997227899
282664341
464617144
381647493
195708475
20434224
653713172
827395402
561840738
577828358
222245212
779875462
645117753
599480090
132431459
377570009
961111524
185967108
831621852
4964687
985596787
205815973
251786988
211706172
527846892
149254941
77779939
190175915
326901551
166485042
56226371
180185673
444851189
508862913
416673337
488731031
525291815
73984950
318276365
940816708
504008193
383846536
721123140
152088776
980551510
698215854
375545173
796083732
875383329
68467233
799936893
724643386
266004747
898321502
930590550
783879746
53811713
997459211
976057909
230894041
164029781
26320900
260255999
459868815
382848564
661898128
935002242
903345860
731539982
107480133
695988212
88826781
487171276
274697917
87819824
320055488
963984830
459996391
125563214
704962042
515755202
773426273
435103272
770673321
531802264
219225109
558154039
433265420
215713569
393630185
647144792
228852471
421043626
900346007
671051263
790870407
425750486
604988830
549654373
152275141
710877950
106170174
87996026
54148360
368895114
162091153
363658482
337325437
609520969
334475888
50163432
131252941
116369525
323089249
894842853
493192988
535703548
315018850
915030672
593907391
700449674
423954021
815791912
961562105
174188467
493038705
611532458
586507125
948883963
19444665
583753031
513902489
122647236
663445385
554174106
489574386
822263075
918212570
822529062
441287150
256818450
717326894
416459853
221858539
885501858
165237346
708016741
282500338
474951908
479711562
868165168
28761033
883342861
691865049
991458429
69348104
43658684
464598238
646159438
983074568
479960741
94348210
349702533
590114476
748696455
905492047
86246492
568875342
824730011
750925333
853539067
930590305
322397788
274073185
151985525
221066650
436039361
705583299
494630751
751014820
38205151
224702946
774558970
921600006
910127289
623556953
980801914
794988787
88221473
487393661
633716571
412251441
566118961
984616911
996852850
175658035
886028830
83798819
745349878
568642519
680675127
464348570
355602133
3770626
729044784
354847051
78528178
9065359
66275400
558272648
760535583
96868796
776551082
395043237
858670419
541458639
859571747
700117220
195845993
794883885
45114754
829228834
210471835
602959595
815721662
64449400
776136765
561902800
137841987
379218817
986162444
662131207
832144927
341120777
666455029
422097217
694908338
738627825
279385145
602395528
154340507
44665258
546602623
780010014
284582893
267571048
179388662
151451521
960942360
371109414
793435411
2453316
206320789
1712248
465790897
866290962
65118396
99096248
291700104
48925520
472357036
280976713
554740083
161894520
475710329
84523029
432504845
21500156
807381969
698434876
626354321
810528059
587412319
30309554
593251525
861525174
293944999
769512697
858893614
114860055
149238351
516961043
116659076
201519884
366825416
567725941
78542417
280732735
661849194
216227985
172285002
981627647
490423549
726395741
146576537
954175323
796662767
426936678
977224599
469614207
123678332
462766962
283381076
706324554
335014863
727928986
433152193
625391852
353020779
146127477
735139443
347181090
654244417
696717341
544790707
25194176
127620129
470211249
157140660
781144005
676338945
320780504
622053006
19184807
55822757
615108751
826620733
846121828
43620990
655214112
170042301
6616876
119807841
450594869
712426864
304139749
24749656
985270297
925448346
375615012
137206932
513646090
722434927
635356337
67856399
127949321
517657292
181958698
587449646
665104936
957856696
123649308
983707960
444618769
139615843
876107741
61469345
811356773
584427159
95127928
474084373
749767024
100011315
444670937
57097321
653743956
739678976
78879406
498421196
518381626
451855213
483880109
871792458
171391562
122322317
940280060
290827822
486652519
124262858
728358984
1946120
934293650
842678653
837812531
370491035
829877394
726467792
280151426
499405405
168970047
222859279
962855139
914175124
167342524
262962393
957802681
815764043
844787127
42411275
171319634
220979071
484670549
643744321
99732928
500910294
610552555
37386216
781632884
101255644
4105594
364261913
947164245
937607558
67656545
785860575
165485486
882821923
367243529
444002859
247303322
534561015
650867359
67161611
301314553
813757017
319438973
266600651
489531467
16488373
153605103
649914966
236264474
626877951
153187021
321690414
131204593
757521330
211355714
757911916
709912495
69361707
131128289
655000905
995724910
44686916
299580369
10711534
926345687
520174547
301217518
20354508
58253090
949649883
86734897
205825268
617494265
397945320
468023557
953451817
413085205
610141114
465831887
633967416
97779175
607268208
807775862
75693913
368628349
19930331
680027767
85119868
87293343
654988451
584551464
928545778
692857051
739623206
788779747
476027117
260926642
97178659
492997344
161700334
888145840
565347653
356417788
364927320
956265206
671564534
323365345
229710728
143800697
781236715
714445770
236132081
252355545
525727320
153480136
611314662
397808109
827328410
541409254
324948609
488971755
978623190
111508282
35537857
717765689
892391748
507007255
824581070
836090051
992315788
979003571
734440987
557506035
194194980
104936078
375870477
860338920
278423009
457761011
5771132
907625253
167286398
94014769
159188610
539166842
241590578
617872973
931774095
70995699
14348559
114417986
404492473
993203647
74515860
437471594
562494498
956447498
932493144
393168412
650693983
774348185
232469686
245911779
192083149
271940497
189486240
563370601
141164139
466666111
16399079
991848430
231760717
33798490
930847920
378098811
564221914
19567745
994217943
352114454
88197220
11054330
316028846
331409097
852646762
379176161
611995387
430300810
193118314
402833441
664217382
842869561
177586255
881239857
89724194
365063543
10783588
275882604
781565262
152238208
582342502
649894100
989726570
804903409
680146147
771559214
47097653
106187576
788793368
43645201
306522360
723581290
895926176
612963589
62520040
607749736
991901188
523118939
37046333
184900000
917724217
546930199
33537342
100817058
293539934
957636742
317638083
304732244
94455094
103080250
303155626
670222674
598767972
147094309
485271270
139430474
916384910
519964361
240163227
710398810
411011502
536596629
288309089
161180385
5079462
191452777
762905254
994144074
712198065
647589268
40316012
627686679
58790367
69703992
571491884
339994101
868892129
741446412
638694449
957364513
689882748
942811745
629570055
293019853
92358348
961103873
431216978
2290036
335702687
511778077
560148494
742304788
54154317
844595840
747876961
57433801
43845167
367719606
893549650
596523740
19424333
930049111
87988852
75978550
841174103
651543968
