5000
478933915
479235034
479595041
479772610
480035520
480189843
480292366
480537074
480754468
481030328
481118914
481169454
481234616
481561007
481584966
481719338
481847463
482037154
482351451
482519903
482665509
482721194
482901592
483202494
483246300
484495823
484510448
484615386
484827339
484907093
485176892
485691903
485946964
486254588
487132175
487278180
487965169
488302759
488345973
488943085
489953406
490268032
490490526
491316328
491457375
492011676
492109734
492156454
492502178
492738920
493206529
493414728
493501836
493551223
493642056
493721954
493749261
493784223
493973937
494273064
494615598
494710254
495379261
495477233
496250794
496515255
497013811
497091476
497101754
497226416
497306673
497383055
498277541
498355155
498533738
498868511
498881696
498956262
499371406
499625678
499658375
499808554
500082118
500149803
500166861
500403440
500521320
500669175
500703223
500799222
500818005
500998151
501005574
501101844
501166667
501636622
502041055
502130384
502307576
502473001
502937603
503207266
503408246
503545276
503697074
503910322
504280830
504388596
504575166
504716490
504918212
505891044
505891353
505987384
506092409
506230509
506501627
506600295
506870812
506965217
507063550
507361014
507756644
508120764
508177803
508256804
508640823
509307528
509659659
510290946
510627049
510670982
510838953
510993446
511268861
511706528
511813886
512060826
512089934
512335939
512450378
512641340
512780841
512999654
513026189
513169650
513487815
513732417
513924110
513941784
514328741
515024781
515045123
515479251
515502569
515559129
515584740
515599819
515815381
515853382
515921298
297644066
516338918
516361255
516440447
517224174
517378336
517412922
517557064
517621954
517772465
517984283
518433205
518474999
518728640
518854856
518992200
519357905
519430787
519822825
519836363
520073466
520404582
520536546
520965406
520976639
521074646
521322448
521689494
522107250
522170730
522422119
522566685
522677319
523110508
523177057
523347338
523405600
523676324
523901300
524387532
525054698
525436483
525509200
525972549
526128091
526870514
526873559
527008709
527061850
527112683
527281238
527312579
527443630
527466992
527601149
527800019
528226167
528371802
528458972
528503461
528554716
528776060
528877309
529550422
529664890
529891756
530401451
530736071
530788796
530902880
530968200
531669648
531746038
532023623
532277219
532353131
532413086
532703745
532704291
532851824
532902802
532973637
533308699
533958187
534122538
534143156
534684833
534858557
535255810
535322199
535328964
535369449
535461040
535567677
535593593
535603456
535797600
535816861
535909887
536102061
536128330
536421259
536455262
536603985
536680867
536770991
537059211
537429545
537767056
537799987
538164046
539051738
539210504
539249408
539414812
539605545
539690346
539732533
539763950
539880166
540029749
540346626
541214610
541295298
541445001
541528850
541802556
542476943
543316733
544544986
544798441
544812284
544850017
544929526
545135402
545855228
546055266
546083010
546148503
546226855
546455173
546471371
546825861
547107489
547477902
547778546
547850607
548521090
548614094
548693529
548761499
548771999
548845117
549045586
549417856
549508218
549695710
549709087
550142282
550760894
550785456
551022236
551028203
551400872
551431412
551872674
552653202
552892233
553037734
553396352
553592187
553718521
554362503
554762027
554952704
555066819
555142939
555219198
555673022
555734900
555959560
556118645
556194249
556525737
557004418
557041227
557357571
557415391
557422129
557660922
557726168
558306027
558540693
558655446
558745110
559650340
559737458
559811060
559882410
560086039
560201230
560436462
560746381
560860234
560958474
561160355
561431471
561482380
561529320
561531210
561771813
561959519
562061547
562464433
562826837
563459322
563897572
564410871
564412881
564499268
564500207
564665574
564768361
564958733
565031026
565046380
565377346
565399939
565419712
565603329
565787370
566322858
566327821
566826195
567150175
567339539
567394685
567550278
568045807
568057381
568281570
568451673
568493742
568649794
569690112
569824588
569977831
570000481
570077770
570316253
570611897
570706744
570833589
571019281
571627997
572099257
572359459
572387386
572442324
572890970
573336030
573368333
573390610
573857700
573862449
573937081
574163282
574196388
574223704
574358143
574367793
574401238
574616205
574718253
574762633
575408214
576136593
576377975
576493578
576566723
576636818
577021529
577973776
578219429
578499842
579030035
579146294
579332588
579814271
579923508
580000922
580110457
580113593
580419310
580505177
580667891
580738847
582257606
582322493
582339832
582681227
582876658
582964593
583014647
583038436
583158443
583260915
583736293
583757519
583880064
583930171
584136719
584157657
584230259
584237505
584306898
584557404
584636797
584759757
584765128
584880262
585104597
585138935
585179177
585557825
585703997
585746752
585876644
586171967
586574765
586794986
587159148
587181985
587199967
587238820
587454577
587897879
588196111
588332863
588473934
588598775
588689029
588756629
589360484
589489790
589622690
589768983
589989919
590135060
590745028
591080517
591495064
591590621
592076279
592411358
592809392
593352781
593511499
593621015
593828388
593935789
594111339
594128860
594453576
594665979
595422113
595457561
595529688
595740121
596426767
596949179
596954577
597101349
597257578
597257877
597333859
597575155
597861910
598348491
598634612
598695713
598774308
599256255
599302341
599656882
600607471
600777293
600949100
600981581
601184514
601478365
601757396
601953354
602061037
602153642
602341075
602692235
603199142
603308853
603578861
603696182
603852311
604025915
604159453
604174358
604405933
604625134
604667514
604673545
604822706
604935000
605119676
605565821
606178145
606587043
606616973
606736377
607089685
607241485
607694988
608081967
608171721
608600876
608704654
608771377
608919076
609201354
609285813
609382674
609415719
609681814
610049346
610196076
610220760
610442680
611557217
611680979
611853286
611935179
612115219
612163140
612592540
612765517
612806813
612895885
612936929
613535928
613677025
613699100
614132428
614276620
614307264
614676835
614692882
614960506
615387139
615396772
615528818
615541231
615646874
616028026
616107427
616481462
616584350
616760317
617866787
618036704
618047783
618094902
618433628
618673566
618786022
618978438
618993311
619119183
619207068
619571407
619592664
619854466
619872332
620067917
620304521
620439385
620569768
620611088
620881823
620902562
621033458
621132802
621215445
621255527
621363674
621622811
621649247
621656089
621895901
622049415
622066205
622657009
623020912
623412962
623416363
623540878
623858353
623941057
624541955
624833463
625045444
625095740
625291291
625293214
625389098
625505140
626310663
626408916
626590539
626599977
626682142
627037300
627067187
627461516
628012783
628266556
628455254
628522111
628551380
628987302
629050239
629082931
629685127
629803239
630201795
630241177
630265630
630499804
630721252
631056680
631413561
631534013
631794310
631888738
632350256
632494363
632974662
633072985
633202351
633437798
633802268
634063155
634063175
634694079
634858578
635093537
635163135
635220690
635634513
635658518
635736699
635782557
636185268
636217111
636230768
636523272
637820848
637844376
638298771
638524859
638596067
638650884
638698584
638763266
638874665
638943211
638981028
639686804
639696832
639815958
640045566
640221447
640630557
641047176
641048071
641058846
641114912
641129669
641218988
641254936
641447239
641588633
642105392
642106401
642273083
642334943
642365113
642495420
642760924
642950370
643130757
643259776
643343111
643383490
643436417
643441760
643459459
643936318
644283320
644472979
644829202
644880419
644959221
645140916
645668912
645987042
646272889
646281667
646493166
646735091
646762772
646989238
646992356
647215965
647336095
647342021
647696668
648061480
648517125
648631068
648785569
649029927
649250420
649544040
649687565
649796155
650286824
650408178
650418890
650490631
650821401
651120168
651796309
651882651
652245221
652305889
652461285
652777500
653217757
653310582
654324146
654429678
654968360
655597388
655615142
655703875
655777898
655989813
656021752
656855958
657078773
657453174
657565876
657618613
657856094
657923341
657955951
658130404
658309317
658386377
658848195
659393138
659462773
659629287
659719058
659890808
659925554
660997211
661142308
661319130
661332562
661791119
661903441
662330158
662423154
662669499
662754169
662879267
662964135
663171057
663541652
663745185
663837379
664033195
664269077
664448630
664508157
664547460
664913076
665181547
665452841
665940524
665981308
666163925
666202096
666299996
666443905
666480790
666582026
666723409
666921776
667146744
667668859
667828945
667925853
668672240
668740121
668848558
668878245
669008111
669032528
669338027
669430411
669614400
670274127
670348938
670398644
670446950
670471727
670857692
670919496
670947829
671288462
671338001
671452567
671507261
671580701
671797995
671845687
671887774
671912296
143712915
671999208
672010650
672029644
672042122
672435886
672441804
672504850
672700908
673152589
673246789
673504760
673519191
673581530
674359084
674651386
674712745
674750964
674896013
675069037
675637550
675749065
676224211
676356642
676872053
677254325
677283824
678051146
678148908
678343056
679070496
679085888
679401181
679449804
679471860
679523604
679603614
680249515
680321123
680357671
680510124
680549487
680757606
680881052
680881969
680924327
681190705
681212413
681248328
681499377
681599636
681674419
681682936
681810543
681812029
681936258
682198707
682338564
682431737
682582952
682626650
682701993
682777167
682925127
682975284
683037077
683103099
683273301
683509299
683659512
683745971
684272579
684364581
684379732
684407530
684697352
684846623
685044932
685112635
685236756
685264516
685389353
685798912
685968539
686134738
686363634
686465816
686503748
686785879
686913696
687000598
687579501
687631927
687669052
688153550
688237516
688710094
688958305
689069154
689136518
689460527
689535823
689548135
689646389
689741446
689863891
690097849
690499957
690506728
690510584
690714485
690922820
691307443
691531813
691672916
692275335
692619337
692876610
693251054
693377849
693381526
693481506
693596223
693646652
693655135
693989753
694005758
694006262
694122820
694253280
694305909
694723520
694754635
694893983
694930611
695562165
696034744
696323357
696600261
696916180
696920601
696951578
697039100
697223811
697492083
697659793
697864893
697869739
697915250
698186194
698646656
698747743
698825966
699203440
699614787
699633753
699688954
699703312
699814854
699836614
700122588
700539414
700798371
700873920
700945797
701050660
701070772
701147868
701934697
701971004
702348958
704499287
704540986
704561912
704604759
704754366
704982419
705035416
705040518
705279495
705309875
705915676
706048146
706076135
706091488
706157605
706264639
706268405
706315528
706605070
706846696
706936159
707344544
707369360
707513574
707603662
708305789
708460554
709333199
709362008
709997491
710071428
710213239
710256790
710372536
710388451
710741028
711028151
711219341
712715660
712741800
712950740
712951841
713182589
713525762
713633498
715134364
715459607
715511699
715546658
715650321
715845266
716054539
716238540
716284025
716677494
716915455
717102089
717345748
717398304
717636711
717790594
717871461
717899598
717925097
717949816
718356399
718696446
718708389
718791791
718804194
718891459
719008460
719060293
719166474
719295017
719337452
719786867
720054469
720286201
720407685
720509724
720649367
720854999
720864667
721244036
721501402
721558864
721893618
722293170
722590292
722684974
722902592
723015151
723123555
723142921
723215506
723739206
724076731
724172208
724173930
724479408
724844472
724856753
724934511
724976634
724998822
725328388
725512200
725543093
725652573
725910252
726692095
726931993
726932879
727177403
727692396
727804479
727996047
728190965
728319844
728581725
728717535
729259247
729357592
729412939
729452658
729497303
729499996
729744146
729760341
729845706
729970791
729980921
730279873
730292184
730325799
730588315
730603687
730816651
731204971
731230137
732134494
732359458
732987185
733169054
733252569
733546189
733641826
733826620
733996342
734842991
735284706
735361327
735394350
735417948
736307184
736605246
736611523
737399383
737842818
738047515
738175582
738321402
738771516
739266332
739315472
739322598
739526400
739658406
740021102
740279758
740434339
740827574
740953360
741875847
741959843
742476352
742540576
742905280
743043339
743860449
744248805
744251172
744277445
744324456
744400577
744592991
744648082
744749715
744893013
745340583
745495712
745806486
746313882
746436018
746462767
746514745
746954584
747140899
747553979
747607072
747899055
747988265
748129570
748471783
748600606
748920932
748949035
748967729
749070704
749396757
749962922
749983762
750039851
750209314
750292121
750440387
750532280
750582502
750637857
750722622
750820441
751223426
751469711
751636683
751656973
751837969
751886004
751892322
752509031
752660078
752705468
752836630
752976627
753201522
753363792
753545484
754073718
754654753
754873633
755140315
755405801
755436621
755765230
755953727
756018244
756184519
756560029
757117838
757390992
757401991
757489255
757834710
757912486
758181526
758319813
759008878
759534766
759723940
760042768
760434077
760642010
760756942
760795338
760991693
761063108
761184585
761489984
761710635
761926730
762132718
762235250
762248663
763148773
763263346
763284973
763349451
763499313
763525909
763880984
764676812
765163767
765164412
765392647
765502626
765575068
765781425
766078360
766121750
766427677
766528648
766558449
766702920
767012250
767176202
767594550
767901880
768086580
768247770
768305149
768529798
768803320
769014915
769410351
769645190
769652333
769711005
770237943
770649808
770757463
771033745
771395585
771435552
771692724
771816611
771822166
772652056
772704947
773092501
773162459
773495762
773828642
774052892
774241817
774504883
774504949
774830660
774950493
775551330
775645961
775674189
775985933
775989648
776196803
776412009
776437198
776596717
776735962
777111018
777979656
778026645
778191518
778641906
778698783
779018686
779177620
779370461
779382929
779504435
779951360
780018144
780290013
780461469
780518627
780643089
780655659
780999160
781089201
781144731
781192449
781376230
781733194
781901437
782035157
782048404
782390173
782955283
783015583
783142057
783295877
783451000
783463350
783469760
783670426
783784363
783784754
783841962
784400780
784888555
785022879
785465961
785556193
785707667
785728179
785789444
785815048
786105859
786403251
786404201
787083358
787320066
787629718
787801936
787926770
788388504
788444939
788849447
788853353
788999800
789139522
789614855
789698979
790001552
790197042
790244001
790245973
790337512
790371630
790594020
790634443
790894168
791051668
791133530
791363317
791406541
791570846
791593905
792128951
792174273
792264239
792444795
792656630
792880027
792890898
793014580
793521898
794028996
794363004
794719910
796256289
796442648
796467180
796508293
796726300
796999373
797138275
797590443
797880996
798009854
798096074
798228718
798368983
798400105
798519353
798613682
798629864
798886015
799030274
799142363
799216250
799332724
799538751
800072611
800217017
800567395
800633083
800725342
801002818
801213525
801308951
801398158
801400064
801537967
802406667
802905283
802936212
802972836
803058855
803323063
803500121
803516914
803568429
803789465
803962791
804043104
804167101
804492696
804746387
805193095
805281392
805283594
805483287
806134521
806205893
806331255
806491878
806982589
807197189
807224951
807249286
807302689
807549870
807856236
807924836
807949773
807955219
808033311
808046602
808230785
808435098
809052980
809381446
809465935
809749797
809800017
809870125
809970037
810932766
810950397
811139838
811908300
812217279
812518546
812553587
812870422
812959067
813004217
813277339
813319971
813322950
813663277
813726955
813767583
814044753
814070213
814173234
814984110
815045121
815192752
815326343
815372954
815703200
816593740
816796898
817154834
817179117
817247777
817344369
817459525
817489026
818095831
818139670
818765481
819130267
819421938
819469015
819528745
820072465
820121908
820140482
821068211
821084669
821162869
821876560
822011848
822730274
823030533
823330038
823472694
823657484
823729821
823810017
824380006
824408086
824435888
824764077
825238459
825638042
825685892
825704043
826572441
826641747
826769752
827470444
827547522
827788432
828046284
828409044
828593370
828851994
828895662
829115794
829129982
829724165
829749786
829849491
829933822
830119370
830216228
830353229
830354788
830775118
830853735
830939740
831527881
832011337
832463376
832620793
832802445
832935780
833009746
833065558
833330233
833753960
833754994
833784248
833939295
834047107
834126849
834459969
834485289
834958680
835025556
835284574
835499716
835534212
835655745
835657877
835736102
835751275
835978322
836123993
836437953
836637660
837083210
837470543
837723854
838002373
838002736
838446377
838550916
838716411
838900430
839252517
839803996
839808328
840509722
840528373
840640435
840819542
840961821
841078571
841381207
841646563
841747898
842036345
842422557
842518394
842520977
842525098
842577737
842623420
843500861
843717877
844135643
844224397
844461823
844698711
844937964
845181162
845369979
845576140
845585839
845601978
845708974
845752512
845971624
845992788
846017749
846057495
846156229
846188667
846199351
846268206
846768701
846998980
847031358
847126935
847218323
847534699
847565493
847680096
847776441
847974919
848807592
848841556
848985399
849046638
849120822
849350195
849570684
849590372
849604848
849836689
849874139
850371314
850620116
850653231
850731369
850792218
851601847
852066695
852952005
853276018
853459714
853535980
853860549
853940704
854048961
854110829
854173526
854362342
854844115
854903399
854931366
854972300
855090373
855390713
855726149
855998489
856225472
856286657
857145809
857351600
857491983
857670406
857777553
857789298
858303657
858486926
859038533
859191067
859353586
859414877
859847355
859947312
860008402
860248911
860255111
860323370
860526101
860550529
860572203
860708821
860971087
861550559
861570692
861885418
862691221
862710000
862992346
863084599
863155070
863815773
863860876
863903198
864051483
864063343
864111004
864569978
864692042
864732063
864903512
864933096
864972154
864999249
865199844
865569155
865645443
865784734
866220983
866632042
866814593
866975939
867086487
867137621
867379361
867631966
867701390
867870194
867883319
867901712
868004565
249509814
868139062
868418270
868756999
868840379
869259043
869815192
870035017
870072001
870516788
870936658
871003611
871349218
871432842
871679223
871801708
871899392
872131251
872354464
872387018
872661419
872773093
873074509
873565157
873896219
873901219
873920021
873994424
874077960
874428908
874522823
874569109
874838059
874917074
875447039
875854814
875862493
876130215
876280254
876641411
876743655
877442046
877487580
877926634
878479430
878494651
878617813
878628710
878698892
878784531
878815948
878941846
879453405
879666651
879707568
879795162
879852416
879991159
880191429
880481531
880542400
880777782
880985282
881092014
881251031
881377314
881413178
881570071
881716223
881722404
881952992
882188824
882339452
882366233
882409355
882467511
882895094
882950977
883222199
883275986
883428653
883433287
883444362
883803190
884019432
884112766
884171653
884956712
885193966
885462706
885915578
886061935
886218099
886402493
887175276
887204766
887215369
887323387
887460861
888039826
888120760
888220268
888237729
888267561
888348742
888676188
888938989
888995518
889032601
889273129
889360881
889416546
889452793
889655679
889703970
889757540
889789415
889854748
889955644
890124892
890380762
890523080
890642870
890689415
890819210
890881897
891129073
891208676
501178093
891263862
891347294
891407191
891687344
891764794
891793791
891832719
891939948
891983551
892050267
892069160
892802130
893168682
893422639
893551698
893632426
893759553
893813329
894261420
894597881
894984215
895802858
895942310
896034787
896250968
896534463
896770934
896783593
896831203
896953851
897593981
897666546
898331618
898533036
899201723
899302742
899312010
899438301
899503551
899710478
899857961
900075285
900174252
900448772
900594942
901425579
901444985
901455986
901502008
901622620
901843890
901950055
902083500
902204731
902280538
902420335
902472000
902559038
902590235
902731784
903108738
903121120
903148871
903353146
903537821
903765423
903772242
904134305
904400562
904515614
904641265
904748523
904864081
905088524
905463699
905591993
906125333
906298699
906468161
906546505
906741204
906785817
906916416
907203771
907286158
907727542
907857718
908020125
908030355
908132770
908162232
908248559
908436351
908553195
909682716
909704874
909729510
910055778
910091154
910137907
910347003
910573410
910725164
911039813
911649183
911653482
912435214
912465098
912633134
912694822
912856154
913035305
913207113
913240595
913946222
914080417
914583851
914786565
914850231
915066181
915616104
915773576
915797860
916358644
916656140
917319567
917530930
917727386
918057918
918087197
918376183
918550345
918736917
918897547
919182523
919353340
919375928
920205151
920370590
920800529
920960134
921233704
921357963
921666076
921722691
922003550
922056354
922260404
922280652
922315412
922347103
922790895
922939068
923739886
923852980
923962070
924107404
925259831
925686595
925969981
926045559
926342870
926442203
926544042
927217321
927229337
927462819
927559804
927687284
927848553
928187663
928325675
928434038
928595677
928800358
929933916
930426346
930627231
930638619
931000939
931312779
931421565
931952961
932518921
932577046
933356828
933551969
933657697
933691861
934136079
934251058
934431868
934536861
934572733
934663725
934709674
934810252
934820904
934979120
935040898
935109770
935319890
935494176
936076781
936112264
936401450
936523299
937646063
937751461
938009710
938143832
938358509
938557192
938607181
939536726
939797703
940017463
940150482
940411055
941520471
941804833
941946453
942239711
942348115
942535867
942710129
942735782
942776464
942860515
942877479
942941720
943126994
943144386
943192899
943194932
943288248
943822632
943905211
944089027
945278444
945316441
945708138
945754256
945875579
946007348
946008395
946074835
946169625
946178571
946215969
946303987
946378236
946525657
946642528
947157597
947303720
947383507
947492606
947599740
948174976
948287526
948482068
948819373
948948925
948977918
949058769
949288123
949553236
949697843
949859890
949915493
950026935
950064140
950107931
950109652
950391133
950479448
950571450
950778441
950827267
950851029
950961107
951252530
951427149
951479975
951493717
951769956
951936409
952097458
952676375
952742112
952795154
952889985
953277104
953504989
954291444
954578151
954743145
954919889
954976469
954982563
955128898
955329729
955330394
955334436
955390681
955406697
955408829
955509859
956546153
956650117
956684223
956798916
956809620
957081157
957562788
957578379
957649547
958370987
958800749
958981605
959353674
959363619
959542031
959670414
960054485
960512540
960596666
960780567
961540351
962145271
962385091
962523252
962682820
962952422
963067873
963609046
5818860
963686486
963798121
963925664
964584274
964846992
964863285
964904174
964960874
965538261
965843624
965865432
966103993
966302052
966459261
966866113
967096009
967258543
967416082
967830787
967906807
968348857
968614715
968681561
968731034
969035979
969381480
969505166
969535878
969568729
969673634
970251711
970356346
970362224
970545067
970636547
970773604
970777173
970936488
971050724
971216898
971250197
971859673
971889635
972067223
972639321
972645123
972700777
972825851
972849305
973291865
973326982
973770224
974146615
974215234
974345313
974361999
974410140
974798756
974876671
974903846
975214002
975231204
975487612
975792995
976010636
976199387
976231202
976257336
976362659
976873933
977026577
977175218
977226592
977332629
977623189
977871134
978075707
978098484
978368463
978379247
978406691
978414776
978444436
978503031
978588860
978710674
978728757
979362783
979459483
979710065
979817761
980080025
980152421
980464445
980532328
980658665
980866289
981160134
981387470
981454032
981736231
981774881
981795820
981849693
982378704
982609799
982979875
983148132
983244058
983295745
983505363
983665976
983722877
983775002
984081823
984137374
984346119
984864032
984959966
985049466
985058402
985327381
985531471
985650332
986235795
986447503
986452493
986554756
986693965
986877251
987774104
987791220
987854179
987886256
987909927
988322796
988570443
988583784
989757647
989967755
990166256
990443624
990630802
990656003
990852156
990871497
990895843
991140964
991187566
991225518
991332918
991703738
992170099
992225349
992313243
992601714
124313084
992648964
992739151
993193609
993711180
994446744
994735642
995074121
995155743
995647408
995898185
996285464
996718359
996969215
997437535
997887815
997890124
998309815
998685215
998709239
998940266
999458544
999553292
999794679
999954412
366738
404413
554696
799220
841105
978288
978450
1277998
1291324
1481425
1493978
1954144
1982830
2012879
2242488
2501537
2501980
2803209
2848930
2882568
2987853
3081359
3374888
3423705
3786322
4115779
4123372
4187546
4244314
4324832
4414141
4561519
4873717
5049648
5055406
5145437
5157399
5298200
5330014
5408620
5461049
5694332
5821023
6332555
6495551
6583702
6627501
6733692
6815008
6961661
7127733
7145988
7301664
7348180
7463555
7593716
7595018
8063118
8136973
8174677
8252745
8799067
8839576
8947437
9106941
9137005
9468603
9633629
9813289
9856311
10106421
10188228
10429928
10476396
10717602
10729246
10783484
10946056
11398017
11473020
11550402
11815887
11892049
12160611
12674261
12700274
12719441
12737943
13073200
13086734
13261387
13311862
13578175
13602330
13631927
13780239
14155288
14518223
14642517
14753776
14782124
14819987
15133767
15235413
15237842
15337576
15555443
15824864
15899975
16012166
16164167
16248139
16333404
16773371
16889709
16903771
16954414
17089244
17378431
17429024
17540765
17622788
17973710
18031711
18069943
18082522
18201607
18326361
18670947
18771450
18777561
18948672
18949002
19046207
19163932
19224515
19374618
19600590
20113832
20136922
20238663
20245752
20264943
20797300
20892025
20915840
20931870
21029961
21178945
21441735
21471050
21528947
21824421
21829240
21942425
22016425
22201089
22259770
22376430
22445996
22513574
22680645
22700984
22725458
22804979
22821043
23010288
23022714
23218525
23222707
24189762
24344177
24886046
25226634
25248210
25349104
25407102
25462279
25462699
25650794
25838300
25937870
25967394
26487398
26628448
26684637
26914440
26939286
27541791
28165201
28167625
28248433
28530840
28923490
28948049
29418666
29514853
29690811
29974416
30020979
30162805
30417884
30462476
30486003
30587011
30599312
31198030
31302476
31516317
31600793
31761194
31830250
31842064
31962881
32370486
32464763
33026840
33057139
33457849
33481373
33561027
33654264
33998028
34357146
34426680
34427168
34628501
34690581
35033858
35568761
35696416
35712227
35792913
35938798
35949049
36002522
36174399
36231485
36287083
36408573
36605527
36708381
36891885
36962142
37025707
37232996
37553473
37667430
37672485
37752570
37754678
37891515
37939190
38431736
38521868
38782240
38883253
39076836
39581349
39627756
39719592
39797419
39968175
40050004
40088775
40269225
40291697
40352162
40374496
40435005
40442225
40509459
40805115
40931180
41170522
41227163
41248155
41279389
41349865
41405697
41414472
41576442
41614464
41629604
41935487
42061978
42272278
42715327
42877327
43050457
43055118
43095965
43447323
43465763
43541294
43611442
43864236
43872817
44100444
44444847
44453379
44616726
44792310
44904818
45007510
45061993
45188379
45191116
45215629
45287628
45303906
45413765
45814548
45974814
46163794
46450996
46720079
46787562
46961865
47028776
47161212
47185524
47441988
47478632
47704803
47857567
48222954
48401374
48519740
48581052
48596211
49240639
49338576
49561098
49827606
50061896
50189682
50318300
50403099
50712113
50737366
50747922
50872339
51222343
51335353
51736323
52128978
52190733
52469242
52536176
52659232
52909277
53043083
53103815
53219742
53682770
53976686
54085624
54291529
54623420
54793064
55299135
55494089
55513414
55559116
55618341
55691660
55744339
55784888
55914862
55937217
56008849
56098181
56145677
56165771
56259419
56449612
56640658
56999449
57029227
57058646
57075645
57390453
57448215
57462997
57912813
58133856
58295898
58538661
58653611
58841862
59044569
59153802
59463317
59746138
59896558
60079168
60319712
60365522
60468412
60506095
60520859
60568285
60679134
60765926
60995714
61044551
61046307
61626252
61650491
61656007
61681675
61745418
62247464
62590157
62671056
62949354
63178504
63190619
63290665
63298742
63350524
63469689
63715802
63728147
63927803
64089222
64445574
64631732
64684340
64863685
64919278
65135194
65263189
65368685
65435862
65632420
65647219
65739729
65880523
65964747
66329426
66341882
66381282
66388491
66752699
66764396
66814704
66881063
67203109
67219451
67368903
67382893
67516961
67575804
67617003
67657008
67658689
67932974
67981343
67987218
68089629
68357205
68391199
68637756
68693986
68704586
68738469
68749473
69007124
69069580
69077668
69103820
69206619
69251640
69678942
69850694
69979735
70528952
70543008
70628512
70638652
70838987
70876644
70945879
71026791
71081395
71163022
71305742
71325457
71389497
71632898
71674446
71741936
71924013
72148176
72251703
72405498
72756209
72993786
73057893
73263012
73287883
73420068
73479039
73860732
73941074
74043203
74089210
74211876
74216261
74237962
74273593
74650066
74862307
75075195
75185556
75208744
75260637
75526754
75542863
75711455
75865789
75933118
75936303
76068568
76229255
76377438
76397524
76698169
76768260
77201912
77554832
77663036
77909155
77988732
78010794
78041606
78615563
78732181
78815395
78939853
79106990
79197773
79225869
79295595
79384273
79408595
79439307
79710150
79739083
80168027
80349924
80421490
80427568
80440935
80462236
80537808
80774135
81259923
82034987
82128163
82454235
82606820
82782635
82828436
82891672
82919779
83034901
83052592
83150905
83217476
83308979
83324281
83449569
83671376
83675279
83676914
83706397
83805331
83900915
83905855
84005981
84142079
84171956
84221011
84549726
84550199
84553348
84986091
85473981
85475170
85484678
85636583
85643820
85672547
85861186
86038760
86177453
86477436
86660881
86875185
87194350
87288780
87307893
87806168
87814086
87883009
87945793
88106455
88110318
88197944
88496079
88543324
88907565
88929607
89430851
89438354
89562725
89826421
90009788
90015922
90302123
90826122
90832897
90934198
91016692
91188973
91687574
91960313
92025178
92077792
92391485
92421595
92565626
92698542
93185013
93235467
93324442
93380101
93475798
93478541
93635257
93839051
94262088
94331214
94565127
94868554
94887193
95145330
95165992
95400791
95499076
95580016
95613162
95783198
95807158
95921443
95942567
96083205
96134466
96444706
96529751
96608608
96712452
97224107
97643036
97963937
98200498
98275313
98364635
98378943
98535500
98767962
98785037
98835909
98859184
99149817
99249769
99407454
99556162
99577418
99672828
99730578
99788508
99866284
100073998
100154520
100282905
100486299
100645131
100729863
100816846
100845851
101096087
101537871
101879894
101969919
102119913
102615334
102960707
103014904
103365060
103392604
103857152
104213630
104247562
104367887
104378360
104399637
104477294
104721981
104957706
105152244
105237772
105446491
105540782
105801850
105816176
105903441
105904604
105916513
106044304
106121747
106269075
106528519
106536959
106633305
106635364
106635496
106706570
106856092
107077407
107363879
107487251
107596247
107859263
107997062
108088785
108273483
108390630
108401101
108420140
109037931
109126657
109249642
109351026
109467687
109512672
109833494
110050640
110346512
110430438
110502375
110682479
110839653
110935390
111195613
111217481
111311078
111461320
111467803
111629267
111773594
111919800
111964199
111996830
112202613
112367970
112430188
112449130
112621084
112713038
112874215
113170065
113317960
113571968
113651212
113757569
113936669
113973972
114017007
114195916
114302134
114303210
114326885
114329075
114350338
114387045
114527030
114582943
114987863
115001161
115104782
115924342
116073978
116108336
116189545
116371230
116403782
116659880
116978630
117308617
117492340
117612151
117682020
117696939
117743272
117752556
117822329
117841397
117863944
118160759
118170813
118246508
118597300
118814677
119065814
119140663
119383534
120154116
120540805
120922492
120946527
121025345
121242998
121388251
121388475
121485494
122165244
122511343
122587896
122610047
122775764
122803723
122863793
122980149
123017948
123200066
123228936
123532408
123834250
123928086
124043061
124776481
124845480
124877329
124969508
125085774
125227698
125951546
126031792
126281608
126722080
126825903
126867970
127049688
127606700
128021544
128098111
128149800
128251311
128294396
128513418
128519385
128644200
128735061
128907244
129097168
129289139
129343728
129365757
130204704
130252189
130260646
130522557
130728071
130772928
130865757
130936614
131142233
131164263
131260087
131326517
131392856
131681509
131713443
131749643
131771937
132098062
132102432
132248931
132314560
132372368
132573887
132950220
132999913
133092941
133561680
134076144
134116632
134329235
134459850
134592095
134593864
134691858
134893010
134965628
135074583
135198554
135267026
135398128
135417237
135778220
135850172
136132059
136224828
136318719
136450689
136857749
137092289
137207051
137279170
137411767
137531418
137536413
137782497
137877996
137999702
138260058
138709864
138880815
138978793
139042758
139291105
139392642
139392707
139553875
139698777
139765488
139982929
140137227
140148095
140159860
140206389
140852095
140875370
140978261
141224227
141429700
141493287
141563446
141867776
141944404
141985821
142026381
142130472
142141130
142174240
142454011
142577646
142656123
142766940
143001955
143068873
143229859
143372404
143587904
143805710
143939904
144057637
144418907
144504447
144883491
145201753
145323061
145495184
145629818
145634115
145996920
146037422
146158383
146489664
146867989
146882365
146931229
147110760
147218163
147278309
147401196
147521881
148563885
148570600
148597554
148990809
149104598
149109137
149209818
149424568
149576107
150018652
534297755
150063017
150071035
150134880
150251369
150295933
150649453
150704516
150788802
150899475
151052320
151244053
151324191
151347315
151393110
152074492
152110466
152219654
152422945
152603903
152634254
152696182
152914886
152997339
153069356
153131783
153291057
153457513
153536509
153925560
154226646
154601971
154773530
154898168
154987762
155208158
155588145
155747864
155773056
156730616
156858839
157181623
157295912
157548727
157803506
158062022
158468504
158639141
158769253
159099252
159251797
159524183
159597722
159719971
159959835
160040824
160325384
160348606
160593772
160901312
160998058
161231999
161268197
161941356
161941428
161970125
162006962
162260760
162472186
162674551
162775697
163112965
163153255
163720181
164242827
164260257
164267609
164306072
164604345
164640169
164718769
164743572
164837212
898692334
164912016
165097793
165267098
165330951
165444370
165447038
165847120
166063230
166302277
166377331
166393388
166471518
166751139
167724301
167874451
168043012
168213093
168260914
168512867
168905165
169123516
169317952
169643573
169725962
170214081
170468167
170520972
170593265
170931119
171315964
171360119
171374112
171580859
172061996
172089739
172112548
172761192
172942726
173394179
173457376
173644859
174659342
175545862
175574405
175591227
175805601
176281676
176318291
176518069
176653340
176844099
176985920
177145667
177374743
177464329
177859534
177899598
178215182
178406099
178707155
178752102
178752602
179005135
180059729
180089052
180154263
180549918
180673573
180832302
181008586
181092619
181109956
181177187
181192607
181399418
181435276
181441866
181809184
181887813
181979721
182245358
182560659
182565471
182653938
183150800
183413370
183516518
183677763
184211612
184724293
184737235
184893418
185010603
185759005
185777197
185923319
186058185
186106091
186291495
186317976
186348988
187111813
187210705
187283945
187816689
188281208
188362642
188388332
188413468
188665047
188812133
188861896
188879037
188902062
189209638
189296740
189482270
189525266
189546478
189694800
189707318
189765150
190386824
190445815
190447224
190452477
190478957
191009242
191010306
191493833
191545802
191661770
191708182
192129164
192243405
192271953
192281395
192376521
193270578
193724659
193968084
194410862
194461266
194675810
194676946
194693608
195042849
195194195
195382742
195534123
195768243
197161268
197195305
197325900
197481763
197582635
197697716
198516625
198529037
198754989
198770675
199328658
199486757
199508786
199900479
199929762
200066361
200137245
200274590
200695620
200755126
201073195
201089171
201189500
201206466
201262449
201602229
201620701
202017482
202692435
203253247
203377602
203450304
203574688
203737980
203752390
203814962
204081512
204107676
204731072
204745940
204792716
204840924
205048771
205260929
205878753
206034519
206053173
206076294
206133824
206185559
206193340
206382843
206430974
206697470
206848496
207526478
207570525
207615270
207663674
208276072
208443668
208726559
209327512
209366719
209494686
209753151
209833932
210037877
210265927
210401068
210648597
210716317
210913782
211079005
211587716
211683559
211701522
211751700
211879398
211901785
212542761
212998461
213051474
213206458
213250933
213521064
213560944
214050756
214154195
214293946
214371957
214674866
215030801
215326240
215334950
215563138
215626765
216093914
216118116
216245785
216601922
216626702
216654462
217651840
217817534
217832133
218752358
219024701
219196503
219207908
220513150
220713292
220961297
221048237
221423687
222350491
222558310
222754366
222888832
223086841
223178524
223847168
223865958
224013304
224355093
224679168
224681061
224866753
224980904
225112845
225685926
225936991
226193923
226223113
226513246
226997752
227206406
227289688
227500949
227992056
228092512
228315747
228424852
228471592
228557860
228798836
228852992
228885627
229149652
229177497
229413284
229532690
229573971
229608144
229618713
229814089
229855036
229932738
229955787
230295982
230830292
231433388
231445246
231525522
231550352
231779782
231850160
231944132
232239468
232370980
232414967
232667618
232759965
232866104
233259186
233851134
233930391
234093212
234243584
234360928
234438484
234618532
234730975
234805647
736681187
234884648
235432372
235782365
235884963
236157555
236256938
236272422
236346291
236887619
237027247
237089564
237097570
237122087
237548818
237800154
237902277
238056570
238154221
238391296
238689290
238911119
238913592
239017618
239795787
239935059
239975074
240368886
240532091
240532901
240886523
240960512
241106040
241567770
241786130
241973316
242182706
242297170
242611580
242887705
243446334
243561493
243627360
243795522
244162814
244184439
244339344
244455008
244486452
244566864
244666561
245011979
246000297
246257926
246588967
246795858
246921482
247093134
247521644
247570711
248062586
248100520
248303351
248874643
249102919
249625719
249695775
249925639
250538591
250866635
250963027
251025369
251097928
251199294
251271282
252077139
252392104
252459541
252940458
253074129
253878687
254263154
254334539
254579527
254861934
255359326
255382527
255422915
255726213
255797896
256158070
256261501
256328776
256521359
256845350
256880676
256939302
257228551
257284682
257512864
257647668
257878725
257906822
257941745
258170765
258679527
258789376
259293925
259363162
259404616
259785498
260241681
260482097
260798307
260830648
261265165
261386245
261608942
261773943
261834906
261874336
261902702
261965917
262266975
263083109
263309320
263532080
263653286
264163999
264459488
264507941
264561016
264728326
265125110
265233411
265250519
265263119
265317024
265522468
265679518
266105550
266163531
266302488
266359704
266449183
266702676
267483513
267509219
267802019
267838021
267951138
268190761
268344964
268574720
268611130
268921615
269104023
269193733
269249237
269492010
269498338
269708995
270080993
270267705
270403589
270579880
270633484
270889940
270955167
271030356
271236069
271492833
271500504
271661816
272043311
272470608
272734885
272950340
273258912
273328387
273392247
273404247
273473276
273535354
273748605
273875321
274073858
274104069
274263566
274860693
274984582
274995376
275027678
275049421
275055267
275171196
275492583
275768344
275939251
275966447
276016303
276276877
276348586
276413562
276678039
276843702
277242483
277262622
277629467
277636085
278545446
278564732
278768040
278774046
278862995
278955322
279048654
279589303
279718954
279923878
280404357
280918243
281122408
281656214
281826002
282035302
282269539
282300807
282309709
282716380
282756595
283316950
283528753
283985083
284118414
284550796
284641673
284826273
284941810
285066124
285329792
286168032
287197864
287241157
287426787
287577942
287776581
288166507
288567087
288671091
288744787
288769043
288981475
289187420
289791017
290042653
290241937
290527457
290695720
290840057
291129584
291242152
291849030
292018392
292448165
292525423
292738985
292952838
293264173
293440977
294212475
294233538
294851108
294956537
295177116
295293610
295597346
295975447
295981688
296788729
296816720
297469059
297538356
297561819
298015225
298039647
298044490
298456219
298836285
299486851
299565899
299783274
300405560
300503957
300568949
300689441
300804752
301379573
301694811
301906984
302162621
302252545
302720773
303091198
303136430
303223885
303558059
304051801
304142912
304200179
304370610
304532159
304809712
304999835
305214124
305305500
305519239
305770757
306005043
306029544
306057494
306336443
306399619
306401735
306706411
307038915
307252208
307597041
307608761
307629276
307816040
307872185
307890405
308009778
308211636
308830511
309263445
309274489
309362647
309497688
309811820
309985126
309989529
310105994
310169426
310683068
311366732
311873745
311991866
312066167
312103054
312302139
312872553
312974982
313023539
313627334
313787844
313981992
314030927
314104158
314505732
314701415
314783494
314975040
315366015
315465835
315549698
315584852
315726083
315929114
316294900
316298782
316767119
316891049
316896420
317436485
317511970
317861524
317939413
318224101
318329956
318729077
318821436
319247933
319775620
319813792
320203507
320247621
321118282
321455252
322033742
322139597
322284011
322397926
322567337
322776788
322941877
323195407
323512991
323797577
323960756
323978827
324007664
324295284
324362551
324524727
324801993
324944010
324961592
325179392
325342218
325370708
325378364
325398537
325867312
325947103
325953724
325990141
326453016
326807703
327725197
327848682
327879525
327907959
328031011
328872276
329420837
329649956
329826687
330349181
330591156
330911479
331072696
331588234
332599321
332888603
333098556
333721760
333978872
333980462
333982405
334160702
334357634
334365249
334677301
334795859
334866096
334876788
335002940
335081915
335251034
335318225
335655196
335730498
335943355
335960636
336226834
336806791
336850552
337048392
337111322
337405610
337531920
337644209
337858505
337859503
337923558
338153224
338438729
338780154
339062656
339132717
339430326
339486892
339494115
339653702
340179388
340198147
340397706
340854026
341045250
341368767
342077384
342091421
342513900
342579336
342845736
343009084
343228575
343325691
343874894
343884926
344068918
344128276
344796971
344991605
345264846
345426047
345982277
346085860
346182811
346252203
346569127
346631545
346863952
346881380
346901270
346950377
347524220
347807680
348004776
348307113
348727654
348858646
349010948
349997502
350153776
350182707
515218711
350208953
350439945
350551683
350552237
350934153
351010261
351103815
351940063
352081476
352399297
352660062
352675820
352881565
353034205
353120568
353139051
353398560
353483905
354260588
354480946
354598521
354855540
354923378
354970847
355010870
356077150
356590663
356922545
357182883
357191947
357266546
357574546
357821696
357856101
357909920
357923354
357944025
358423196
358439552
358844117
359165612
359416641
359501388
359712918
359831846
360297022
360623565
360844218
361226405
361702589
361774903
362205670
362256559
362457203
362514873
363290221
363303101
363817354
363861094
364234338
364343513
364343924
364354237
364799321
365395750
365609226
365651348
365927542
365961550
366027380
366114374
366330236
366553514
366630871
366656450
366991362
367033233
367078003
367427787
368030113
368258203
368812107
369050031
369165792
369208164
369339889
369436767
369651800
369713863
370695250
370781835
371883648
371908883
372038519
372272499
373654166
373713226
374046426
374426580
374528326
374594808
374772564
374901082
375157792
375246769
376030827
376468311
377065182
377101084
377349922
377351126
377437804
377603987
377653367
377653701
378456061
378663360
378825002
379099688
379476638
380113519
380136836
380355427
380786898
380792280
381167506
381284651
381343737
381976955
382071711
382314626
382336377
382386367
382589846
382976894
383261793
383607189
383692670
383767286
383783795
383928371
384016952
384149045
384181394
384712780
384808473
384872349
385250512
386012694
386114436
386364058
386818270
387201279
387217749
387316415
387432137
387449412
387480917
387682977
388133405
389025952
389045847
389161269
389291789
389513473
389581365
389666332
389714475
389823324
389941765
389978102
390006989
390578911
391287870
391347044
391430937
391554973
391716734
391840579
391955258
392261231
392552490
392804917
392833205
393723231
393922822
393938042
394182509
394763272
395311616
395373753
395585647
395839783
395920990
396378499
396415459
396719085
396988663
397563773
397568714
397839472
398327396
398808565
398935620
399185621
399431526
399867867
400121438
400530500
400873132
400883763
401547065
401550408
401915598
402258864
402369944
402430061
402619288
402669345
402854829
403347583
403357454
403530948
403581602
403805504
404374027
405031729
405086673
405226799
405238329
405814883
405873112
406425532
406742847
406767943
406888034
407130393
407442861
408072158
408233889
408561154
408847215
409200026
409443852
409644088
409943508
409978527
410021527
410299281
410515995
410876944
410960570
411060994
411127484
411206957
411926731
411958149
411973677
412181450
412244109
412782584
413126417
413236159
413413600
413549074
413575050
413765499
413808500
414129867
414263041
414509742
414555141
414634826
414722948
415223426
415510674
415700531
415994440
416096103
416100239
416172081
416266128
416524975
416536970
416542839
416644817
417029264
417195602
417497346
417698174
417764270
417906726
418393557
418595305
418764436
420264008
420557022
420642896
421290671
421452368
421464416
421490048
421677753
421742362
421762259
421784568
421999142
422303254
422493823
422804013
423100471
423188389
423259682
423275709
424210789
424318432
424521427
424523637
424584558
424609072
424702989
424707465
424748894
424887383
425095820
425229092
425272796
425407855
425473435
425581017
425805604
425841994
425880087
425934380
426079674
426177524
426468049
426506487
426521961
426814687
426870107
427007647
427190234
427328188
427351230
427512048
427608159
427746386
427807697
427825032
428441440
428522607
428600035
428682309
428808779
429030549
429458526
430221963
430243947
431385050
431733255
431853430
432142297
432275270
432897258
432967103
433217452
433525359
434043875
434067606
434112332
434195277
434197179
434220771
435281010
435301157
435774711
435892555
436075203
436161571
436940404
437451222
437793348
437925893
438286749
438555280
439173946
439294347
439561138
439835326
439836051
439888628
439940730
440850038
441378751
441492507
441869057
441957892
442101808
442444195
442494665
442654228
443004715
443009116
443022051
443029670
443301400
443419193
444099854
444206440
444246311
444286252
444567113
444567883
445002472
445087471
445514595
445639963
446048099
446162877
446624308
446847745
447382391
447896763
447936401
448422093
448499735
448744542
448810668
448927765
449016208
449074843
449268787
449467436
449886969
450414002
450725821
450906686
450922588
451094147
451289079
451526710
451867837
452082936
452242049
453231117
453748957
454156467
454221401
454370495
454478098
454509912
454692515
454829366
454839331
454871367
454917646
455015572
455211040
455272564
455569467
455850763
455910914
455979909
456031966
456199810
456415358
456804225
456877539
457004639
457162134
457219139
457230983
457336194
457351835
457467090
457892827
457900171
457986109
458905481
459347558
459422232
459439265
459740391
459788310
459923266
459930224
460181912
460263953
460468688
460549344
461163886
461368282
461440698
461502692
461892308
462458424
463075320
463752041
463762334
464013075
464231431
466091174
466475577
467158373
467181562
468349004
468789688
468817483
469141606
469199450
469241703
469615036
470143327
470206325
470481575
470550954
470696627
470859741
471345607
472356005
472519567
472599268
473013644
473156185
473169941
473181267
473233636
473672869
473725599
474192074
474210893
474444224
474481808
474509321
474655069
474935608
474994824
475052714
475117028
475183353
475569136
475761253
475770099
475821724
475835514
476252652
476348635
476377056
476407755
477045901
477085951
477203096
477271086
477290216
477309318
477451460
477811363
477888824
478178334
