5000
888325190
888564602
888946848
889026948
889402358
889726101
890208293
890219845
890432531
891236420
891330017
891338326
892106802
892179758
892207239
892450633
892570636
892782128
893148299
893486017
893821074
893933597
894435321
894439873
894866806
895139584
895329910
895404363
895514213
895597264
895744935
895982923
896167742
896177680
896262264
896485530
896754532
897000816
897142892
897208929
897308022
897450740
897580571
897601881
897617351
897725305
897731094
898088641
898356852
898406918
898458261
898584462
898907243
899165539
899619228
899649224
899679766
899871520
900207006
900504458
900779641
900787463
900979470
901099852
901243139
901542807
901900924
902531607
902753243
902779544
903173151
903901817
904203550
904320824
904484706
904773412
905050130
905399546
905588317
905594571
905610067
905711176
905849159
905913317
905964855
906251750
906276036
906398308
906750628
906774009
906839503
906916713
907405953
907420910
907744836
907958918
908442025
908772681
908866938
909140301
909603410
910183365
910301103
910849542
910895669
911388894
911444273
911980937
912086880
912295038
912659064
912770471
912833280
912969596
913244052
913442911
913448282
913813845
913858790
914194445
914263220
914526106
914843690
915087963
915092517
915298516
915575395
915667602
915894397
915906637
916078989
916141165
916191905
916481372
916555443
916953947
917100517
917132569
917366445
917732479
917732995
917765699
917797050
917978724
918727107
918830299
918839074
919139826
920185160
920226840
920241497
920272519
920374931
920398809
920481550
920633879
920693942
920727104
920786577
921113440
921334175
921986619
922035118
922126321
922179777
922390072
922407126
922959545
922988308
923312473
924050432
924085570
924194524
924596956
924628199
924875432
925018098
925792973
925884534
925947372
926051444
926210665
926254235
926683829
926690768
926999257
927016994
927173420
927586491
927919730
927970551
928046878
928235075
928834606
928918286
929005182
929051647
929170322
929685885
929928423
930154177
930283016
930521189
930536058
930563902
930758045
931032659
931536312
931624011
931958831
931989096
932237359
932321196
932533175
932844516
932945038
932964301
932998245
933509872
933946019
934065643
934095678
934333622
934572855
935052340
935059127
935260130
935324741
935447744
935831238
936101440
936256275
936492060
936632050
936946161
937056302
937804079
938262465
938624832
939063771
939409121
939530244
939570896
939794775
939835246
940122336
940135526
940281387
940305937
940579857
941505195
941591531
943088372
943298205
943505967
943923468
943998068
944076799
944199358
944677620
944693321
945112849
945152018
945607319
945638114
945845005
945987552
946224383
946547242
946647921
946703557
946815292
947052829
947256869
947268690
947509289
947533390
947536589
947559776
947575324
947580947
947631234
947788740
948000250
948200924
948214831
948821263
949142735
949365312
949510203
949546465
949730149
949963340
950326915
950673277
950948307
950975890
951196503
9849899
951231437
951322973
952030589
952162610
952322929
952421864
952802265
953089022
953514059
953599667
953621860
953921869
954583387
954613007
954640592
954742616
954790904
955201583
955217484
955331750
955335707
955655793
955755787
955774349
956353067
956528321
956626894
957044003
957315713
957464305
957787494
957950325
958240500
958408381
958420546
958994511
959033572
959528664
959870860
959948311
960112965
960133345
960359705
960521717
960532153
960589800
960631668
960931547
961220999
961386163
961577520
961882276
962014923
963037078
963215235
963318612
963324210
963413058
963790380
964251391
964401187
964503779
964783010
965202345
965390954
966074854
966256074
966348565
966359525
966646040
966824926
967049624
967143840
967207925
967908602
967948937
968135954
968418539
968614550
968688400
969493524
969691363
969743347
970186731
970365315
970429318
970585904
971080698
971248168
971291039
971405605
971553805
971784728
971827384
972416551
972558821
534554800
973112678
973888227
974794190
975118449
975185830
975342632
975382095
975716406
975952283
976328538
976881749
976994723
977448188
978249262
978436990
978487624
978841012
979217801
979506622
979788425
979983122
980285748
981009724
981371164
981802547
982167669
982316575
982380635
982454535
982603887
982956571
983168459
983263539
983411641
983504939
983730699
983855643
984335117
984608841
984612918
984970544
985235103
986032159
986073584
986795683
986816422
986979221
987109448
987175804
987391065
987610564
987719099
987832691
988000042
988235664
988295735
988361514
989115248
989152983
989253593
989332941
989396135
989813362
989819669
989916950
989943178
990006816
990368884
990592132
990885272
991541317
991762995
991819213
991864223
992128415
992755500
993009651
24682185
993214481
993816346
993959061
994025611
994568248
994954381
995624385
995714306
996261196
996531057
996673380
996831595
996894047
996977955
997001478
997260151
997314189
997530461
997677954
997750969
998016590
998102667
998119388
998581542
998926752
999387469
999391229
999460016
999476778
307022857
412501442
633026780
461432081
165791410
146336083
78200862
371810282
303031942
563331317
747542719
622293237
637189189
469128523
594650941
667255307
96705914
113262686
572394225
737842326
386892237
701696307
601451864
855864416
411407918
160845678
194589742
738236708
765120870
694758245
396705645
851232238
87240303
662308584
733089244
217571760
77293433
97948843
745482603
366673230
536215267
90708397
556833680
474803715
630626983
675823949
619696660
302168899
424330754
742222203
208607799
226186426
188555433
786326105
557911490
378962492
335056897
580573815
211789222
276039299
863683136
195925494
645035680
556907506
772481319
698395265
860811675
877894973
626252961
238920759
630221781
857401981
403172587
704471921
407701570
779703274
537027120
704916699
370613094
310216335
142800410
861267345
700227233
439604770
877272148
178586842
354095584
693753456
134950095
855351059
373825231
82192796
662085991
578022891
679778083
620086712
240213989
279472314
323582994
787542782
198872182
274459468
150459338
135750917
593542383
841211195
132167906
247873725
453424163
233104596
838870580
249578828
238108393
146702157
491487517
398541485
623445248
468430107
694466393
534790256
432563727
491036147
713570160
165139896
216690142
110779213
335726743
827085004
731853363
624123327
298181719
869432611
744621448
523651383
497239902
246678926
832540705
271986858
536489656
682566447
618313979
768446977
199876692
385058214
156790094
154992456
640111933
251666866
544260057
736494290
628476305
184239426
389511198
195487543
107622014
357625485
828670376
173791724
169353774
84101480
450790679
304432362
167127124
450380401
355411181
154187433
99186024
108020062
870649065
568597334
567948524
358622407
153099514
723896459
581621734
130613730
618901367
545043625
455786115
280231042
373774683
124333212
81000128
301862403
709311102
178464708
378541100
775749483
313838222
103175515
106548816
254703625
470383123
168136656
615512478
567226264
627046544
109514128
79360014
107829749
126051206
260636012
285732691
226095028
538126825
445424250
88401492
457547393
83809802
121396734
554747999
511605401
501356166
779284542
336288721
771654843
763994166
463397906
431924954
585849593
136719362
252818107
364062480
170712350
415983567
774195131
735371572
273562467
562034569
612468639
188267751
447371068
81405738
429048093
389318514
618873288
469347518
426277941
532390557
425022226
869722350
468987139
92281646
189061530
505191621
809619535
788189927
705249281
559269534
124980506
83485993
462993599
82741059
343407346
295071562
389582516
841333884
310011282
842393889
713328631
671071863
213843212
764313337
669794864
589738778
289078422
866290932
662075866
333300180
396837553
128881657
370734729
77341729
145756764
153708629
830369805
521112539
249494066
696339412
249939011
636574077
488259857
232742039
325027013
248256545
261733084
655677434
585899316
716767667
609824587
256020822
279323797
266067391
797484099
117409290
657910099
736588319
143859623
606705133
711539749
155370917
655198386
117551125
85903056
666288841
167860834
522509178
196704126
833169273
583086735
111186476
189958627
429208051
456969234
764346730
133637897
540303647
854079788
134539951
158492830
627470229
711412065
144159669
393799161
158162340
240503424
254551605
863888582
137143980
610857970
502533183
445653636
461241899
93001663
223335703
691148036
187831241
487852085
605885100
419737440
193320730
410564188
98967378
82062120
645344720
367983173
257817900
128609349
162014551
625206143
157223384
776095650
716446592
78680178
146265305
867980145
108191922
519459860
876143451
653761443
702457166
84309473
76140334
760741808
812504744
313563193
714470199
143573114
629819664
203628047
152027388
217783872
238473790
679881830
99064237
433926426
687566149
164319605
337372313
850466534
361387316
134396549
181997130
496663122
873717163
588707371
236874893
506060449
565472775
492308560
798414597
526379872
118473220
579964114
537613896
522175997
792278040
447843094
482166434
246395422
103104504
741593873
756116186
448962147
241847786
545288080
865938335
398515950
692484033
480012020
538099860
548084177
747069182
101007675
409259288
186605828
712983845
492397563
865190361
134162311
474269600
467978689
386375447
384563766
418148698
112349726
473021981
325642209
827792639
145532839
99099225
419324842
334314627
691910019
128674409
403317373
103130563
862237499
692423752
525576492
604350843
469472935
256938313
224499309
145270237
493921771
705325024
708681348
504905878
356339796
605565763
821107858
94882155
75412523
788685886
95593038
694495170
270920758
102228124
699729446
454576948
92673139
176813966
483787639
120533444
461873850
267542385
667547743
803564699
388096474
434869873
95422655
132583509
218985387
197772889
211222531
124273912
458904968
212151873
861484771
754497922
201202671
648353195
733846794
514537602
83192338
598961334
535922102
666115362
821935858
487350562
138892419
131194047
130983032
442947987
370430050
384596809
130895442
686756401
744408906
295188125
577522643
355231188
307823490
868414236
720962370
609631310
209996422
268297933
512133300
378336590
632090072
235896851
279787535
869658027
334251761
489870724
92953156
223182956
688781072
187836232
507609314
591148122
438775185
295014627
99670669
198382114
574136778
570269083
136085442
108760184
80622721
255360351
297160554
118826463
183394147
598496875
865815189
817066548
715937118
142549359
882364963
432729729
884425549
865614199
797533289
157005111
108427351
559872127
520111377
409212288
160778786
590430368
124114616
812709425
210568679
721596838
295596891
702515733
439188035
739003162
505042680
838765370
626806130
736775729
531084975
651641458
227723443
869137477
688459577
119240067
408057198
477592101
433484089
630429931
194159083
568283845
220007280
197529672
585447820
508707984
328102173
880614561
566502866
582066649
309082432
787791050
608167387
98832071
157938351
148334457
333285648
685081820
371644965
846599055
82403121
645763168
638378636
809727761
307235437
602544869
113062509
786359252
607703438
444332763
422438796
717716156
92681592
131384838
566429174
200367623
601633300
428748545
538655576
154207479
708102579
654176159
504424101
481133235
132188645
567936673
151303181
686510938
574010814
842300355
383286777
86718898
259202809
528690312
481572826
557560626
341871431
237528691
218044665
774858599
547933022
758648732
628264857
860209574
765817482
150251936
351606556
128341110
496117205
683142892
790417927
656094093
370987966
748742646
646580855
835340808
308170595
511803370
335494187
160451676
547501574
639506180
682186692
99042066
451773877
809542988
668664227
730160039
89580384
576081962
454573466
99548885
408124899
519095801
405168027
228628236
621975154
564935425
810001537
602263726
823221981
371482279
437525910
512628547
769649999
688348505
837141503
713398651
841849142
139212527
380457075
143101640
269987920
320702512
511612291
580886627
484992160
625614886
178836525
639963264
772292106
567596073
642634120
879922013
188172089
726645335
200645533
249809723
122084436
407799001
161442991
692865644
709496121
492853882
200383020
156857760
670722587
94702973
113931736
351942023
755192143
462411463
516220978
212929075
525079521
392488835
562078923
221382926
856001649
578241579
419271397
289107750
681574050
514344220
860324198
322660568
641681937
730785516
508550483
303343332
343710785
334074540
595552802
513458636
372392869
624839868
385136794
863539856
585749209
187020846
689040814
622245670
400721846
733597247
865688017
870306892
163252311
135363784
781305585
695333776
585228772
79041782
296919873
179890373
233837118
289352546
325946399
372038373
826503425
250085197
598009182
674925124
686619864
465685253
373551295
735259739
132407713
439411894
443751580
192726913
676985348
363328209
280041415
629637991
683270312
92628594
335407032
755704309
363402520
85878934
117094605
639079834
142491992
135031270
740385466
350327233
828447424
562020160
148997691
411098740
306997470
470744799
324807661
110650653
497621225
407491998
580601136
106981656
473443285
644321833
272840294
687725789
557627815
776166135
339491944
491903282
778766810
150022369
514734318
99928192
344371966
875514053
576210986
816244520
576195192
743652134
423133932
262680816
136044649
247901604
780039823
694020420
102793856
732815755
134340360
885271665
255504379
328144935
824399079
817146659
781448659
183519605
731348321
753216698
694598822
862608239
447916613
794308461
276161649
716196436
328338195
791979462
730276989
457260646
768590500
140400893
336782928
253063023
502209075
388159715
810713298
154661669
236355257
480888905
823687946
653801828
387560064
232887012
714305189
408752631
456637051
393987235
325304817
853152278
884462398
126456947
779674225
613339180
876407106
375358337
328183754
302961919
753239514
564428255
84595244
687809434
110254336
225736725
537414516
706542166
470206261
308127443
656371435
331625272
686441966
437147567
491144844
393994739
773164689
708116044
883015176
884953843
833543883
672381238
117517516
707791549
415364161
83659541
696515327
550125031
646160577
744664245
503339167
111679732
419826863
484279269
123618982
587317521
385586509
288620622
388445524
804491243
313014429
743772103
491643345
581099178
143228522
134742905
701449743
456986821
417540437
344887330
310808990
410395691
300716188
92036100
433846770
591205826
294618390
164747985
882105266
731624433
110209746
616578671
228811494
143249915
831222426
432639933
738166443
807910642
658256920
239359113
724057554
118705011
380320651
274941485
458257467
755043134
329293110
368589351
146646834
663831149
765411554
628839525
394583415
127318946
739238039
673424969
522942378
739266531
885663499
265269615
242221856
477048507
873677967
219891052
695431192
408849924
134466475
672821014
806452299
91367650
404752574
426843433
519764316
267942967
373876783
153225983
170126068
736638175
597459818
271230888
551818190
140689748
440664737
326473796
318219072
115307630
739825321
607231981
703255582
458942278
475347258
661354378
363787618
804703656
452042362
171670739
734587638
523112682
839398502
809533018
518697799
536427183
191619368
778804825
465375497
668404838
737508757
116657737
622803027
145780306
512816955
720443559
198960552
306660273
595929185
124702451
393623111
430323258
858470832
215419361
799741740
276547122
115428760
96673616
220717816
547745726
393910502
258491742
566562864
798328889
597832738
140751911
749082577
459535784
396259018
455754734
752148253
154883205
337281547
356680557
764343054
198167457
561654321
859606620
163547517
550850959
360497776
821041555
513652611
794301833
728679736
84612613
329453252
541794261
394090424
834701296
640798089
875457244
195849709
743967794
332398084
415148636
643479175
563656151
368161792
517401977
549131560
525819632
196846252
520136811
584041458
588150593
320351492
372435744
243793836
125963831
403308323
475238134
687068542
550802968
858223862
528078500
800632240
239318341
711327312
602309518
859880040
510665341
318058660
146659642
416581559
832877401
250434195
522742576
831085336
543828959
395288069
241364112
750808369
671942826
201487366
94662880
649249082
608384853
691135915
497749233
318991653
741682084
82513372
801183080
360507646
469851902
221988407
83959483
392461161
121409273
141073694
548850153
268067670
449244189
357709308
108946263
79487558
708891377
187562013
85686034
347221826
96940099
830749240
515727837
516757435
117806466
336002246
82141237
283438137
144796094
241089690
508387297
119035175
160866884
637234060
744559533
339061213
258515611
264317641
84239131
295340907
336565930
841617038
661445114
470422847
718233851
191295471
465501346
94182425
879783149
200679813
294187378
732652956
805578618
739736214
484736399
220096884
390627059
77646932
536109608
293375722
240788445
507408202
137742733
712828606
130778132
849128585
852214681
219224985
745031630
226218131
785802018
284324652
619171095
338163832
684324551
535496674
248236467
142552026
739002148
321635904
508962618
159339012
593864165
513393929
535810282
606398370
510605250
527196106
886808505
667419997
748886963
398857085
136015567
765706040
103936171
648354961
772025877
421108548
654589615
850746265
525200812
107318621
155111776
389788183
81928887
241432996
544347581
545107229
780901877
205354842
506192959
760565410
796469294
163266204
106904365
92716667
510958282
555203169
619546688
323259783
92551845
374233573
146621503
763153633
566059173
696882494
737275863
505997553
138693160
443785464
749052758
639091627
786093955
390524818
384784594
253160207
170864073
385076038
557792176
339740126
196605673
117747272
846738197
682180900
809161979
245830613
741881238
258536838
428216829
492311374
255630588
740007642
162131421
760255061
842611706
835760285
124904116
760153616
241787298
790885578
307027480
868674894
321966749
705062832
509038899
767493254
308880472
140159720
241592559
110828729
674179336
602203770
164235153
265399051
88133738
846860043
815918606
299946922
435440538
291855768
216712640
265611893
512656232
845314100
757738428
129443151
646569214
636794993
758511588
739468180
207157464
531777668
829769137
421958861
717858111
111483373
386711875
865103392
114588303
668302835
580884965
712233232
645412825
722629081
423895804
111865802
539855728
733899084
286881740
627664258
462910544
649367421
751957446
443934308
171286545
142805471
543821530
834402184
379688185
193207030
621239117
810859229
387022951
715353975
480586917
285829747
687718141
736838668
439950591
109989831
201402278
477416062
746741490
412840431
414365011
170418576
655282792
234955643
165253861
142148285
605744769
692026233
865024883
230067508
303476544
328406246
131028394
315271347
797367089
832614043
759752877
244054187
662784825
647363750
431800724
527908549
132983534
656154056
829818504
187645132
878681689
132758424
146304749
705179325
438617915
729308816
194410084
380597510
661422897
253061223
700332386
462848064
160436246
620926890
388726573
678309144
495807550
650230035
590747490
285065320
101701993
848837632
873105986
163405205
684586005
686705751
303877090
304048516
571611947
295912841
859192240
103984462
793705962
588532199
698587212
95650034
105070196
93231568
795566026
497281754
493240785
347280448
137030513
633118927
81202254
787142376
351122987
683843753
489569922
701742653
688223731
844014929
461603086
818987452
478711393
859846677
248150966
517847008
712922969
881142131
399841850
170009123
594671455
675583705
558281320
99590331
207059302
504271815
882754993
445397207
380140438
80809664
748489621
689656174
566338755
79692457
322183357
652875114
221547573
251649186
600700382
411673218
472638668
587477968
577047698
563882144
690131548
612222197
824184640
575196785
861394082
688726993
711058896
187943650
385284531
741753914
785671182
504644135
632354748
150598274
762252994
543567213
510040609
85877919
329499066
707614824
74688298
411883583
313451362
509941695
193002500
81945346
530504970
396894291
353898483
797946337
202900486
367946249
336186566
545786653
770081895
811626810
304846393
713198304
780857809
697198178
351012232
365207866
164327410
512009930
764350659
600118957
475615465
90987714
209953938
641461989
449468303
431281849
521817748
799255608
802116893
259341464
766251080
645609026
76409998
275020247
745763827
842556868
109396323
452117343
284840612
829791719
102356541
131837260
170820165
447589645
343906065
469686888
75443709
257214945
644400362
207535621
511689049
399895468
644110346
330748355
249704782
433236424
246010293
217148617
119548770
785382459
619671690
407373479
841207465
710245907
309045981
786144401
118484489
646590321
156850814
364725903
701349228
567155096
106857664
885326867
285190905
249085199
317290380
843363673
840017062
613326040
844378953
133691750
545081841
545799147
384386156
589429985
163312420
301113140
746845312
823252057
236793294
449113708
779552302
555887578
87673680
869512022
717478035
418352782
687550311
91488805
392203582
297364321
813781000
76441806
225835024
641971728
228525940
265468272
849218856
548494281
95234112
531381390
529797231
379493476
601513560
278937320
653484732
576794724
204133713
122107926
849469096
815327423
372513419
84319364
216281520
182864665
314929867
284201064
828842080
209735843
756527130
728868831
112595074
627708849
267003573
422713550
229802492
169477081
755133388
571712393
537130456
637938199
722400803
99963494
89269660
74437154
311500357
211073143
613896892
213458052
505839253
721179045
750243247
379411404
145967659
831869437
92984850
125922358
834355177
327065898
728272144
658232360
792560804
356030126
363697558
666752875
339371866
556445685
306114348
341824298
268066564
81943435
781507917
170721657
269184195
140316534
736927402
82960167
281813312
317874821
632324599
289879396
201505390
86678873
296918522
775294816
861462634
647410639
131160664
884624030
307096584
752200219
366743519
593711654
631300798
570281913
363377475
153191068
601296658
597534271
770523926
635656026
324783215
327919509
574557071
723815257
292275989
192888663
825266581
117116004
805674404
284515143
297770340
541872128
280776459
283426088
784549738
322993241
537115583
128331903
653930345
493004847
337704106
374291481
382220153
682560538
434271118
477003339
214635217
356610080
551039795
238744075
331249837
481873786
100478760
156120276
757262873
847797878
314631450
576066182
854865257
329214815
772976199
680037951
296842776
248340466
875563117
150363538
236145763
782124995
603771061
663442184
393802822
414323888
227099956
608917594
483231317
773367594
183471498
562870793
473246124
547752987
327552003
192401784
792941376
165179462
86085427
174615186
705975733
102145271
268010138
134117138
373461608
318923916
763797181
652243353
439081916
207179863
665702783
837968752
725089987
198800790
569820486
873979109
747684971
587632052
816516764
500186602
321450282
691986657
718636197
825844556
224734506
649151067
242790962
121263702
138372750
695322580
470504632
153811823
310606852
313749909
125233475
150826835
475644333
156524778
485450091
188055160
325280212
121129888
305772336
187849550
482581839
121817307
595843015
457290549
465472840
334715545
412240125
807356556
370914607
707467424
127211270
212588471
339376258
776535951
478329046
645676086
128246799
668872868
527234343
77151040
560256790
374708160
189416248
218847644
366576759
542090883
351147411
295597858
482137853
433506342
86749283
860500206
294679908
858716509
870060371
683623641
437156198
792565921
307154946
136933333
361039922
140778222
561737354
88412810
315871322
547194871
800266226
75756777
288256206
293244103
482277590
205752648
300866699
694484176
406041118
98082472
452238010
377139702
391731114
595269237
615473986
682469474
297901801
645423432
544199182
140028840
270824735
421248920
622395111
236056649
326881799
688395584
655063457
293365528
239374889
81176699
825596830
553088439
545484864
772784310
585637891
672250434
114510285
132414520
201272018
95714768
402776913
414049100
485351819
210809836
413710769
227421934
95806581
422806084
223041473
255817619
186261338
536977300
95768481
438358453
748705527
534206442
208177689
625994397
200207696
350879424
248212126
212483085
454801612
746415124
788890228
108012935
366236505
547372461
625943427
685727063
729958453
817672853
614363457
579466720
782383061
189706881
824850145
462360840
106932409
391704380
252046516
293595462
249404759
545610672
748054284
182339225
786733435
483656557
418642666
516048277
557860056
332047842
504423732
333860762
216732090
812121396
863846428
572094532
450748013
609951255
799731319
106119021
648434062
338097067
629205807
404312724
811200468
784947292
395037832
716200948
883437492
132146719
153821261
613607492
180670941
418175525
641326513
698722861
183151719
740794895
642541067
535013020
282552291
122535133
135617435
92608808
132573071
676617251
163550805
310685506
130586464
230317558
581220498
854871049
795664407
317508456
612015698
588023392
791812373
274619650
769899864
174870465
649809047
422747566
176815493
537653338
457791227
518942297
579846375
478763029
339545107
850849009
651241498
786604302
650427596
100320947
664418837
774809328
431469902
364789127
139146612
74573000
784675041
361666182
684573386
85366566
358051737
850109158
290068249
125471275
233539834
520002159
156842384
713316719
793340206
322786733
194888674
352255573
422878448
853625694
495909527
878527328
127773353
126916266
74160432
718419928
720127057
562173074
794417152
833652365
406916793
80238367
709266941
789430343
421758670
379984740
400478969
675520803
580985493
389970394
230827535
220741524
159962857
561727187
217126694
828088834
683306737
669375880
272632442
436343437
557174131
417476999
857590137
828257501
85077093
453533795
552529163
388882603
780551626
667318462
128221551
233809825
652338143
697736291
282648950
814314329
407446760
844185953
479130185
282115450
309251021
872719227
603717917
95711215
338608410
513360725
157392472
612883821
606125714
712536018
594719660
243281252
256810711
786549285
878158951
247761631
109393711
517124957
120981464
547572807
760447631
657302958
708663129
261485054
512566893
655663059
115833225
261637729
831691191
584489692
145613921
130003136
722612686
496387967
209333726
828263571
453965593
730388534
84430449
807446109
700001106
208375604
662738877
825428564
389296037
456040164
667721601
639244454
328756380
549453971
204953177
91147928
350703421
562660847
459375297
839152651
714154313
206266643
381847537
363908195
125066913
398339667
767722892
100150850
718946655
779609311
262561935
296447816
462567766
455347603
877490360
354294253
439595586
257839774
465977038
741830583
432937897
545014589
416243776
833362262
125152244
454463328
259726268
183639035
818937668
705309236
186500666
77998710
407179174
526899568
737403824
295894407
103176088
562127201
78307130
674108034
627231239
725409235
842427320
880326216
392072171
844518257
156818121
633038937
101546536
412780431
841187818
289032372
624750933
769494071
90670920
163425916
511570721
679695359
436008379
290462151
812947980
169420026
685576011
253452326
818088781
222632878
770122803
325998266
106081979
700633048
220087773
477682191
405041255
93419216
748166392
682740797
882856622
437318303
518845133
413122629
636227015
283872788
823300828
501392002
822481753
386903728
227355188
458686796
835976324
286720464
494747068
827416870
854117233
637083472
146391758
343601044
102390412
472901687
746716925
248925912
764716248
80334377
872342725
520761110
437473306
322662745
617349495
82681139
322414590
774123192
740054814
629026840
759429358
832477876
833350441
130606100
203128656
643113055
758496896
879927455
599904375
78375939
255773850
480929452
820344392
398405926
767809009
413357563
880370490
504303511
587704724
254310051
258771540
254768751
571573706
872549591
390329898
349608660
700504435
603580632
609067736
74347935
194193397
754166067
123547224
372532837
367440749
562710351
591158622
333072621
345137271
136102153
494782170
572105361
662787499
741921801
247905492
81011834
556325587
407239668
402963556
639010256
670867247
546881879
251924597
159182875
686043820
732311322
445720439
585169760
379039221
572459621
424783533
788401353
667011134
741659898
363955538
418500561
673070592
120554272
349342748
819846787
107292946
543324440
99067946
684249783
472091130
155385382
79666724
218570821
863745392
516221683
574427353
391729017
665166719
457590111
823364915
838527351
623064152
453548297
849384911
702553185
148169386
442379882
505142062
290805118
447490612
160467801
709139101
121435477
390874267
721834933
160768677
676219522
702988272
876716176
797358134
849899593
263493992
468075687
305030981
209061963
407364426
476202297
494678672
431301864
724941647
237309321
638510295
412094531
194346524
535743983
479707901
348385842
134181208
640658607
642264908
341021499
510636616
135260755
207337749
827085089
653265195
871742673
648541299
859961723
466029954
108690253
800021638
388796416
749821443
347164204
601674032
640477129
446064221
78370117
740114119
353166825
221931087
683962973
676708122
159865337
97315910
522131081
413104141
304625576
452820373
733784636
674838677
513837391
411822769
869897359
816399329
132537743
135884052
156563992
879886963
579263704
73368901
746660373
795958636
598479756
156569333
553403968
203078324
316129330
176563355
98299681
747060047
631587062
580372984
221993161
121368747
659967793
434708881
671609889
112314997
807128939
483901370
367842869
162398002
828285318
759716076
744480771
790006720
190532440
637431201
736259649
849604396
428804881
514073402
769411852
139504247
745739662
694898856
85320930
833851036
656692159
182282749
361006588
663387962
315637004
457979929
845991678
646294763
322996135
667916790
288034840
342060839
83644460
121616962
290720277
397417750
323508241
564201903
826902365
604453185
683563462
96353193
153076649
162717573
499035408
250706139
557947239
799578474
798399490
465816468
116955717
98310789
196168581
285189018
540939733
468222944
341025071
365876328
810590988
474519275
494383258
745281876
481846474
576648817
289740258
209390135
170328087
751418537
768580916
272350944
119482111
741772073
544900758
719201771
456744347
157813330
173256406
719006080
557876417
109849653
142805911
324878914
125246887
271630514
733339667
332638104
866161379
170695082
220509876
210256870
342542490
290879522
105920421
121219737
507334389
700384435
363419584
168458054
85594366
108531348
347085917
487256408
725220109
95558464
754098549
712051464
98700462
561733577
419194723
502288089
106668241
385165824
508830432
540367341
509934853
620796592
863674616
698441477
829599876
132377778
425284294
700032457
354017652
522637304
648565559
783571045
322937845
805326418
51936661
368995520
148819125
359516891
168974287
308949069
151366764
474501098
204177110
881877588
658450129
628087405
353523957
597537166
295449301
695863506
255219313
130512014
550096590
814860736
144960156
434248245
423019341
577017257
437363911
756145372
156995216
284691265
129203691
734232825
596286938
461235720
755043517
471571323
146650411
99047945
507880558
233501981
208827812
852584675
356357322
736544830
659524590
833924207
772917754
600782827
85295239
254334025
218851286
583895604
730501795
122737351
825974525
268691978
782200279
756758020
83865325
189367116
374627554
554591403
773914676
473050253
748665689
864453991
90037449
313953949
378304859
549925586
836100977
676492696
99062854
533687963
142420897
320317318
879398190
246852218
269032979
295662522
501837476
175296212
138224551
712073049
201323777
397847618
138790480
702590287
885567847
123662580
839736939
643499909
362343957
136888007
745949160
748021027
649086823
678666730
867885896
141189018
486951906
257426566
588635186
246210549
116505655
883674980
298033551
601552887
685092488
196446197
551268226
85155227
546296899
847597095
288778228
144319134
102139153
128433515
820736140
771586118
415215701
360188177
706094957
725650670
669052911
683432596
674653344
320129532
203376879
676593303
856973333
398886026
581083424
326625378
660576610
441356869
450480536
477339327
292089941
425243897
747860018
757825190
593491781
149823578
128591796
349674538
600544406
262422263
781719234
107381402
870182202
655891286
563884062
737792468
839914495
833017746
410859031
477085539
206182086
278080905
412768948
796846003
270871084
864949678
205159283
496774396
787307070
254657681
143389987
318829315
659884973
209081132
115304105
884536011
126572226
683896096
192367959
560101185
523406210
448981124
739487643
349327654
853710100
353514127
116783111
116399055
716558984
327841410
704174323
584620391
731305429
598287427
101344802
183758835
95507223
311374427
780581379
308014784
179964836
598543137
332941368
303540977
273942829
670178755
336639780
146001107
415002322
739389858
617524815
160249414
422713049
703117616
783121407
433846949
619233545
279033996
739630714
843185198
606585171
90194370
223464841
527179855
389158765
279092133
139640319
235101432
572085150
715481126
617839328
572904709
320809009
609313131
784940590
718731515
792491496
447757997
845637473
148943229
683188547
663890967
526762841
484775064
446860872
261171671
94509264
244406549
74667215
622733204
355272000
567308380
113851359
456999306
122212450
281377991
174757577
846377940
534606871
788898190
874141990
274367012
805360408
656533337
459698840
496261380
614988588
413089740
295185617
794265265
239297913
679204366
482520285
171225281
112744415
880657604
805711641
733400629
321391377
145294190
745088494
593577832
517128686
129772215
141730869
459532769
119217068
504739231
605843020
346671395
378445781
435737157
649968587
213038650
566486807
687809907
392987191
653361537
511551030
135420936
426790002
245687750
84275426
727559368
469860366
438717040
519798409
871751154
748581657
804631510
631768348
480941125
96709137
210978670
582202889
651983611
360264064
179424262
312248194
676691654
449791070
828677116
133883658
776155248
498467962
775972106
565617234
185412297
246769892
843062218
716846777
256231049
434111256
785020049
707342665
261319544
559382788
108148433
130379846
301774524
85775409
516745733
855963262
848641244
402341111
554658392
663299815
426475864
880598378
857587631
401869507
637146987
134851350
860802260
295079958
421620009
618294702
564810734
725697048
306749433
811678708
125296144
465893558
344828666
388552975
115493257
340088048
171715322
629639482
750364955
621922313
114244903
510362950
520747631
817212633
632712233
340483001
692059129
866674476
89547272
101185294
832182315
333823780
635685601
544703794
822728676
693887687
769556196
339604580
829396136
97839707
128793301
148085728
288515927
349168275
162457724
527473105
843408892
124495731
108263312
737094961
564166773
458569759
685841250
698441216
462805883
836951958
551203153
789751349
417465888
141584090
539807296
763608906
77655781
171282284
378352207
87486832
844615376
619473613
96055782
138773561
458006940
785023483
845726759
439459399
142895297
678476411
569236645
604988469
619744022
145701455
603236483
839964575
380157852
509296396
74727530
402128093
203223987
658245600
76315342
437635051
888180094
142906126
709117267
841376164
601931483
475395388
334286058
549804594
312144100
662894282
442796446
414240414
140698900
590727233
659312499
347111682
109672357
574774325
95011994
542003632
96107490
527304097
249727034
846139595
444964975
783722730
772035229
279368727
180756211
839959949
311370068
317989703
650064305
108244339
679144112
538204192
831178957
476593056
506166621
139221513
358013827
223719946
227940574
655440423
547496937
304997115
481644250
89347555
415912244
884474268
540324801
697063107
308428113
379085456
134683416
680445220
886622384
368389079
862159667
731589910
124709454
830694707
112228413
291637892
95743147
546223772
481546777
494397732
243507357
594355662
845011641
106754936
563849984
188872895
150346359
194402297
697709959
201525592
298077036
864808808
581686197
389123738
336449712
102972484
405895078
546385688
707562264
259227591
616270576
326701371
236565434
555448559
645229157
571709397
369968072
887417091
102371467
337487586
405449065
860068119
165430186
875932927
586747597
274624694
642616960
110051946
109044019
743552410
625809363
285084991
285618586
74728346
193497658
785861773
497431015
351182517
283241282
377631679
487071830
706918594
389860738
782467206
393147655
635562283
789372808
376704070
790103292
590591938
657473248
868922361
105218877
831100312
635065602
410301103
249922790
514004600
711187370
206173583
359923241
867358637
775240944
694820485
626010138
375882062
779931736
84092934
87023867
123879123
289094703
226123046
304131967
81675456
517580706
618332157
122505969
108743471
433751630
506459009
856786242
190622818
408969815
577560633
520415476
740074944
283975011
506713927
512537003
247118924
878899228
735765105
723482411
366434604
322446859
564391260
810379107
344255866
185022870
812388295
768221046
333194109
584874218
636435677
277207893
76701086
90048228
213388986
598955940
93724692
681174394
331961293
732347941
862221193
258268537
715848018
186296889
402134639
733996427
636119315
125784004
209911997
115981650
378702387
330397018
371226639
261990955
267232900
741104893
224522131
293990737
687274430
136565560
808738444
334053139
695708112
630939908
315540208
367770199
423865253
298982746
715605834
830405893
852018837
74009574
341925418
690901555
418457923
633707629
118522782
852762817
190220931
358753248
604146848
376791623
703572204
839772605
380402170
88999385
107603344
522913308
655721642
829864362
808943225
207858986
879800609
748157773
865699105
646217181
245473532
432051234
747994287
542061603
331249517
676993276
316772360
306219691
523623177
384186643
656075471
641121770
403267022
370779320
254415040
82295119
836405530
494740725
254091709
599843595
749814683
503984490
81898178
815538544
673492498
184050513
222293200
379098866
642054731
625125487
668709567
76170470
369999489
482752791
445513774
142564476
360736726
658964014
364251634
390583521
256386853
572393078
279322382
376266309
673212439
607586336
738208161
815644740
869180572
465494470
349829443
477440713
632193350
389289280
427792904
106559723
842547563
158270555
109814077
859648043
487436786
449508907
98501064
466512249
475481098
799220946
585155370
297135465
868572130
630818776
779760651
545187044
705682165
725594994
509143244
207183253
189075476
741836944
115022834
757812970
105303771
569676645
155295910
147728443
318269147
91388102
345385782
406317905
570958639
676857832
89688357
241986890
761072117
669705571
379068411
363338733
115841597
236329098
692980097
95489403
472637319
505292817
666465887
752581301
168851633
429887281
830542882
74895956
400059849
533535149
840483767
782601399
97986727
455846119
141771112
193624412
853180076
866331448
498925103
796371004
113736472
761428993
475876766
465410956
321801715
446162472
731657788
707200683
544606211
642386557
499945104
646389736
84919123
717950162
409406975
800692582
227312915
147814103
469002989
74494285
458366646
645524806
261060813
534345821
107846088
295941547
458166589
793140492
323576636
626235653
628665159
818855374
574627687
846759030
510121534
750259257
264823372
594286643
181210370
474584670
579603877
566418060
624590670
499257364
691488366
530068722
403965709
578311379
306867951
184074366
699949997
677032294
186241862
266569469
320002143
262697400
667509435
828526240
670293461
412566612
611605409
746064129
629295632
515417089
171596595
517383598
549573821
537172612
810238178
451374627
242233639
214007558
713892954
640992537
193322783
337413432
870398032
843482574
330804202
130821635
610589088
598803915
364504376
440938999
855735603
110158342
553542811
352602295
396637463
686698001
447060599
755051957
462148842
188196989
309755682
97301824
797737711
809841799
675202694
465650301
577016739
482525641
754770249
408013113
713717543
768237845
104954945
120482542
748588546
618012737
574821931
138077685
500779799
354226825
451747523
116100046
248188287
317901790
623511883
145138730
202447477
448133555
791322020
87676125
688936333
815502218
220868242
414424187
116330529
486960216
623234613
448549658
142192311
600507786
433393215
875151952
454946041
773558886
741768671
86923556
760635110
529368622
580114798
332911037
78023969
566492383
467049716
304046409
440598540
731019193
101604257
827647705
609166045
380204792
415142626
602191771
426618652
248162956
673417033
842883600
858605772
630792701
439752253
562984616
118553167
134032440
146082378
262810665
848662273
330477211
123305841
552533809
809842963
359718667
323966707
737541983
458623755
741361038
524728989
796191681
789913259
610694233
746684411
173874158
740936078
470635888
413731088
188407653
201099800
111001165
462034633
114879781
724049186
121912468
92869055
583429001
327869416
98773298
740879701
291113392
238397713
121134885
842990052
173100100
339203521
805083556
402727898
274929515
620795303
323455951
139277934
678800987
111938009
625862325
230814893
775243719
332935609
134338267
887233424
598388800
124561499
801086289
609567041
257156691
321517503
221657524
714075225
696194648
760860244
384140861
143497126
801099064
699162588
647987587
435059943
747193172
215891595
423580783
337617341
553134452
671276020
329564061
86065104
580889164
551584057
81714146
811263619
499917917
437662765
122991869
444016423
384294521
619174500
854977701
111157721
580566290
477367340
738170326
214269014
589504103
531607140
459202487
202795456
90870229
500892731
81258014
127822103
95095283
156210919
519787629
314451858
767675871
169879818
592426348
852480261
611101627
135661568
176716297
82786827
203379456
431102280
336683063
560147338
335386447
260216521
159810488
184275807
174047155
396113803
846306386
395516956
631105199
186501662
685079643
465670498
224138539
570336675
267864989
502482190
74649729
427542986
96649840
474333532
295741840
452413420
674946288
795659336
219854640
277780675
607996890
809480795
628637604
524263937
450118923
130071174
726669801
249067189
477833927
110243809
424909778
521879808
362807972
176715722
104788401
671364817
515529107
91108637
413468905
554151209
125189115
356797787
458994388
566235143
782819031
880383537
430840856
651242471
311559469
273517200
343438734
420156061
510805226
876487050
229805666
471146703
281138090
690425339
749999029
461329968
784269104
844913471
476295939
117756821
321729264
293966024
86258919
472784934
74197192
303447753
131335975
475622983
385520779
881920651
706284785
839173739
585618843
747063243
645069361
811325858
316520089
267139459
318365529
600882324
852487432
513293728
627437909
548196954
130877652
431191148
656092739
807972312
87366777
77107067
485053671
810642201
132997762
136349831
142401230
647151351
348451722
248446246
151514556
708450056
744700393
621167398
227907359
686239171
195882959
113461396
854486788
504157394
762551864
186049084
188377639
375997205
97191886
234369390
80396381
549163000
345478936
550887375
147146339
524519668
741169331
668820208
633122594
316765147
629701863
182208231
568856562
497138934
687542917
818641001
447596020
176972113
194889932
871584489
176990717
790436906
376491338
534778292
636353631
211832974
448391948
612911465
195413403
620838513
609285505
747729978
292424507
439473628
373530235
406053177
318512887
307293212
618644508
125847627
452453853
672999720
206665036
478385524
115789093
442242523
607590655
746832005
617478716
514768049
242637750
766119101
164178461
488576216
228922507
213893361
734254928
97276194
190649328
786940927
848508486
580921593
335910424
218213195
775389965
107870509
876330813
838978875
846458097
342504475
650089628
658895767
660913722
189799250
675509031
454389400
683194847
502973617
583695615
808345623
343950305
664921901
784019636
276619348
212815220
733235624
403108596
441253568
507369905
492311989
155544910
513344943
374403003
649161113
718588168
500196332
201918652
146009748
568650364
540611712
273728843
264616901
652830334
516323401
174349286
826146863
176955035
631171428
284032422
525152357
332322178
596823257
249849083
135462713
717338344
508591858
761906976
462199079
503997600
213708767
777154001
550726072
251940474
649299881
504916113
480433633
358181227
717513171
509219789
137738934
550806629
75606616
451565880
863209865
644088023
754953473
401709796
360809877
302867468
888263632
842390238
659765776
646455282
327898188
282461032
587036289
561655150
526200011
602219614
518658752
438953985
355236556
413328993
590377512
761620150
81914079
240387428
385898187
119925280
550671024
758656805
315803581
738675328
729367144
478246749
252977594
708202437
105853348
643130122
523482134
253217141
436061406
386613763
285107434
829368899
412841899
757045516
503489063
863011550
401108072
357131709
439758513
879326135
496016937
640820176
421914945
495419726
396946814
485287643
113821743
213823713
353141115
289744427
878537225
807064712
440555492
787485451
105386996
150151056
305852754
396265164
246366754
382697407
337413983
282879639
547746741
108094275
501382283
268501187
746086642
99323711
405020715
116819439
721013025
797635445
457765740
849687989
601199329
218209278
351568522
135569794
773563658
432096951
450158268
757534869
91456766
92937202
437161
684458
768532
909429
1068323
1082343
1552325
1637436
1680344
1964921
2196175
2197695
2245868
2392377
2543400
2604288
2745152
3310418
3915921
3946047
4370511
4826001
4990080
5529542
5541008
5600312
5774498
5945781
6022350
6122500
6258802
6501312
6513096
6629800
6739014
6773241
6954398
7108085
7123066
7187706
7223586
7549881
7576403
7705262
7823819
7960684
8361425
8368946
8392252
8418003
8447899
8626063
8921973
9475357
9491354
9630383
9702350
9820478
9908889
9963266
9982320
10348238
10395196
10433447
10512841
10596167
10745265
10771570
10941106
11017276
11100104
11102382
11121584
11164738
11474800
11853975
12178233
12230373
12488577
13202694
13564298
13617488
13707747
13857655
14075189
14091124
14285366
14637841
14671630
14887778
14942022
14989506
15063644
15071110
15125127
15282696
15471438
15495291
15508178
15513486
15533026
15753635
15906584
16314630
16333500
16553780
16555148
16825690
16843137
17160455
17443125
17864157
18047528
18085150
18097182
18142327
18190188
18538037
18645994
18673970
18711086
18769590
18877248
19034591
19105823
19116759
19231664
19675164
19738873
19768632
19911968
19986024
20044264
20090701
20340022
20690160
20700154
20719756
20969885
21001315
21034060
21066576
21383976
21765754
21809008
21905563
22070560
22244540
22456961
22561472
22820932
23090343
23471364
23490106
23594539
23638983
23649283
23771888
23816544
24121766
24468893
24572496
24627591
24656029
25403023
25953099
26116985
26397490
26811979
26906236
27047193
27219879
27361396
27388529
27560259
27575637
27870350
28877548
28913668
28930493
29037496
29127173
29131958
29142351
29155268
29258400
29271669
29624987
29714268
29887016
29914329
30528781
30689096
30704292
31041477
31192981
31477069
31493426
31519666
31588286
31656106
31796966
31831618
32182072
32684977
32888144
32940000
33109632
33382490
33508282
33757445
33875686
33911110
34016980
34069573
34083671
34312019
34328027
34358659
34378884
34413851
432744330
34537046
34641201
34894322
34987715
232801941
35024262
35036329
35277447
35480070
35670071
35678669
36118750
36149879
36220763
36227036
36506941
36600950
36676656
36685250
36732786
37209637
37210953
37420692
37461371
37537156
37628420
37809616
37885704
37957164
38232411
38333084
38336801
38386025
38639680
38901825
39041781
39121576
39153950
39156994
39190645
39224609
39341821
39376926
39392557
39538212
39544075
39581578
39605097
39681220
39753297
39914152
40163536
40211800
40306520
40409254
40433205
40537908
41052887
41234026
41259838
41323713
41429716
41474989
41505842
41533495
41641356
41754210
41797988
41854843
42047928
42235340
42344065
42517604
42541458
42570377
42576421
42595330
42676306
42779473
42945706
42959659
42974688
43021192
43122816
43562286
43599422
44312099
44379402
44466264
44629816
44761715
44961640
45040331
45155903
45411426
45451770
45845507
45983718
46154071
46405348
46594279
46675561
46779052
46799510
46862115
46880976
47078471
47184018
47219700
47316428
47388421
47500846
47548639
47661901
47852583
47917361
47935987
47984133
48022225
48290306
48817503
48852571
48941607
48973939
49158343
49327052
49400897
49536204
49654989
49710927
49775011
49890006
50563058
50685144
50689177
50721194
50734556
50842133
51338227
51389297
52466657
52815486
52923304
53042963
53258448
53291266
53401585
53737677
54088306
54178867
54437305
54481897
54883591
55478711
55566203
55590800
55901879
55953381
56021088
56350428
56723590
961739779
56942816
56966974
57161733
57329388
57546900
57730439
57758532
57764864
57786334
57964465
58090669
58103583
58106823
58295212
826861899
58360663
58720878
59142198
59360374
59776689
59811673
59983504
60104583
60157091
60440689
60583210
60679715
60790372
61253238
61483434
61523352
61532649
61701624
61759898
62015602
62198587
62326110
62368369
62700416
62942656
63049242
63366376
63371312
63597016
63850667
63858294
63974238
64235025
64341327
64482858
64539149
64622314
65045246
65360268
65646292
65676106
65692395
65766573
65795385
65830194
66314069
66666188
66741952
66817706
66835025
66866578
66908976
67001575
67033810
67131325
67411555
67600328
67613323
67654001
67853411
67875444
67898732
67989200
68102156
68809705
69029687
69113774
69280581
69345950
69365700
69382188
69504569
69776542
69844934
69860661
69919061
70032938
70058749
70131901
70244105
70393007
70459681
70512628
70587387
70927026
70953125
70979453
71023161
71174646
71190678
71278703
71549337
72012732
72040791
72062242
72108136
72146710
72210765
72281345
72395079
72787287
72955112
72999262
73026313
73192307
