50 1
503433 463354 293701 748312 881813 400341
636362 692124 275727 728339 884139 652893
455870 173121 148323 543656 852668 727822
223351 663343 730600 560877 825065 760379
719459 505228 205684 790875 839434 552301
89946 249784 361266 572204 534765 563272
320691 499075 380041 501172 951062 499773
310439 440808 113224 545408 813595 243632
217342 602639 659595 217459 880393 757311
208342 134459 646327 429451 559337 676959
508615 165901 128109 556088 382106 394098
388981 150059 498639 505711 467155 839434
493472 138191 208568 684826 405388 387860
465829 14903 481866 535331 531575 616242
526790 240259 118077 691491 475365 536604
17354 413278 581334 568024 569957 610266
520470 527020 736405 794717 725363 903003
152598 559238 318802 732598 810610 692812
181671 720241 340370 334489 841183 679611
735657 482353 172178 877519 496547 553567
478973 189339 241384 733151 661532 814849
513350 208337 344883 875327 308160 873595
134209 623598 182321 383464 848003 528518
71045 502367 513163 514935 697288 664543
631946 576002 179047 913592 669597 724003
495906 559903 459906 532707 910657 785207
282757 330579 496286 496324 504074 917254
321617 370715 565041 594839 393350 948848
127304 424834 614937 377081 430294 824726
422063 50903 294482 493711 854773 751394
109002 258354 413677 676998 350850 773632
297486 536023 451135 463783 803908 841507
339830 224410 524136 510690 888965 917055
877311 425287 659354 878744 538006 817758
104672 503285 617084 466649 783055 910812
33554 431898 483497 463921 517100 666702
332531 175508 220502 758040 859199 683478
310178 693716 411995 803889 705659 846590
355552 397007 168739 868813 434865 468632
604924 439345 160748 865718 534032 704568
114884 539970 194848 417769 592558 474504
597413 707313 334831 651294 961767 698587
275838 129798 190846 789481 679156 329265
338333 44817 370883 756778 294128 693500
300090 129280 565721 829008 658593 693038
411417 627938 347293 665748 894184 794569
340861 726159 91676 679229 782096 545601
412240 114554 568165 691849 550629 754214
306681 350590 113003 603910 750719 359166
517920 479049 521710 839986 588740 855716
