50 8
908387 401653 406984 993375 946033 999296
48172 103767 451608 592615 336487 599683
400435 644693 400158 997256 957392 995784
405712 545806 401650 972900 830072 554061
410792 401335 400785 975975 911728 837083
406632 400490 635715 900100 785526 958884
845717 451761 636952 927983 988346 999414
545386 519752 678332 978216 870590 999774
145731 583242 18578 393636 596584 586617
453938 433156 400404 962340 999486 999478
445182 400092 572705 599700 880983 791223
465405 323795 23060 491204 527488 589661
15853 378383 22105 107501 552886 233605
247276 20741 14172 596276 219413 412187
411696 478692 572380 990957 998106 942231
523615 402431 413548 994561 997242 631116
315143 4902 288411 594869 304643 594933
4434 413127 117794 585930 598572 569856
77569 150453 39736 438428 599853 598229
427269 443633 443094 994978 990493 883685
2656 53881 5206 501231 599975 488289
455781 804624 400400 760407 883869 976027
578378 425989 401082 993748 944234 451634
400648 501601 767408 985652 989798 938335
429866 907983 510517 965420 999943 995353
106203 9015 150548 536149 481239 512407
1476 818 5471 596704 432094 252187
853001 406841 726302 960652 999252 985869
115472 17106 784 464175 593446 499325
52407 62430 289515 599498 588741 423822
25550 31825 502163 273390 233135 568712
35841 232639 9513 522902 519108 329081
457718 564646 407942 987350 928640 868745
405594 413313 400320 998962 476938 877732
904324 403573 672133 993607 998975 763169
13082 9165 6316 596110 183277 598281
2463 72065 468454 383804 581248 483502
450120 404626 814416 739692 934206 996984
401147 416623 703881 790227 721924 873497
76455 643 27744 599703 598774 597724
683383 944980 404763 908410 998633 999714
158 101563 477080 78945 501983 541069
454324 412451 578562 755632 911367 998484
852 376 15730 596964 558870 430736
95893 83250 61083 507182 585318 576430
547858 400377 719346 713797 999510 995664
13580 96963 359435 577024 111720 581858
13968 503154 62562 599906 594417 108393
411221 425129 624915 998905 473744 999855
400293 421579 727253 819093 811492 932814
