150
91 49 27
74 86 1
81 16 43
7 9 33
65 55 11
51 75 5
93 80 96
72 5 22
97 89 14
74 52 73
49 80 30
23 80 89
25 6 39
17 3 48
31 91 97
76 27 13
70 99 94
53 99 82
16 7 90
14 28 90
80 86 11
3 60 90
5 50 71
90 94 69
33 99 94
81 58 8
15 22 94
10 100 17
10 31 12
98 29 11
26 13 6
56 32 79
71 62 87
9 83 75
72 92 18
4 60 14
53 46 15
33 13 7
61 84 68
77 79 48
81 90 44
87 45 44
28 91 87
7 36 27
38 86 62
68 70 25
99 85 68
11 69 49
56 39 40
65 47 18
29 52 71
9 52 15
2 1 77
4 41 99
68 63 25
35 24 76
94 98 85
69 93 98
59 42 11
65 16 86
50 82 84
1 69 62
19 61 86
65 98 3
23 78 23
65 96 40
10 80 47
25 80 82
9 86 32
76 70 66
62 84 92
3 14 12
18 75 16
27 53 2
62 14 2
83 89 39
38 35 61
37 99 22
64 49 34
2 6 1
87 1 9
25 100 69
38 29 68
25 5 75
67 99 19
84 83 81
17 10 94
4 56 46
41 62 97
67 13 100
40 12 100
35 76 63
90 84 87
20 60 40
63 14 79
20 32 46
79 23 3
88 98 36
51 48 51
46 52 36
60 57 12
16 52 29
23 80 90
90 88 18
2 13 14
57 20 82
61 97 59
13 23 17
24 38 41
36 13 72
83 56 34
59 62 77
2 84 18
48 16 56
45 88 62
67 98 83
87 7 75
67 80 54
29 94 1
67 58 36
37 38 46
10 14 65
55 38 99
55 8 13
72 77 46
59 73 94
3 43 94
89 34 23
61 86 98
70 77 95
19 16 34
79 71 93
24 3 14
7 32 6
87 35 90
65 44 17
61 21 60
10 9 28
96 100 21
60 63 30
53 68 44
47 75 56
32 54 15
19 100 35
34 36 72
37 13 62
44 64 5
40 20 13
14 58 53
39 14 35
