0
0
88
0
0
0
0
83
0
0
0
8
0
82
0
0
15
0
0
0
0
0
59
0
0
9
0
0
0
0
0
63
0
99
0
0
11
45
0
0
7
0
0
22
48
16
0
0
0
0
13
0
0
0
43
33
0
56
0
64
0
54
0
0
36
4
8
97
0
0
65
0
52
0
95
0
0
0
57
89
0
23
0
0
103
121
19
0
0
0
42
25
0
0
37
0
27
0
0
0
7
100
0
0
0
0
0
0
0
0
19
0
34
60
0
0
0
30
1
0
40
81
0
55
0
28
53
0
0
20
0
0
0
0
0
0
0
54
0
0
0
0
24
0
0
0
0
19
0
0
0
93
0
0
0
0
42
0
85
25
28
52
0
0
0
0
6
0
0
0
61
0
0
181
0
0
0
0
0
0
0
5
0
2
3
0
0
0
0
170
25
48
95
0
53
0
78
0
39
0
