91
0
43
33
55
0
189
0
97
73
49
89
0
0
31
27
0
0
0
28
80
0
55
0
0
8
37
0
31
98
26
0
71
0
92
0
46
7
0
156
90
45
28
0
0
0
184
60
39
47
0
0
0
41
0
100
179
162
42
0
216
1
61
0
78
96
47
0
32
66
92
0
34
80
0
0
61
0
64
0
9
0
0
0
19
165
10
0
41
0
12
139
0
0
63
0
0
88
99
46
57
29
0
0
0
57
156
13
41
36
0
0
0
48
45
83
0
54
0
0
0
65
0
8
0
73
43
123
0
95
0
164
0
0
0
44
81
28
117
0
68
47
86
0
34
0
108
0
53
39
