200
10 59 60
82 56 69
82 20 88
99 49 96
21 16 55
35 64 89
79 43 50
67 83 51
76 32 26
79 76 64
13 56 12
8 91 71
77 72 63
54 82 70
22 17 55
44 76 17
69 15 72
44 40 36
12 56 94
5 93 90
69 93 29
30 44 61
30 43 59
75 52 41
59 53 84
9 36 1
73 75 65
61 9 45
13 29 74
60 26 56
89 68 23
63 72 20
30 72 45
73 99 23
69 2 82
74 69 55
13 11 94
50 45 91
74 12 1
46 66 93
7 74 9
43 9 62
77 3 86
81 22 99
48 94 84
16 91 93
11 79 92
62 64 34
99 47 87
99 38 2
75 27 13
43 85 45
24 28 47
72 67 29
31 33 43
40 67 33
39 94 75
56 20 41
86 98 36
46 50 14
77 74 46
99 8 54
17 75 82
70 46 56
36 42 90
94 69 4
31 62 8
59 91 97
10 2 56
82 59 26
35 65 17
71 42 98
15 21 52
82 42 99
43 95 68
22 98 36
39 21 93
97 18 41
64 7 57
39 89 31
40 8 72
80 23 17
98 3 94
23 20 69
68 35 44
66 55 31
64 6 19
15 79 71
46 41 34
21 44 96
67 36 42
64 25 20
81 93 9
32 10 76
37 41 12
90 80 74
89 7 27
94 7 80
74 29 23
17 93 44
79 93 7
49 28 100
61 34 62
81 43 92
90 98 58
11 20 21
27 74 17
31 1 30
23 44 18
96 68 79
3 37 16
89 31 89
34 77 74
92 60 73
54 44 95
58 97 29
60 17 87
87 30 75
1 10 84
26 41 58
23 76 40
41 81 91
13 74 17
55 2 82
12 13 6
28 74 1
80 26 53
22 14 99
72 88 63
20 12 23
38 70 65
83 34 11
83 70 61
51 41 68
27 32 47
59 14 83
35 62 20
87 54 83
40 43 46
84 91 98
59 88 76
32 1 17
58 46 24
70 72 62
21 40 79
71 47 6
18 14 90
24 19 58
54 21 95
44 31 56
50 72 86
93 97 29
61 1 41
84 12 32
43 14 64
96 28 6
42 13 68
71 77 18
85 52 50
60 53 25
5 12 28
52 85 15
98 76 80
84 42 84
50 57 96
18 8 72
6 64 63
51 2 93
26 21 6
71 38 60
81 61 46
96 16 2
10 1 72
95 86 1
10 12 15
86 93 66
73 73 91
76 57 11
73 98 41
74 27 30
87 18 9
62 5 26
92 70 82
2 80 23
81 33 3
35 47 32
75 14 11
26 17 21
41 6 51
78 92 76
25 20 95
97 48 95
57 94 38
82 49 76
53 73 56
84 66 47
38 78 66
49 10 12
32 39 70
51 37 73
