100
73 91 41
66 15 34
81 61 99
67 17 19
9 45 19
67 38 72
8 69 41
76 80 45
18 47 54
21 80 30
86 5 49
37 22 55
72 41 63
28 24 78
91 13 87
8 77 10
18 35 16
61 9 28
19 57 86
71 11 39
43 30 41
75 76 66
28 9 31
4 83 50
55 92 53
1 81 16
9 20 22
58 90 37
59 85 49
84 32 65
62 10 37
50 93 89
63 1 29
94 67 28
28 30 2
86 51 26
94 33 36
16 81 72
48 55 35
8 92 54
6 7 80
79 30 26
79 79 88
80 97 55
27 25 40
20 49 57
36 39 43
9 75 16
61 31 93
82 56 34
82 77 30
75 71 36
28 21 59
35 63 17
54 94 7
30 29 68
48 49 95
31 17 55
80 35 34
32 35 59
22 41 69
56 30 70
21 95 90
8 51 98
58 13 56
37 23 29
89 98 38
91 70 67
59 21 9
22 29 6
89 4 20
88 33 77
69 76 28
23 11 53
81 82 88
97 31 90
85 97 29
77 32 3
64 39 12
65 71 20
86 43 46
70 25 22
78 7 95
26 91 81
19 11 42
3 59 31
70 13 69
41 33 68
37 84 9
14 33 53
13 36 9
54 27 6
46 75 65
56 63 5
36 87 47
49 85 70
69 90 31
82 89 91
80 15 78
74 10 28
