50 13
117051 135 4383 346850 999961 999772
9 123 16330 999930 999753 871057
483325 598103 126 999797 999863 860220
30 921 3189 999994 999994 529112
25326 2098 817 966282 999988 791707
39896 58426 424 982030 988618 379802
10465 672035 47 999971 999980 799446
238905 441767 4386 906068 999465 999979
456760 69 749 999984 999993 999933
301900 34928 5728 903003 967905 999983
265105 220 70766 999778 144902 999994
912049 167671 25881 999984 994734 996662
230 3964 1 987943 901293 952650
522413 890 2 978108 999531 999817
466926 178 1 999998 999936 938848
24971 13 764 969948 987530 980172
4 456020 32297 990882 999970 570537
274 0 120 325052 999861 999123
0 104946 6 999950 821324 505018
19 13 818493 999993 931167 1000000
7 729 75 999974 999989 986108
34 316043 190697 997965 977020 989518
734119 99 10972 792630 999728 999595
12 680150 121962 973468 997766 997431
18656 484 2 994536 999933 999995
121493 15225 301 999749 782891 999932
2095 50 68 996822 983523 999628
5 139 872 999938 416974 998073
3274 1515 90225 984015 999818 999939
16233 59450 2 989737 993536 981908
6 130107 0 984842 999324 995316
1024 64 235092 999984 999987 999939
3377 459 508 996849 999914 989974
47549 2265 18 290941 852684 995117
1227 3 2114 909693 999960 976075
404 52 99 999974 999968 999992
31 4 7925 975826 887396 932331
245 620150 8 976398 986281 296258
16 82 0 999979 999993 997053
67 66 653000 781543 544966 856710
7012 2710 6617 933611 720168 996584
282896 47193 1426 999903 923225 733388
4006 30 2 999635 999996 996787
20 611068 21831 999996 998598 999953
362427 9 576142 832705 441469 999638
5999 4687 22 895419 368615 957575
577103 0 85310 988254 999976 922501
181853 332246 0 968679 579494 996430
37448 352937 2001 864874 927962 227353
187882 508 129 999819 993347 800593
