100 20000000
909267
590469
7814004
8472762
1706009
548319
6500117
3952570
4707867
7873662
7327489
1941308
8285660
4047527
9464315
6247931
6535964
3684587
564678
4116377
9079929
7240866
103355
7454817
2703915
2718906
2302047
6159192
426835
9696549
2967503
7183214
2913406
6349077
5914919
4495418
2134132
2407277
7024290
9081609
5205095
3500905
9380519
692033
330595
5825513
4576675
5537226
1766178
2067754
8933685
9423469
7128399
1294814
8620092
8151625
5648235
8587787
4468205
6828464
3806271
6386978
9576655
3941839
5894897
6555341
6219531
5777118
2016020
2991562
3399052
7172601
9166562
5850847
3447234
1127948
1022752
4729222
4741434
4303816
8780829
3646831
8818466
9681958
1392549
1184024
3692988
4100637
159946
4786861
68658
9336880
6418919
3398534
9403387
5175310
4435424
9824342
6705204
7678203
