300 100000000
43086422
940560
12963813
42109930
46966881
25911088
34702409
25091082
13227934
19150180
29024858
18511784
3743437
14019604
24837125
17422256
16287771
19935690
46309873
53130632
1664272
10497525
15558889
10318269
20825579
3782245
41072531
18566377
2015656
46393968
14599249
40295788
14586632
34798912
31834137
12715829
20174159
7538349
54734982
33527224
17565993
2047974
38400664
13813519
30876818
47764458
50154824
54943806
14819172
11972878
47891244
53482841
30319701
10121941
39532146
18792779
24410578
19655531
47105822
20847106
21047669
47039877
32390033
41352855
39813900
13483233
37042868
14472826
38336336
8587155
52697661
10980414
32234427
7424598
48950104
2401085
21961241
4168796
26347986
45672005
25627002
53949307
36301292
45092118
4706476
13449166
49941358
26836540
2493166
45800375
1797273
44885857
25132530
18878436
53902689
48148204
18341119
32488494
15251439
28600060
44710407
26968485
12401889
13586919
7552000
20435343
8229754
43926173
14157401
34527938
31772515
45668584
27522313
38110825
10476790
54333966
38867240
35806820
21618833
42355901
52030720
31633277
22871931
32192352
42169550
13407861
34667088
51836603
22438949
48096614
12560366
26799459
43002118
22767673
535925
3078091
33072253
18213057
201294
38275583
26999439
715456
7637294
6304127
19467948
30735369
13374707
25633360
29940564
51899996
9485063
30984475
30605459
12844815
27668173
52793955
16683936
50088912
10392552
47003357
35759234
4634228
15347579
21445693
21425497
27991210
22284883
45363213
18718320
51085721
30075182
2538563
14082337
22962989
48516627
42842420
50377090
34981127
9544001
25018262
51785112
22607788
31603676
31663791
2336999
30975895
3913288
54232601
45828733
54553515
53706922
49999284
34593839
13358768
17588697
2284925
16193864
27877338
52307315
26057190
39432915
9850648
10248551
27677369
35220905
12945707
26631016
21887343
46230343
6308241
48014543
26148292
21936227
2472244
9774297
27973137
42269342
39125927
20611695
49000858
47398224
47530389
28904683
10859656
40737779
41356518
26785654
5098373
3291909
28597112
47118494
43309678
16216799
28559503
29660086
40512202
11164345
877794
51347851
40159850
8378166
14505595
42397393
48996689
36029284
29468312
3744086
22378361
1771082
1152541
10076335
46473960
36174748
37578865
17834470
50654367
42767653
20132304
29035176
28390554
27330231
27428153
20013482
10882833
19872055
25920493
23802894
5731522
49928411
23663194
11339806
16720016
23209994
26175000
7746480
26659550
21785846
39679920
31360961
13534130
23868003
47189224
890169
29024066
25315966
1236845
8567630
1966596
12788781
48406308
26306483
18519055
49378675
3364201
38952204
40121273
40352416
7394447
3074208
20673361
