300 100000000
30003836
25599986
47176464
15836265
5085063
41489310
32986915
47680803
21576494
68051
20799168
27472747
21391375
35447406
54958590
50092740
34144236
15591878
21425442
52914680
41299329
49444059
46569715
12610757
25386212
52645378
8740330
17036871
29473757
12210467
36658341
46275839
34257206
35847806
34064981
36413833
54170759
40451713
14488666
27680559
6555576
29163788
33591772
3534305
45848291
22348980
1894205
37821932
10981437
19185336
41257353
24568901
30834963
5177562
40069958
47243080
44505477
29560591
24847905
24946201
1836609
31401804
18163876
21108092
29295689
54072034
20692435
38520311
23483817
3573421
3703221
36795115
35234941
31230732
52750626
54956522
33628897
6690513
3702627
36944429
18504700
45237164
4776744
18781680
16218669
670532
34808020
49040711
20561447
10706129
33083990
21480585
2994040
13997956
20451689
49296241
24375917
26446612
33371068
39013892
53963299
25457162
17382568
40281026
32214363
3471121
14061019
35087541
32393839
26185450
9557432
10252643
36253904
52856116
37087198
37561793
41429613
25624186
51614337
7592205
35901981
41360841
16951544
40075073
23240299
9144734
34857542
4399961
47107780
2031980
8578784
43461302
53302683
3845209
53400704
45301338
3453719
27434797
6438503
11219862
18989470
28845261
51558996
49065450
11550775
798968
30364284
32675142
33007507
33319588
28655324
21771117
25383088
4528639
16624129
31703193
35586017
40514479
15003862
42663505
15216723
18994508
31082914
27273196
42501343
20822246
13165498
46608633
53571193
44810595
22347429
5492118
26235214
14327
8035208
11429236
30390783
49937277
178139
17444663
44888112
5212718
20201703
1111247
17285570
30552362
36139658
13585357
14059127
49996083
53594216
51687234
51277704
43949680
19953312
14656042
34412416
22745508
18862486
48616815
38534127
4446029
46136722
18117863
26100211
24746683
9391475
16133837
12402934
27357665
46436186
8379937
24387027
44575151
48710733
10854717
10700948
6396769
27272448
14436394
2279260
28895575
2935091
42538149
17804253
33218509
48441002
3039514
6815990
37364981
23983415
36121178
37480008
8128719
53132458
40891647
24593871
38596662
52614754
50885158
37543940
5037774
22113118
514453
46731580
37226865
31576033
41395502
38513535
23654383
20360312
52891184
21285577
54519646
38231297
18144175
28087262
31314871
50605813
36541499
14086022
13032860
6042327
21245372
48183822
615796
33162673
50970166
19243372
39320308
39070190
37804717
43295279
15615308
6333255
878311
17401587
25540663
19364317
54012799
52609881
53815459
49043428
38126324
21182364
39608970
47652621
20203826
40572130
46851304
53904614
11349024
30194554
30685242
51295293
48323720
37847540
14810185
46241618
227628
