300 100000000
7385329
49296589
66653515
16226587
33281383
110983
30029044
4264762
39002077
26114866
14933530
72649513
46735330
24823690
41251102
71266570
63715663
54523921
75571324
37822444
36739639
7889278
30503911
3513757
51311047
43407646
23723434
71674165
57162880
9903352
81036406
13623883
27890407
89734477
82154026
28192033
20647411
9422554
1292515
64609360
84504493
53270011
6765886
80901685
51654145
53781535
49609267
50943964
82805578
282256
87766801
45627268
31881313
78247651
3107719
44557180
73060603
80548975
9258787
67628563
18742261
44837455
43861360
80064295
66686302
74898859
51594226
64916293
71240134
82895470
76411546
14629873
16486378
22834840
55372213
26288167
69196195
87967507
39985279
72941350
71672368
29236705
46044838
56993980
19333
38606248
85443406
22254784
40084174
27204208
43274125
5860501
38268478
37436752
74318632
33427861
50481799
51320764
67399933
80818315
35567536
43169695
55364965
32318125
35594503
23414590
58985800
66818365
72217978
41785750
424576
21655033
11937883
43569358
51896782
4960189
45576676
16251160
77667292
14758804
75951592
82807792
12457489
61518058
79733746
52542502
17089939
56580241
88107274
65725570
8766898
67752481
42763507
38342956
33774700
73524646
7820362
18956704
54738646
76159111
78206434
32220253
50867875
16480165
70426633
20366449
87022969
19974199
7620724
69255715
35213359
27254800
60271801
57976825
36086842
48763405
7653301
73088974
84233533
27592
24518185
26822200
17492935
9474256
52804873
33141127
11815162
22771855
47813914
56346811
36900661
14159500
65389540
59085082
62970199
78564079
29012476
86019151
72988294
49989952
68756890
55294876
19597168
77749063
85174897
78103339
32748898
14736088
51838639
36443038
45776086
15636076
77541832
23132272
32659036
85854418
87267535
63007087
43419463
76214833
47298259
19027237
7668118
72853216
42547492
33062623
10320145
53590876
25841041
52280173
86627074
78226486
30526567
45602908
48870973
54003130
17743423
20551819
7592848
65656873
82807939
38762542
7835068
26587111
46834210
68093599
67526443
62847037
19467988
18655912
43601989
3894637
8488495
8133349
26589304
35890654
3665770
54628642
35996377
37031920
84933082
49880653
71413309
36055963
87111622
10376710
71735530
16938982
48136372
66636379
68469751
60153238
59537368
87227338
10680712
59097763
15859918
2638246
70441
63868255
54880120
2642998
39132775
44363704
45620506
16236235
42811285
63384370
87727885
56570275
10875223
85671277
80645944
61674145
22465798
88172419
18886987
41944996
64363354
26222269
9575593
18379360
4352584
39447409
27065659
67581793
61983241
35710159
63147481
46349308
65524165
55123750
52444609
56606083
33421288
79988521
88130566
4604077
38190394
63356938
