1000 200000000
23579250
58932798
24140346
13700571
26763369
68695881
35719494
57064965
45523239
38614587
11848884
27814281
53207097
5813556
51472878
64266351
13550955
59813916
15158859
61444707
30410214
60172584
67190748
49897770
68476065
43080666
27417390
49383465
16331766
50460792
50204130
5355645
60081864
67071156
20691654
53917278
66123366
31607907
65332392
70802988
14292915
16402695
14859060
15916335
26066877
6450504
45406707
47183136
53055420
23241561
27734037
5683128
11337045
3260967
34360971
9288807
13538247
69984906
65692167
57335280
58242489
34303029
59535663
6317574
63159243
67618158
36340521
11363694
38388264
5595306
1178781
46406265
15693963
2825880
61935891
19383387
19810608
48047460
5330499
37051449
19891698
36417633
54532824
30994773
34588347
57254532
51422100
62632401
21003243
36687318
7434951
26705346
44891016
19530492
25907469
6413775
24408699
57848685
36836196
55969764
56673123
44793258
49755192
68974593
44050065
14741007
3697080
18303495
60712953
4785837
60066051
3640092
71332953
51610866
69099927
51950598
60027657
48513444
6650394
9749949
16726794
21801930
28654800
65278338
12831522
46304835
28943619
55262490
20229972
48938496
47293098
12814710
69028143
16897956
1242573
14949951
45459852
15806319
27556152
65895288
36201417
51111690
16411245
22962030
6238698
55352049
36054384
59732106
10939884
35729844
11592492
10110435
33583758
16544031
30032808
42597195
35411784
54375513
4176294
35407716
47740326
65430618
21868593
50409177
71876526
11099571
28360473
59905311
21309414
64094361
37871007
33877509
65502474
67796763
60559764
31696071
48189255
41827146
45615624
4334919
14180649
131442
15455094
60329202
4386507
22838136
13918119
70468818
61581282
52408833
71787759
895857
71259054
25485738
30556356
30378687
16170180
5189343
58254927
68900253
2159628
38098293
15244197
39608259
44006469
23934777
22065
29559066
4085826
14754777
53060226
680091
12566175
64658157
32554410
50037441
5523351
32099649
6051363
43195785
49714854
51776664
3695505
44894058
19341330
57549453
8033172
21061032
24956331
1984659
62187045
10266567
70148625
5579520
15829998
45643605
28124790
62175552
10240395
27876489
28055751
5011449
33486342
9766023
65940369
36018438
28637763
29791176
64369068
26496501
34802754
57929190
7569204
12042681
40161633
51027981
3560451
18312495
63785436
64015638
28674987
12259185
44994282
49011108
2536206
33877302
33422235
35865240
9128571
12523425
58355268
20057082
25778841
6066330
40425126
37853961
52388529
8956482
35736576
7625598
1631085
64926681
2746626
31231905
22080975
37250466
32829567
538809
20800131
16249551
62358450
22797159
57831333
68337096
68197029
60405468
19009257
62331972
61425600
1926762
31801731
12979518
44532015
31359642
45840417
7771344
30501825
39057315
52262205
22817400
58864506
12672942
22557714
998547
31535133
37450482
59757927
49920162
12335586
35531916
70591668
64234482
6883719
33273600
20933835
31112862
46619700
7684080
54411126
54909060
17704410
13471089
27842676
66715233
18842406
53531268
25077273
16587717
55310649
38241771
34158930
18768228
59869626
67406028
21019272
49115769
272922
39860952
34331748
14380908
54216339
43922076
41214777
2638239
53572398
66035706
4940376
26728917
26798919
12828597
3696774
15290781
3421482
36555207
64204863
5212824
50442729
52549233
13346925
2962320
62063511
19021056
20988636
67529337
30725610
16377189
34319544
1789278
7646010
49093701
63060144
36661929
52280808
28768488
44845629
48089544
438072
10577265
14613504
70307709
7533960
30979203
57165513
8577636
36258639
66803658
58519905
2244030
37228011
38743620
71421441
11069151
19211073
58905060
18882528
39885675
63161799
57089652
6772794
35964960
6801747
49446501
56129118
15446868
28107042
6107820
24956664
32132769
21016059
7927143
37921767
39866352
69369009
12978141
11489793
35306043
40848828
59236296
64560165
13454286
27391254
8552643
63258981
37738464
26191563
43269954
49779609
25069542
6063945
71266002
21893541
55737591
6052074
3024339
59885007
12394545
29383026
62161719
47472081
11818689
57861888
56989086
9104100
64031991
10261410
14319978
22271460
16096965
64735233
69596358
30507045
53490138
5544672
58651647
20383908
23749629
15654921
6884763
55235742
49430121
57725241
23340912
34611531
61632834
13659936
44196594
6659718
8206377
47451534
49652835
29367213
62409885
1144833
27876318
34779786
54408705
46621815
63188682
17534004
30903612
26054007
47163975
28278969
43299339
37105854
2844456
4098570
30473916
13326423
13728012
61052406
4248483
66527934
3250896
67703460
10606083
54545046
43271952
26083059
49472979
15686106
25462626
47615541
59563716
57406569
19954347
54350205
44139336
28000140
57121908
48392133
17111616
11004315
15948015
5717058
8019069
36028518
17863458
52581372
60123021
37831146
23388072
353634
62261106
62488572
67713882
30463206
51508068
66783102
69408429
32899965
28555710
26698722
45871890
63594780
63589677
64053258
41662329
61556037
38588442
39588261
36330918
24076410
10897179
41078139
44635749
63241881
60824868
16439883
71014902
25122705
44873862
9414087
53548260
31762527
56219721
15808938
34468044
61737054
71767365
55321206
36448953
30822486
70616067
27265164
15095022
6900846
12062085
10053888
13223796
65652468
38675418
16004886
11129622
5237826
45918141
31920711
40026111
65573502
62046924
14333865
52044207
30348933
57612858
57558831
27766338
47157360
15554589
40866216
25616994
15366453
52728540
28810887
32162514
32745048
39514803
54784923
42148194
47930811
57094260
45023811
46277565
39665841
41976429
42582453
65500431
33777492
2710977
38396094
43893870
63779820
49727760
1626441
10826187
15506925
27562119
17738682
22696116
45180951
62408166
47051907
58006149
20863689
38229297
33921069
45609081
27843855
54538008
42835416
27474108
26287242
3529743
16506726
43291716
27352194
66638103
32341488
61157904
12103908
8511090
57181056
2373792
35573658
70524699
52906830
56715252
23454708
23784045
11280534
48525594
44657448
14666856
68952102
18848490
27855429
10310307
7176516
71220084
61316457
12783696
55512195
48577884
45437289
35832048
41773371
47042475
69505989
6180081
47681799
2199255
22479720
15427581
30122691
24440163
20596038
17227221
54229551
61712259
54900906
3639498
68872902
40132032
26087901
48729039
17898855
33157122
58699806
70004643
52153818
40689357
54979026
71189673
52137897
8159433
54074967
13197489
22763949
26246805
4283898
31449075
37348368
2082093
51164538
40803684
44253861
35109420
70639926
40742043
12114528
65920587
19332060
36922938
20556879
49761006
59988705
1431654
446100
25863009
24304290
23964684
42400356
63791448
57612525
27145761
40026966
33209313
9107475
2853663
2218596
13409619
40905321
36171042
1450491
69957060
12315138
24954243
68066448
4686558
28790394
28264785
40137009
41824239
10995117
62324709
14974035
27969099
68596908
33933390
47535378
19569930
14132094
12946371
18083463
15953568
43556784
36400560
34795050
51325413
52168245
54219939
49789563
51786996
33023661
45467106
49402554
29127957
9268998
26404674
15392733
34046061
24525933
59852076
60519624
35613393
1988763
59200809
42095238
10432365
71201148
51477009
12201441
63547377
71031849
63005289
59822871
69221256
53699577
49670097
52129401
40164000
37178538
53894490
64552731
70015353
32377470
65794533
63376215
44779335
52768239
20848767
29740317
39424695
18233133
44974788
10440915
38524776
48715773
19288743
57327900
46833495
68087949
5830251
36437343
9011994
39696297
65497002
54002463
43292454
20405454
65680368
47237829
59054460
44672973
38711229
52173168
47940747
22523946
5549190
9031443
5010171
59550297
3416622
37298373
68374347
69916866
8391417
36540519
70120230
29307912
52016073
62614599
25168101
33036351
11003631
57482664
47901768
49759953
50895105
50456490
68198208
42196740
5692623
33182439
20430258
40656831
70891404
42985257
14157222
32218719
40568055
27042648
27724092
70046781
2849127
6472293
28625649
52091331
36487878
24432342
42079191
12215409
50383320
35953710
13803639
17051973
8870325
950343
54295818
30389739
49177113
8764161
52149624
60839223
20971005
11808411
65937750
22697142
64979547
2352183
1600773
26517201
56402790
49911027
48852573
59064558
68874603
51499851
44287143
32607384
64021605
10301829
43713105
31956531
26732427
68402238
54073383
31357095
2434038
59056332
42461016
56580423
64422042
62780505
50891658
35955906
56705586
37058226
28204926
17795130
53947095
25170837
47783328
36291534
17029401
24330282
41111493
25257732
71115963
65021415
1462587
48406011
54745845
53263563
62329389
63746151
41963019
69938034
58861437
17736981
57722325
3282027
12133572
51175590
41733222
11048685
25107603
51868554
40579800
27815802
43782999
59607915
14478594
19526910
13824051
3454683
35911095
44495790
71203542
31416207
33113373
7490625
50896923
21398595
62154672
18090933
26056266
14618634
54700692
62922588
58697718
46284027
26317590
1500279
45501198
27377115
40113510
2511366
37737762
17163510
26840661
5711865
12574293
55582791
35242899
20620680
17526588
19419783
62622573
48669927
64373469
