1000 200000000
69462392
43222005
33528737
31553820
91338479
92253329
78637093
60274410
49918707
31213777
94584686
17896620
71362031
31474837
88282842
55357457
16835527
51459075
28198800
11800337
46314521
52617790
88330722
891145
14621172
17235401
33765515
81017584
8532033
68549955
73205981
19169373
60121422
79082700
77396792
66681514
65021047
1201244
70507183
46551071
5804849
76125483
84251745
72708504
5402144
59834237
75262655
28216660
72150037
38692253
92290360
63863890
61269972
94549802
45914628
54631239
31955404
61393985
18491434
82999512
44711434
46454494
67750226
60470357
40270146
54685598
73040681
64348333
41306900
36993843
5051765
59193443
20203619
71374343
59445079
12662918
54568710
31554941
92072905
88670138
77656218
85670266
85156126
57399235
68082042
39254710
7205624
94827221
957094
28661792
52237467
47083090
47542187
761204
60013616
74143194
13637276
43992588
75415928
93210017
40663446
19899771
70874016
34622358
27859973
65981383
65406766
30168701
18407321
63473326
54915631
71491611
58973233
61707542
52438734
69073880
46915282
42483722
94954578
69758507
64100858
36370700
6514100
25334816
34723913
67748098
68278046
30630192
71021513
4389672
657065
53851840
21318159
11685083
44548110
42359006
26117312
57281568
77504104
62804222
24876194
83048969
35355530
22033357
25708185
91163679
67970132
15281023
94292314
39099157
77148082
60043617
27583979
78505062
16203530
13806490
45994998
52181455
55782582
66036198
42863475
28874364
23399552
20424532
15414916
12335852
4050655
17914670
58198964
77854312
28076307
15720816
21761030
90038537
67903100
51102654
28683756
32958851
29072553
45958860
10138578
24037743
23880119
22362247
25497266
45470218
52980804
67501364
92904174
64552450
66139197
9671387
8966544
94136647
20865845
33042223
90519978
46388564
3213667
31772605
61198741
6583564
60853340
55583519
67847107
57967411
15826000
67609892
18419196
45293727
90311681
17910167
72656216
70051259
82339072
88962206
156890
11471884
68036917
93415331
30139099
80072049
16793100
77454723
81104167
2085029
34709454
81333060
60774262
70354024
44331187
21616383
41849179
80044100
35083241
74612551
53550272
66222854
59729908
69368836
68920778
14016193
52809386
81145986
3383622
45974402
32063685
92445533
61231915
48589619
36248739
19826735
51269759
28918178
45644258
72980166
72467679
9384221
84025797
82836549
19275963
38724667
61607602
65966506
2930605
84964093
3428576
32739629
48303460
18500744
2005799
84411497
376739
64136388
67417441
52202564
26045359
72546358
11364857
15796892
16474432
55492053
87339169
2440728
75328452
20558881
12659346
35495180
65308631
35324465
77883952
14589955
88067040
86634041
68087476
55779010
5271709
69007475
16287681
90157553
25553031
31100138
75972856
44364855
10474327
88557297
38512722
80685103
42370159
85542605
5459657
75053332
21778757
12298194
11794428
89408706
499840
1963106
90359542
50645115
79601001
9856428
87733780
67479704
61634449
5281988
8522647
28933188
13399168
58713921
83894355
82761708
23962484
69378792
28875086
59541827
36287062
26188239
83706065
38263860
89270006
5402505
47648131
50500867
18999437
52073117
11016834
46008640
58960351
71687881
63634807
88703939
67237492
14526590
78835282
37671668
87997519
13534657
90080869
92643532
65751274
61643721
17210264
47480950
44640431
17349971
53120245
33431723
62494503
19162590
27741641
44076758
19811383
82605224
13150724
30459154
33399613
20340343
43801372
57310087
10367110
52485132
71243186
48953431
15320486
87957220
54873774
20310741
87706439
36975413
16226425
15755814
21790233
5304047
41849312
55073445
86451926
78770796
57194852
87881942
28367045
85828460
88520475
12044943
81237965
66323877
91128510
7568448
49399285
314514
32282318
3279749
35652785
65178652
3658951
83834980
35867789
21288215
7297603
46780325
12434044
64131296
78402823
41987271
15052453
89707177
94703037
7400830
20411194
38703596
23095685
47230910
65944086
65804740
91906104
81048136
59272388
52621210
67599993
6113352
31969863
58308651
2191410
33765249
14557104
66417984
46208216
44965502
82559168
77224405
91050857
94967175
37899972
60663967
84964739
68399532
1205405
4521779
82935178
15293582
93675745
77990599
35880500
35833437
73623240
71791754
35235868
25722245
27658269
86521257
8996716
88704946
54448136
26069793
70426775
36128659
19601053
36986148
20806071
89166494
20834096
11171304
88466857
45857115
32371276
15050363
34687091
87728498
7740094
53447045
5858942
13415337
33103441
58003264
55548065
32191403
66711477
41563913
18363982
89604938
41834872
58391966
66221125
54411257
79911936
12215164
61075260
20542921
80213998
87934990
59920288
41920961
23410591
68447184
41775326
45487812
84509499
49219678
3768600
35299803
42315287
57965397
51303712
68641212
11139251
2226047
65693628
10149712
90941113
79096361
81014297
39968749
52621438
92375043
74411721
91278800
19673690
27092259
76735402
52795193
18313309
86011354
50911039
3416986
5963062
94770468
33675246
79128262
92641936
30822453
22598227
16985057
87997234
86665144
77236641
83669566
3549169
81303686
28495561
16507568
39031517
2931498
76164110
82792469
46871563
90493207
52322055
86730618
22072098
8705009
988615
60617607
19297300
69455324
34144869
22726686
35764163
28791847
29910225
40728844
36393861
24843628
47508006
5072000
83522924
94162316
76888694
91895274
87476197
8503571
9589421
11849053
31191680
63403520
16499664
37248652
9219985
42330696
33519731
61215024
50062024
46924573
40611082
34841257
92397596
61987982
64406701
60425365
25242115
56580696
48823775
8322957
21375007
29060982
37156597
94795453
42498846
14316754
78698501
87411350
46080536
9625730
16760002
88541660
33145602
24019560
803042
85504567
13649341
64952400
7384319
78092933
5903364
22261699
52103080
63318381
26821281
59464896
48102155
51765165
30916427
62860025
88719158
74956356
26324051
70009877
33773324
31381680
8911425
25538686
4073151
39437433
69864983
28757020
67957668
39050384
3768391
29092522
13354746
53466197
67866278
16034012
11272137
64462656
32960409
23931001
74087752
41631876
55571017
16293913
26909669
73664869
31167968
75721714
84147815
16204252
15098338
56484727
59797529
21970353
16635666
70495327
9234900
83135267
94585560
58791346
67478526
14653415
5955367
37306203
2568750
64720619
31632043
36525455
19330702
66655161
46139949
61230775
91753667
80462024
26464708
69134528
89115251
40438790
28182631
32208313
17624369
12870056
26704944
72076355
88934599
68085500
72998843
46073050
49820192
86569878
94634333
88532825
47230283
15915243
20247110
46891532
6744969
82665340
24631664
51707063
81982955
8802099
68437950
52669242
62202283
67270324
62995818
57335908
59802868
86376097
90951848
1364967
88389204
92523452
52778587
72280073
1725264
49283005
11321195
77630074
83509035
15734154
81408452
56406694
56507394
24955975
82062717
82452255
89052304
50130177
39338177
76132437
93388560
82386477
68054036
1443019
29715000
30367023
75486532
21380536
46146010
55712795
54486649
59797396
4443537
6513720
91684735
79700561
34770463
19493494
77981631
94590481
90993648
35665895
91202002
39258396
73229560
6211354
20446097
76727004
36617130
20896796
63914506
7204294
5743745
86692827
23783428
214498
9949775
39473305
83384528
75469755
11647748
84496313
89934740
57808153
12192440
1228129
51589586
83850370
26376700
75762678
71758675
71247271
87355243
14858140
78287702
30236949
50980940
92214664
33299882
93630202
78294048
56632547
9920800
8291531
67095068
66947172
27023821
3613864
48621596
24012853
71357509
71457012
68397062
66776248
59982779
19331576
11187131
87355737
5142300
46477484
81259853
67347654
21839538
44747990
80475685
54262373
49646969
523191
56754318
85574259
21904157
20685421
52688394
77084850
73382111
66370750
88204980
14684917
56807119
86525874
7640914
80670473
75464758
61026810
52650280
9441848
94524418
32129976
87880783
22873879
32998599
85769180
47016362
41814067
3804263
37425010
39129538
3042800
53463708
72928828
24621651
4194048
2603292
92196937
60956016
7267811
67702726
22436347
31080663
12260460
22853359
8950090
66396153
53673449
73257129
44264003
24355879
55030524
22066284
14685050
30645221
49428013
48158281
29938079
26277596
87178581
22687014
72585061
82132903
32220226
71981013
72134818
36268271
93793564
61485831
27696611
34804720
66656795
59222684
32710293
58273653
65390749
42408064
37710314
40711060
41731683
3002843
12569286
34552476
57595752
75900808
71472763
85104959
36959130
65422004
26095728
78088677
9926899
44953361
88209578
41417442
43321033
34445202
42649592
63253819
17212962
27199305
10772570
32661900
31794759
92592422
23659377
64929543
50711653
8437166
7898098
76542229
55477917
52088355
76247178
79731721
51252621
41607689
40647638
62738786
91480827
93271482
3810970
67520231
23770850
55229530
7690409
93320483
52386978
1740407
78403925
88590813
69306706
55131547
2643116
74826282
4553148
37492004
26363894
7804105
70054964
75534830
87191862
87664164
93281058
84598153
16755803
34119865
33557313
5233614
88239750
17330648
79433003
18875614
60544590
51319805
63373367
