1000 200000000
37033363
43427543
39140523
51957658
18628218
51428713
69528328
60628878
10382518
31411838
14191078
55704488
23909668
4093448
1492423
47741128
53302598
33862148
25282673
42915668
15197488
52203758
74275958
8626618
54772543
45444763
27727453
71990253
41725328
64691648
40260628
67967953
66737938
70404488
65189448
37470683
16528708
69896948
39300928
1505328
64829228
48505248
29019553
37719718
44814473
28214973
14485348
64358868
14798253
55758213
48976233
3106533
41307568
10700083
46832683
71514498
63858408
18202443
74313413
50147258
3831693
24091563
18411223
10792178
44766818
72652288
56609433
4320353
6277123
43017198
22654363
45262648
34190013
29496403
70301923
19252648
56594748
56703743
69485458
41467108
30624293
73005678
43276793
8421363
12048298
15563018
34386108
57692043
12963813
14625918
71695483
45483078
39885073
50938743
7435498
6371663
32085713
60102443
42724448
42097403
16951863
21408133
57526148
6659618
38789493
70376978
16703028
66889818
32218678
17977993
5419738
57519928
35410413
14095073
58344633
63287108
23728883
62852933
34289573
58811388
67261303
73858073
62621178
12344248
7481158
15415938
25686268
24902313
10326018
8669318
47334458
53492493
7046948
71830993
29331643
7779133
19625453
40820018
74204833
30572873
8529928
59019088
21091853
56401028
59639603
73538678
39507753
7354933
50582603
4566458
9423968
3299093
53980158
57149413
23847318
45242603
74444223
74513098
25848973
28300773
28854118
39251433
47924808
10645298
5889238
61257593
43923973
40812318
52601588
72538693
57214313
16493188
4315783
19023868
58930518
1927533
16882233
31260623
42020043
44412843
31255763
40500023
21373658
43284888
20825433
37837943
28655938
33779393
69334323
8161373
65564308
24878118
32514558
48670698
29088983
38376448
9534143
11647838
45883213
73040083
35883218
43061378
27266253
17712668
3526023
59705663
58042863
51784823
40548178
50892278
6074768
71798738
41518383
242388
25130398
2259693
25575533
28784088
32485708
42255468
35813678
22544293
52411173
9538693
44940273
37476278
43546293
43490858
58491348
32730343
19826693
39635798
55687163
67336468
71366038
30512783
19269383
72034598
67527613
4251428
11118363
25645578
4932663
32451548
13259093
50366493
43905083
50266463
54130688
70035668
3268353
38686268
21230018
36714328
70503698
37302448
27845558
12844793
38913138
74993958
48380183
37169698
35718678
66958188
41628463
67097868
55361893
60372773
332918
22730303
39422523
38492908
67181033
25764233
14626933
72391533
6268153
59858463
8047653
66935488
65500318
22764258
66644683
14751223
24731473
65495438
30890193
5231143
49684108
36736823
14067253
52118883
22337593
60789048
42658763
40188253
60209508
17789148
16854693
51584628
62236373
65603858
42668768
48834938
3604738
17887298
72443678
50301323
16915518
4255058
23304913
19514898
59465248
21586183
13701653
43374158
56681898
36569043
8461553
800618
65864868
25958693
21647583
46459203
9660058
65532518
21350238
21390173
6648628
24398178
25549718
35790018
14824843
32857153
50984123
33410108
46451108
4714783
47487063
33245253
22163948
6128053
18102713
71736078
41069368
63995163
60511943
47003593
59286478
46020133
18320433
47551138
66777788
46906513
45367678
61050478
6627908
5044603
45276343
27532863
63543328
12730718
48056103
27688053
34306483
61742953
20801458
70423008
46147473
56644493
57448653
47443378
43049658
38278323
42188063
70977263
26794528
53977733
44442823
70594438
34318443
12664168
22483228
6009413
60929313
42838518
25433963
16859163
40774418
3034523
69320013
12145443
48384958
5986793
59282718
51967103
24741818
73652428
32118858
45770193
73655673
41722468
66011048
34418623
30915238
13806443
57984908
60420158
29985003
26585738
15786318
9218
29250553
13164723
55629783
28066648
62998223
31780388
52056883
21939048
47456698
29548738
28658178
4190943
73948978
60553038
60424508
13821848
44877308
3921428
47735708
60838988
25816833
63347953
49671258
2697223
59244858
36295273
5740263
48519468
55930178
34186608
47329813
6198838
46313683
6993978
52663568
22430478
44545873
44924303
68859258
8531673
15661748
36856558
66870483
74805293
44123873
49223203
24803493
9568593
31241658
236448
45276288
36746323
31505768
7936803
42280023
16334738
18284743
22073198
60610538
47646543
22127763
19540168
26944308
21731478
52507023
36142678
39488598
34596288
53133448
27844033
46171743
43662138
52558453
33390528
4154543
4206563
27804138
14418333
15329663
61414188
34128863
7781663
54211113
65729258
66852873
25573658
39475123
57365628
56107473
39993183
71669428
1372993
54165868
44418233
31207198
17859753
60968323
17001623
61493148
73253078
24649793
15712868
38293678
50286873
25183003
42184648
41263483
45087063
45230238
25093068
46999273
11822998
69571953
58350508
8015248
1674038
2900933
3155353
18044993
19566053
55729748
57388178
29091528
64840088
66227123
22126508
38426018
54872333
11978043
40978768
8837693
67484528
18780378
54589433
70786608
24018403
38148668
16224698
65898778
51293773
41401578
70321888
51054918
68360388
34043133
52067463
71227413
38200693
8778048
15991253
21611033
53655763
17131228
20130178
46306453
55445273
70374938
38256968
55295483
34787993
19762853
8335958
42509818
48068958
67855113
45630163
7225068
46682093
57384958
68854143
29271448
28250213
4529443
41927308
14579528
12442118
67952978
72631758
34412458
43160418
41305493
1623773
65549578
1172598
13138398
45871698
4192698
56074263
53379553
64734918
71588753
34532813
63948758
16504573
15352973
5245188
43347068
32564568
5819703
36857528
60105003
7351948
55113193
46079768
11320033
64600873
136748
57599878
57868348
32978353
34766078
31287533
19401048
28952553
29626543
8409083
37719573
28961483
54972888
21495078
11745403
56971668
54767738
21290558
46734193
12532813
8922673
2800018
60565088
51108683
34340843
63968078
23441348
66488603
35655143
59313293
56783253
18082703
74163013
71715158
10053178
67591433
43589268
71387743
11618998
52123463
28857978
35199263
32754508
24732693
21439928
24852883
35999258
47199918
30602048
9052048
9590178
58002963
53395213
19995373
46392853
21669093
44413618
47997643
64203418
8787433
6061728
68679318
5722778
61125043
30205698
70689298
25983023
61417213
40236408
56855693
22067393
48437108
46355238
47680558
24759168
46273338
11152773
18464968
57219658
50034113
74170368
68103753
37588643
3202183
42128873
11107613
48702428
7757388
56669723
20561958
8031408
37416298
52204953
57434078
11894608
19009418
4699193
72716373
74657688
57752468
57737878
24047568
48013328
24291263
56750998
13191013
48583973
67905508
9008478
48439423
24822978
30433668
39185928
63476708
32342868
32728428
32265403
61647483
32711883
32810648
46030023
1339918
46544113
44173398
37179853
19195548
22518568
43001068
67072158
67811483
55150658
54578788
10654073
32261658
36038923
40400723
65722183
19454503
2500488
648273
39152188
45572843
37506303
50525078
62345403
59017178
13364943
15137693
46463398
41113498
10965598
6091648
74895998
14919578
49300843
12120413
24524873
36385453
64185678
49965593
22103458
67620288
70493253
56878938
7863433
17704258
14666763
9535283
54999653
15894623
41866733
62544933
36427943
61433958
74645333
54618273
52822088
28950773
5545098
47692033
2587788
24844228
1875198
37361833
28362613
9808378
35646218
37336943
40206423
20618198
58538283
60626938
4798683
59240083
57355898
25692713
62577443
16556318
20304363
32426298
13864568
71147603
4176408
66621588
40308813
56618153
9130698
793203
28019258
74959828
66516178
25583763
27683838
60591193
15044198
18927453
31306393
40753713
13601993
51049963
50554453
36897448
64639173
74313628
71093918
57371438
40627618
17589798
22566738
74331948
3449443
31236503
20223698
45861268
3835223
38304303
42195383
14136043
38987953
56077788
74811503
57968008
74112203
55082528
69804588
29695613
9454398
41422288
3717943
19650398
61364953
38002988
41140463
5569843
13863258
26745708
11011648
59045498
37631418
73695518
58482633
69315038
68558538
74540498
56112173
11639338
37696578
69352723
43872278
45595358
66901223
65969243
61350583
54337358
72787223
50149238
66693938
68640213
63171283
38416958
29444468
35870243
34865658
41566328
74152448
17471028
34447138
9604998
67181473
35485683
39699278
15669943
53376403
69625888
43870858
34037433
58635338
5027288
58597848
59574523
49351948
67032078
28888273
63530718
58062913
23777073
62361553
11168443
58076178
4485158
11915733
61090028
34713313
43181978
74072398
19771533
25718633
49934068
63530878
73243923
69285288
35898383
11739208
39227103
18492453
47610793
60686823
5696303
32792178
68172133
18247763
72307813
6472943
8834398
48238863
5046713
7366438
61008718
21756493
8876498
5844368
19093128
25137428
8920788
46096228
26823523
6675678
18361818
44665158
8323988
4338938
23841058
32728713
211133
11175388
62591168
50354638
61376213
57545168
44652633
12494898
20059828
68022533
34898148
47278093
41652908
69901153
7117188
57095683
22900583
52151428
26178403
55281373
52712468
73825878
27183723
39614383
42403088
65692693
65416568
64019348
74489053
