1000 200000000
27125998
62115277
56457729
34655923
26552295
26471240
4141816
32035188
5935868
16481104
29988338
12743201
22904625
20719871
30905852
58417232
16648492
50733153
43354821
16596713
53755120
23241000
31823431
19505788
37800610
12013810
35807112
28761138
58538834
15212681
20393688
52207106
19420209
62149779
53550357
10828756
29772421
38711416
43659060
40370372
31485756
629476
55452205
8292677
55100685
35393530
3511264
54833743
5710344
44749500
47570565
8600686
31074085
27658725
25946274
43695759
42980421
17857310
18176382
34923866
14644984
9701643
21904730
28769718
41361947
52114286
44202447
51506731
3266500
10550387
10889882
4129661
46007276
8385562
38628970
40301602
37583393
1488308
53682762
51764586
64507888
22270888
40418979
35248320
48955988
55558532
9077721
41753923
42562419
7903236
30406470
942360
51451494
37714459
1053016
4894308
9697041
52989927
24821657
1375221
10272876
31431741
17038180
31742025
57366429
11147477
28077481
23040423
46769102
33486742
50808111
29044083
57203201
14855974
63180523
27570923
18945813
21032612
48806670
12946157
56842412
27945921
55544453
57692417
35442176
41060594
52519054
55704639
21245864
63089978
52545977
48321107
31289833
2735723
3717509
2010271
11902023
34452447
57311023
8117073
56372475
56381146
40405407
17932606
13480756
55241501
621858
26640305
14569740
23542015
2263849
44202096
41394083
37312941
52825737
4783171
23890155
31621008
38486477
5891408
37115068
58619798
33801394
16861536
58305666
62365930
13803780
3736684
41821588
49863492
26242869
29708955
61552000
25370283
36137299
2083006
31840513
40106420
30975233
32518060
2979681
17411631
17998464
18622490
54137736
58189121
3452894
13180885
13213242
11832681
60040048
1588577
34785390
19398915
5302066
49795489
2806430
2532650
4773642
11938748
37059818
16376298
46090684
22430164
56943032
15221534
5905019
49554196
18879019
55347217
14339120
59237220
14714014
9881628
35150092
19160742
24841313
23437885
17646255
48905626
57638935
12729694
52692201
43058213
7149756
58906773
39722777
20328922
36290504
20511013
26225059
56802749
54523537
21270200
75195
40435112
42137566
48114667
62971327
53242348
16994097
13686988
47780723
2509887
48310733
34653479
8659459
44605798
15271597
40643099
31999425
58278275
2873263
14862851
38385168
1556987
4559896
7765995
5393781
5252146
1491597
9193304
8095935
38468303
23819734
6622216
56147354
37386781
9747845
15527450
14659687
49457164
41245259
54205115
15733773
7060004
56928329
47112471
5249702
44948088
2154493
23369986
7737044
22998758
64823606
3694655
18920138
3477412
58584282
32856892
33093999
7801173
41207143
26447996
30684033
1617606
5900118
38180288
6782649
11173659
32027011
36762261
18716636
28963249
56573533
48757478
10232940
10735299
41807977
35425055
341942
18622282
18912663
63118110
34738551
32404154
45634488
12288708
64940580
11165638
4843530
36313917
12243910
4004068
32984539
35815718
59920357
12630010
34171491
25153235
35974994
36241949
34103605
22364527
7504604
63885227
48948851
49838584
57459314
45934957
9772727
63159268
58353064
37778575
47122741
18005627
13627383
13666643
7972331
57271178
48030843
62331311
13050898
7078867
8983588
60399550
40316682
34663385
4681641
39988029
54553333
33595071
9735053
25644102
24666372
40090716
8076617
49722182
15578189
39578074
54962313
51128782
22592924
58449654
64660352
27742185
10620457
20706832
50182681
10690527
22323135
14596000
24387964
7144868
46860219
3650234
36813195
23229001
38811919
41702170
52806081
12488440
19059342
50657012
34021601
21297630
39064015
59103736
63470761
29277927
47866679
3052286
3062634
16581919
24603530
28707721
60672927
13697323
11128718
42674687
25811477
40857391
49711587
32921216
44225600
58921892
62085663
26346180
63978372
15717666
22594666
50296795
8764811
45207737
38157304
42354822
32353961
59736628
16531427
7824755
46563650
5229045
16882284
58097913
41913433
1305658
13224448
40973897
11714589
24319337
35075706
22818773
39007556
63040435
24721661
64577672
30609114
61494904
29329511
39132889
1067212
26283520
6740152
24799375
1368695
21592990
16349700
15738401
62955870
22537167
28415091
57959229
58428685
56281397
302344
9288425
39916165
25626123
37534838
17126827
4587378
44401672
40069435
47812118
46110990
36552311
63387873
2167961
15118743
45545282
31659631
51356022
30284816
49981974
22041321
40527945
26216635
59189744
12025965
12919572
4106950
3131625
47373199
43322906
2203295
51538906
26222381
21706727
42181623
62498725
45685344
25294350
20191824
615501
27961404
46833673
15526527
13444447
32067311
3801476
61467162
45737357
25693047
50150727
24949005
54510979
61262074
14950159
43303445
871783
53020503
16033592
21450068
5467231
15540853
38998976
64905155
19155451
39204454
55277563
42086489
60800652
36339943
3861146
21274724
45608774
28832963
2475359
52177037
29013988
53070501
982595
49305168
49588035
3116194
26474828
41681266
30477775
42617591
5148614
58211429
53084242
33023526
9973564
25760036
17782638
2122
23924293
34890261
4669577
3725504
32140865
33427722
35100068
59040556
62527520
51292465
34422209
6012360
40579698
62283029
17520233
63378799
52571340
42558974
5355990
61719206
36953101
1302772
62438067
24321742
16479596
22641544
52632219
37533590
64413157
5843880
54668565
9939881
9114173
37138832
63237086
32975738
62369193
31818842
12597601
55750542
26017631
45961477
18187393
28113985
57843230
33544813
19859141
399558
62363850
26980866
31418819
18351934
28682943
46228809
27963952
61762860
3658346
6264768
15077039
2744953
52675379
31344394
29269074
49093827
30592552
15325391
34751655
47623748
17095120
16965380
44223312
8591443
57415218
53568531
52163790
43993797
37462363
55050414
23081100
41789543
27059529
61761326
46989998
38336795
45703492
29861705
45587467
53120642
64833447
49022990
55352885
16936104
19540693
40877606
61440798
34805449
32616093
58616834
15649754
43370889
51118746
30745692
59323514
58195361
9916078
53915969
2575186
27419915
45948360
4597869
37254987
7422795
64782461
63182499
26316748
27847394
24232926
47047107
12544470
38578543
49016386
34254977
34953194
17477684
62647835
62554092
22955715
1556285
2605073
26556091
35303544
28655201
7831242
59157322
5854163
23557173
33522947
61370858
8393063
34677633
57725203
24375939
3135941
23685470
17834183
665746
32826264
28659101
48752174
50320234
48514183
54420460
20528368
63551491
41655357
42101374
63355971
24512231
41880972
13360272
59096131
19882762
61331780
17624974
21890716
52372843
13667345
64974926
14351847
2908779
6861442
58888625
47216016
44454140
49205705
64747985
5926690
27341616
59124029
15133446
53383489
35152874
53833497
37782735
23101341
62008027
16570297
23871682
12805419
35743698
34426382
14054823
63601333
8612477
37244587
25797307
10609732
10627724
20615169
12946430
20072042
15430834
35450600
50576997
8817799
39095735
3677716
63663902
61597084
52436920
2202866
42348114
23916662
22992739
20268823
40000119
14969893
36554222
16703521
16930644
12072440
44384018
50804913
39471903
55804492
38696687
20423432
28322336
36479381
22801509
21197777
39812373
5315989
7721483
15756887
18218827
37750144
45244449
56239797
21442073
5031900
44468037
45025776
61138171
16687843
23864688
50217508
45460470
45711526
59422899
24364876
37565817
64574331
21392075
16656006
18109393
25648470
29848380
52927488
54970009
60924646
28376416
27413311
15961650
46990986
2260885
28474813
531508
6651791
49394634
39548616
40135592
254517
14051937
26409269
38567935
31926768
30702038
11069074
28005539
122554
61961435
856079
11626813
52060414
46863118
5138487
59653220
2572508
2199733
41535198
55549042
30081951
55389857
10436988
21477550
7208841
13700586
48543277
20310059
54675988
61669676
47464615
59302740
61206213
2610091
43869114
22850116
38683349
30311050
21716074
34211882
19606486
23817797
47485324
51248486
39866167
16464685
62699523
12935172
40188918
27605282
59114851
42791908
27577579
62014644
61122012
17712685
61187025
23348562
38258223
18891993
1834004
6113344
19727295
47424666
22375343
28143924
24569756
63653385
12385818
30501383
29083395
29849784
64300369
23203469
34245058
47885399
40690861
55838838
44152046
27034010
63719594
61888284
17200303
3725101
2613471
23437755
21526456
41412374
4591525
50201401
46948931
1500164
27767327
33307589
42436787
9047574
8747911
792561
46951583
14641188
34425303
55832507
52418187
52548850
52410959
34959538
58525340
11687822
62222982
60450939
60511779
53141533
61354712
12395100
35294340
35428123
24498464
17184079
29015301
36318909
56048684
26091887
63250762
54810265
8244291
11164065
62877337
17649544
54620491
40443224
31331901
22778343
6129178
24459932
20946422
64366240
63774792
12627852
51093864
32389373
31912312
16087308
13626187
18336022
8532852
39613473
12632636
53934819
51997806
56760174
19245788
63479861
50361847
1667383
50031010
35147076
36781618
2393706
527465
51633559
55004355
53091756
14175658
42050154
8700006
39539516
5720341
20555902
24582158
57258841
59600882
