1000 200000000
35028950
65145918
31429032
4871739
39733734
14216963
55883406
30333406
17000247
53110223
10639914
33748685
19527065
19201621
40289275
18989458
68060263
68416213
51227692
63904853
58780251
62309917
52646550
22446415
69422743
68742098
47971705
14225118
53348447
7402876
63612421
40657377
68593250
32618374
42900464
60960023
36664885
65479517
44426380
43430833
56636046
42524487
56604266
12817761
11954150
53371491
44432841
51246179
25652590
18204800
57102491
20260924
46161680
39714281
20051841
27081801
57103695
68419909
6139558
37795770
18390650
54249361
31343093
65300457
69862427
61345912
35146928
35013844
23274907
35097480
43891524
37282068
29110870
24271476
15866331
11312768
46392337
24573043
58950988
35205322
1354449
11235803
8929555
13765099
39268087
17839547
67499689
42679005
23626097
35262834
62458674
52769071
57314241
57934294
51551288
28708202
26535703
18391532
48297436
48791237
58520957
43929702
69314726
38674998
7416113
21462152
33481670
10985546
64163741
54599039
54702898
19322511
58585112
49167312
44273507
36560529
58926173
34955408
26013510
48593718
23245577
21204762
61444024
65346769
8283294
33581588
25584277
11610135
2207574
58697336
7743160
35191266
69222494
50848607
66343338
46634152
62356523
4829480
50387594
51832338
27013782
58082204
43008369
49343740
59325509
14132508
46002409
64452106
29758846
29413256
286795
8093923
43517892
39359675
39887006
52256825
60675375
37918025
50933258
49726514
39221012
37394089
42630124
12450996
53787557
61563136
68151193
64112410
60421331
44529721
53243930
38161730
63282378
13307481
47972972
49928254
29599547
62533896
66055960
46257909
47131376
32067761
30840374
49344881
54375284
55604666
55066422
51427654
40013076
68029533
28876622
2757592
62992816
66742779
59814473
17287282
41290583
34856190
48206394
45394137
51123007
13648864
65092270
53135360
12788340
4871277
56344160
51930275
2911697
528225
3524911
217390
6150016
19016863
31978315
20988784
49324322
29736824
3923211
53618640
66478753
58769765
64278639
16435312
3979099
29164504
45943105
30482520
16900112
24445895
27682345
41717744
33261107
9639880
50642660
50413935
61725571
2746497
37164923
20169623
11651050
34237040
39247444
52840513
45021639
31778066
48681323
5909545
2037152
67101585
40354599
13364727
47714427
21116674
63770040
24474224
38861702
35231320
37908659
49695812
37581969
37960837
49740164
23736123
40516887
44169676
63527665
32093794
66489904
22141348
53405385
16938843
47245469
35122134
68774319
13358315
53467776
55672797
32616890
46557859
7628962
67397503
5833126
7941050
50771551
22047275
27113651
43254860
66647334
67750485
30886378
49659405
64810639
62932378
45120080
31495574
45950245
51770885
68853272
23444132
50758846
18922461
53883716
47080962
31611662
41839208
30501658
41482502
12477064
19616140
33184744
62925245
22441403
48447677
41737589
30342100
41586886
54655074
23086663
68791483
7627142
65767609
54095942
13539979
23081665
46795348
45302787
56194395
17244120
50694565
4365331
57387307
68634284
35708440
8978632
57347631
18859349
68347466
51705141
39235089
23221826
20982617
63568769
19775460
22582411
50776703
38049723
23485530
24571685
41147902
30751376
15990189
25183527
8477558
60860154
38984230
42571716
39915839
58554501
12381969
49634870
27588713
37202002
42579780
54856821
26917602
35863210
51188989
26547750
45938849
11385757
31650211
41084951
4728253
61409199
49623306
59083715
6398670
2806466
52115089
9834648
5807135
11081355
41644930
25674507
46351856
49238411
68686637
39413652
67993952
14474696
53538182
20728860
62966125
9939207
57480162
21274769
46208321
51843230
1629010
60783693
38664729
49229682
4709612
36092271
28302202
50099040
49736398
58498487
43945536
68699097
31418252
3577222
64083136
4413820
13482880
56460402
3002585
47267456
54286181
55017065
31614378
48368920
2445147
16643471
36822735
63143169
56139473
39648628
53795824
37670869
55201095
2585714
48656207
16667278
36721704
39021575
67414835
25387556
4955158
35420642
35662996
17308086
782836
56856175
46927396
47197687
34289183
20730575
43899952
25584011
26283381
5612108
65709313
26206934
15945886
12365085
60720189
15681636
64339056
18178284
36428201
62473969
22023405
51929316
44370996
50481177
47178521
14651775
18202714
63640680
27020208
43597090
18187363
25247171
29296706
9829762
28338329
3697769
47293923
66887301
58079005
25066781
43879043
35326310
12617554
44653768
69265152
14406432
7743426
13191491
68821604
31459993
464630
33999495
34426684
4012132
50758391
44408754
23551617
38145840
62069334
15365425
60616414
43481618
47041489
46876828
17027456
65272548
10999490
3253395
42181060
27415225
57206861
12720783
65604726
21778965
44981270
3906509
41828421
61565208
56912987
52848486
7780946
37994997
67339515
18049057
17784408
62328467
25641348
7589279
47203875
8946376
68893816
22525676
46850949
32124237
35173794
55839089
34901102
62438612
17765452
57568005
60303738
33240107
56906253
22275531
15981978
1406018
4870108
68146328
20770433
41064679
57897775
31971756
31546926
15040667
43898944
45837888
36865785
63338287
21970884
5122899
6888495
58851602
47471877
64566171
63896733
50491243
42274937
17450053
40540106
68419314
39845097
45660725
40361424
41836296
44526837
55361241
47162771
198483
66007891
23178524
64844701
48787541
36633259
55045478
39605088
42214884
20454516
1175781
32775244
10073054
69397795
58546206
50082527
9542006
67755868
4403628
27836177
55525125
31582850
55578241
16612888
2496590
57191643
22712044
35428762
18104245
65550595
37845540
12677712
53356217
24703572
41524502
60254584
19070000
6535212
37945948
28716791
7945390
6409534
68848652
39477681
51541397
38058767
23241174
39648306
48827385
9548516
515373
38645381
1310307
29273095
39662131
8065202
64553270
43149181
37828957
45499123
2548264
52546800
24968690
18857221
5876799
27091699
42523129
44832527
54303149
26541758
63428734
65699590
60764814
11237511
3107879
57302712
16390883
61938595
67970411
63574565
29944346
58706198
65356828
25755567
20454656
41459759
64389232
53386170
38282088
62402268
24596612
18184101
39155002
49092762
59344297
5327397
68087199
3736969
43810317
7320948
34139719
64192952
55438192
3534893
68711277
34735293
27546300
29575775
58104387
31056471
65401495
41107715
36137554
53320860
69379476
30497507
49684885
16386970
34704850
55747228
1880758
31622799
64354393
21796227
45243371
49456629
12418005
4372828
60619466
16082722
8152667
5294091
21871890
10475729
55308489
60505611
48413384
22109085
46951364
6412026
10385618
43489458
59141241
1445001
9239942
15401286
26455595
41725080
38060594
32861344
68482629
45285490
50287928
2554781
25529768
24387893
32463184
62832999
60453741
46770967
33440132
47853496
15265605
32237462
26326235
27247092
16746399
41896391
9131120
54726411
55615810
39789069
63921632
59988318
4952617
63563176
17448548
63108372
49821322
47132958
47027678
37470424
69937243
28391984
13273349
1432093
6916257
65231143
18399561
58892615
3606475
10502889
24904129
18548997
18094571
51135432
41317078
2205383
8643633
15884895
17222546
57485020
60716990
9299736
11712636
9971190
39256061
10039209
56770040
4084323
29003623
55122709
54709268
55084524
59680472
32864592
50147571
21766421
45671393
23339349
37122650
27883840
11286385
62292613
66502672
40436044
22138065
14533741
52949517
34368234
201857
263394
1620897
11554422
14494912
50669197
24403447
20482565
43783297
30892832
34753794
65130175
60441750
5857080
49889628
48874649
36744433
27555624
21608998
32299083
640372
26085939
34410507
56542239
66677007
21691227
41757602
43966109
53347894
54166397
12108430
9052307
56698010
50147249
16381790
54520800
26174062
34453767
8499496
25687373
3668803
39473880
10696943
47453726
25458144
41613759
7673181
49164540
4620334
43058440
6396773
691059
66380361
20609636
2761267
12818286
36663233
67619809
46449184
1321381
31025608
479414
65936225
3145805
29797220
39958308
50511249
59288269
3861618
63792839
39051696
17223785
42440011
20579298
50409049
61206990
60611283
31660977
30074735
54796327
63458785
60977033
387511
31077667
17451579
51029445
63422133
52331074
15612693
25169961
41569351
37602311
11716710
34277423
69460662
19838719
15804087
35982560
13097929
44943120
61894005
36093419
1168858
55624056
56290393
52350842
39431019
22903935
7636186
26565453
42553005
51798738
17638920
31236665
65912348
53454707
3310753
62705067
45858300
28221975
54437584
4923483
56235177
17559526
5060592
44492544
11289563
33361977
51328247
14209767
59730816
32615882
39089874
32739691
60622189
21405375
62846222
702728
21446213
23950960
4544041
38966464
25158677
39279749
33457548
14905308
11474104
26607971
52887483
51762863
46786346
11449814
59322982
64431407
14990281
59029017
57413634
48112853
44141802
68853321
11059004
25439377
29827810
13012802
3136978
48446032
5159166
32896624
49524466
64876705
69151633
43212986
46444536
54284991
19808759
40610505
39811021
42873766
15797395
23608471
24236084
12055090
49273194
11045823
60021183
19859026
42463587
1293451
57007151
17743759
